[137]
[137]
[133, 135]
[0, 13]
[140]
[5, 6, 7]
[5, 6, 7]
[5, 6, 7]
[5, 6, 7]
[5, 6, 7]
[5, 6, 7]
[8, 118]
[9, 10, 109, 110, 119, 120]
[9, 10, 109, 110, 119, 120]
[11, 12, 121, 122]
[11, 12, 121, 122]
[13]
[14, 17]
[15]
[16]
[14, 17]
[18, 19, 50, 51]
[18, 19, 50, 51]
[]
[21, 22, 23, 24, 46, 47, 53, 54, 55, 56, 78, 79, 96, 97]
[21, 22, 23, 24, 46, 47, 53, 54, 55, 56, 78, 79, 96, 97]
[23, 24, 46, 47, 55, 56, 78, 79, 96, 97]
[23, 24, 46, 47, 55, 56, 78, 79, 96, 97]
[126, 141]
[146, 157, 158, 159]
[126, 141]
[146, 157, 158, 159]
[126, 141]
[146, 157, 158, 159]
[146, 157, 158, 159]
[37, 38, 69, 70]
[37, 38, 69, 70]
[126, 141]
[146, 157, 158, 159]
[146, 157, 158, 159]
[37, 38, 69, 70]
[37, 38, 69, 70]
[42, 74]
[37, 38, 69, 70]
[37, 38, 69, 70]
[126, 141]
[146, 157, 158, 159]
[29, 61]
[146, 157, 158, 159]
[146, 157, 158, 159]
[23, 24, 46, 47, 55, 56, 78, 79, 96, 97]
[23, 24, 46, 47, 55, 56, 78, 79, 96, 97]
[126, 141]
[126, 141]
[18, 19, 50, 51]
[18, 19, 50, 51]
[]
[21, 22, 23, 24, 46, 47, 53, 54, 55, 56, 78, 79, 96, 97]
[21, 22, 23, 24, 46, 47, 53, 54, 55, 56, 78, 79, 96, 97]
[23, 24, 46, 47, 55, 56, 78, 79, 96, 97]
[23, 24, 46, 47, 55, 56, 78, 79, 96, 97]
[126, 141]
[146, 157, 158, 159]
[126, 141]
[146, 157, 158, 159]
[126, 141]
[146, 157, 158, 159]
[146, 157, 158, 159]
[37, 38, 69, 70]
[37, 38, 69, 70]
[126, 141]
[146, 157, 158, 159]
[146, 157, 158, 159]
[37, 38, 69, 70]
[37, 38, 69, 70]
[42, 74]
[37, 38, 69, 70]
[37, 38, 69, 70]
[126, 141]
[146, 157, 158, 159]
[29, 61]
[146, 157, 158, 159]
[146, 157, 158, 159]
[23, 24, 46, 47, 55, 56, 78, 79, 96, 97]
[23, 24, 46, 47, 55, 56, 78, 79, 96, 97]
[126, 141]
[126, 141]
[82]
[83]
[84]
[85]
[90, 91]
[90, 91]
[143, 144, 153, 154]
[143, 144, 153, 154]
[86, 87]
[86, 87]
[]
[166]
[126, 141]
[126, 141]
[166]
[95]
[95]
[32, 33, 64, 65]
[32, 33, 64, 65]
[3, 4]
[]
[21, 22, 53, 54]
[21, 22, 53, 54]
[126, 141]
[146, 157, 158, 159]
[107]
[108]
[9, 10, 109, 110, 119, 120]
[9, 10, 109, 110, 119, 120]
[111]
[112, 113]
[112, 113]
[114, 115]
[114, 115]
[116]
[117]
[8, 118]
[9, 10, 109, 110, 119, 120]
[9, 10, 109, 110, 119, 120]
[11, 12, 121, 122]
[11, 12, 121, 122]
[123, 124]
[123, 124]
[125]
[126]
[127]
[128]
[129]
[130]
[131]
[132]
[133, 135]
[134]
[133, 135]
[136]
[137]
[138, 139]
[138, 139]
[140]
[141]
[142]
[143, 144, 153, 154]
[143, 144, 153, 154]
[]
[146, 157, 158, 159]
[147, 150, 156, 162]
[148, 149]
[148, 149]
[147, 150, 156, 162]
[151, 152]
[151, 152]
[143, 144, 153, 154]
[143, 144, 153, 154]
[]
[147, 150, 156, 162]
[146, 157, 158, 159]
[146, 157, 158, 159]
[146, 157, 158, 159]
[160, 161]
[160, 161]
[147, 150, 156, 162]
[137]
[137]
[133, 135]
[137]
[137]
[133, 135]
