[6]
[149]
[20, 55, 137, 144]
[2, 3]
[2, 3]
[4, 5]
[4, 5]
[4, 5]
[88]
[101]
[101]
[100, 102]
[100, 102]
[6]
[9]
[7]
[8]
[9]
[113, 114]
[113, 114]
[]
[22, 57]
[22, 57]
[13, 14, 15, 16, 28, 29, 48, 49, 50, 51, 63, 64, 89, 90]
[13, 14, 15, 16, 28, 29, 48, 49, 50, 51, 63, 64, 89, 90]
[149]
[20, 55, 137, 144]
[149]
[20, 55, 137, 144]
[149]
[20, 55, 137, 144]
[20, 55, 137, 144]
[34, 69]
[34, 69]
[149]
[20, 55, 137, 144]
[20, 55, 137, 144]
[66]
[66]
[149]
[20, 55, 137, 144]
[149]
[20, 55, 137, 144]
[149]
[20, 55, 137, 144]
[20, 55, 137, 144]
[13, 14, 15, 16, 28, 29, 48, 49, 50, 51, 63, 64, 89, 90]
[13, 14, 15, 16, 28, 29, 48, 49, 50, 51, 63, 64, 89, 90]
[149]
[149]
[113, 114]
[113, 114]
[]
[22, 57]
[22, 57]
[13, 14, 15, 16, 28, 29, 48, 49, 50, 51, 63, 64, 89, 90]
[13, 14, 15, 16, 28, 29, 48, 49, 50, 51, 63, 64, 89, 90]
[149]
[20, 55, 137, 144]
[149]
[20, 55, 137, 144]
[149]
[20, 55, 137, 144]
[20, 55, 137, 144]
[34, 69]
[34, 69]
[149]
[20, 55, 137, 144]
[20, 55, 137, 144]
[66]
[66]
[149]
[20, 55, 137, 144]
[149]
[20, 55, 137, 144]
[149]
[20, 55, 137, 144]
[20, 55, 137, 144]
[13, 14, 15, 16, 28, 29, 48, 49, 50, 51, 63, 64, 89, 90]
[13, 14, 15, 16, 28, 29, 48, 49, 50, 51, 63, 64, 89, 90]
[149]
[149]
[80]
[82]
[81]
[81]
[127, 128]
[127, 128]
[10, 11, 45, 46, 83, 84, 127, 128, 132, 133, 141, 142]
[10, 11, 45, 46, 83, 84, 127, 128, 132, 133, 141, 142]
[10, 11, 45, 46, 83, 84, 127, 128, 132, 133, 141, 142]
[10, 11, 45, 46, 83, 84, 127, 128, 132, 133, 141, 142]
[]
[]
[]
[88]
[13, 14, 15, 16, 28, 29, 48, 49, 50, 51, 63, 64, 89, 90]
[13, 14, 15, 16, 28, 29, 48, 49, 50, 51, 63, 64, 89, 90]
[]
[]
[85, 86]
[]
[7]
[13, 14, 15, 16, 28, 29, 48, 49, 50, 51, 63, 64, 89, 90]
[13, 14, 15, 16, 28, 29, 48, 49, 50, 51, 63, 64, 89, 90]
[149]
[20, 55, 137, 144]
[99]
[99]
[101]
[101]
[102]
[103, 104]
[103, 104]
[107, 108]
[107, 108]
[109]
[110, 111]
[88]
[101]
[101]
[100, 102]
[100, 102]
[105, 106]
[105, 106]
[129]
[149]
[20, 55, 137, 144]
[110, 111, 112, 115]
[119]
[121]
[121]
[120, 125]
[120, 125]
[122]
[120, 125]
[126]
[123, 124]
[10, 11, 45, 46, 83, 84, 127, 128, 132, 133, 141, 142]
[10, 11, 45, 46, 83, 84, 127, 128, 132, 133, 141, 142]
[129]
[130]
[131]
[83, 84, 132, 133, 141, 142]
[83, 84, 132, 133, 141, 142]
[]
[20, 55, 137, 144]
[149]
[20, 55, 137, 144]
[20, 55, 137, 144]
[149]
[34, 69]
[34, 69]
[83, 84, 132, 133, 141, 142]
[83, 84, 132, 133, 141, 142]
[]
[149]
[20, 55, 137, 144]
[20, 55, 137, 144]
[20, 55, 137, 144]
[34, 69]
[34, 69]
[149]
[0]
[20, 55, 118, 137, 144]
[116, 117]
[97]
