0.5031026124151314
0.5031026124151314
1.0
0.5031026124151314
0.37997836159100784
0.6926070848344659
0.6926070848344659
0.6111158906162865
0.6111158906162865
0.6111158906162865
0.64212212202634
1.0
1.0000000000000002
1.0000000000000002
1.0000000000000002
1.0000000000000002
1.0000000000000002
0.6392306240536285
0.6694188517266485
0.6029748160380572
0.6392306240536285
1.0000000000000002
1.0000000000000002
0
0.5031026124151314
0.5031026124151314
1.0000000000000002
1.0000000000000002
0.474330706497194
0.5797386715376658
0.474330706497194
0.5797386715376658
0.474330706497194
0.5797386715376658
0.5797386715376658
0.44763175679424744
0.44763175679424744
0.474330706497194
0.5797386715376658
0.5797386715376658
0.6949450440198666
0.6949450440198666
1.0000000000000002
0.44763175679424744
0.5375343813867635
0.474330706497194
0.5797386715376658
1.0000000000000002
0.5797386715376658
0.5797386715376658
1.0000000000000002
1.0000000000000002
0.474330706497194
0.474330706497194
1.0000000000000002
1.0000000000000002
0
0.5031026124151314
0.5031026124151314
1.0000000000000002
1.0000000000000002
0.474330706497194
0.5797386715376658
0.474330706497194
0.5797386715376658
0.474330706497194
0.5797386715376658
0.5797386715376658
0.44763175679424744
0.44763175679424744
0.474330706497194
0.5797386715376658
0.5797386715376658
0.6949450440198666
0.6949450440198666
1.0000000000000002
0.44763175679424744
0.5375343813867635
0.474330706497194
0.5797386715376658
1.0000000000000002
0.5797386715376658
0.5797386715376658
1.0000000000000002
1.0000000000000002
0.474330706497194
0.474330706497194
1.0
1.0000000000000002
1.0000000000000002
1.0000000000000002
0.7092972666062739
0.7092972666062739
0.7092972666062739
0.7092972666062739
0.7092972666062739
0.7092972666062739
0
0.44943641652398214
0.3108907746813972
0.3108907746813972
0.44943641652398214
0.4316134189707515
0.4316134189707515
0.24129913647238907
0.24129913647238907
0.5383508031224612
0
0.5795885271719546
0.5795885271719546
0.5803329846765686
0.7092972666062738
1.0000000000000002
1.0000000000000002
1.0000000000000002
1.0000000000000002
1.0000000000000002
1.0000000000000002
1.0000000000000002
1.0000000000000002
1.0000000000000002
1.0000000000000002
1.0000000000000002
1.0
1.0000000000000002
1.0000000000000002
1.0000000000000002
1.0000000000000002
1.0000000000000002
1.0000000000000002
1.0000000000000002
1.0000000000000002
1.0000000000000002
1.0
1.0
1.0000000000000002
1.0000000000000002
1.0000000000000002
1.0
1.0000000000000002
1.0
1.0000000000000002
1.0000000000000002
1.0000000000000002
1.0000000000000002
1.0
1.0000000000000002
1.0000000000000002
1.0000000000000002
1.0000000000000002
0
1.0
1.0000000000000002
1.0000000000000002
1.0000000000000002
1.0000000000000002
1.0000000000000002
1.0000000000000002
1.0000000000000002
1.0000000000000002
0
1.0000000000000002
1.0
1.0
1.0
1.0000000000000002
1.0000000000000002
1.0000000000000002
0.5031026124151314
0.5031026124151314
1.0
0.5031026124151314
0.5031026124151314
1.0
