0.5031026124151314
0.2692132253319451
0.4494364165239821
0.5700588161098613
0.5700588161098613
0.5393021675358008
0.5393021675358008
0.5393021675358008
0.29121941856368966
0.4112070550676187
0.4112070550676187
0.33609692727625756
0.33609692727625756
1.0000000000000002
0.6392306240536285
0.6694188517266485
1.0
0.6392306240536285
0.7092972666062739
0.7092972666062739
0
0.7092972666062739
0.7092972666062739
1.0000000000000002
1.0000000000000002
0.41120705506761873
0.5797386715376658
0.41120705506761873
0.5797386715376658
0.41120705506761873
0.5797386715376658
0.5797386715376658
0.5688843650759775
0.5688843650759775
0.41120705506761873
0.5797386715376658
0.5797386715376658
0.7214502669348102
0.7214502669348102
0.41120705506761873
0.5797386715376658
0.41120705506761873
0.5797386715376658
0.41120705506761873
0.5797386715376658
0.5797386715376658
1.0000000000000002
1.0000000000000002
0.41120705506761873
0.41120705506761873
0.7092972666062739
0.7092972666062739
0
0.7092972666062739
0.7092972666062739
1.0000000000000002
1.0000000000000002
0.41120705506761873
0.5797386715376658
0.41120705506761873
0.5797386715376658
0.41120705506761873
0.5797386715376658
0.5797386715376658
0.5688843650759775
0.5688843650759775
0.41120705506761873
0.5797386715376658
0.5797386715376658
0.7214502669348102
0.7214502669348102
0.41120705506761873
0.5797386715376658
0.41120705506761873
0.5797386715376658
0.41120705506761873
0.5797386715376658
0.5797386715376658
1.0000000000000002
1.0000000000000002
0.41120705506761873
0.41120705506761873
1.0
1.0000000000000002
0.7092972666062739
1.0000000000000002
1.0000000000000002
1.0000000000000002
0.26055567105626243
0.26055567105626243
0.26055567105626243
0.26055567105626243
0
0
0
0.6694188517266485
1.0000000000000002
1.0000000000000002
0
0
0.4112070550676187
0
0.33517574332792605
0.3994395017823609
0.3994395017823609
0.5031026124151314
0.7092972666062738
1.0000000000000002
0.7092972666062739
0.4112070550676187
0.4112070550676187
1.0000000000000002
1.0000000000000002
1.0000000000000002
1.0000000000000002
1.0000000000000002
1.0000000000000002
1.0000000000000002
0.29121941856368966
0.4112070550676187
0.4112070550676187
0.33609692727625756
0.33609692727625756
0.5031026124151314
0.5031026124151314
0.5797386715376658
0.5803329846765686
0.8181802073667197
0.5797386715376658
0.8200207392821179
0.7092972666062739
1.0000000000000002
0.5797386715376658
1.0
1.0000000000000002
1.0
1.0000000000000002
0.5031026124151314
0.33609692727625756
0.33609692727625756
1.0
0.7474073540060464
1.0000000000000002
1.0000000000000002
1.0000000000000002
0
1.0
0.8032002037467096
0.44943641652398214
0.44943641652398214
0.8032002037467096
0.6149017890466745
0.6149017890466745
1.0000000000000002
1.0000000000000002
0
0.8032002037467096
1.0
1.0
1.0
0.6149017890466745
0.6149017890466745
0.8032002037467096
0.22576484600261607
0.3032160644503863
0.4552018457650676
0.5697077090551435
