[[0.98200023]]
[[0.9842007]]
[[0.981428]]
[[0.9812574]]
[[0.9755083]]
[[0.9815688]]
[[0.98165685]]
[[0.9756434]]
[[0.9999976]]
[[0.9999976]]
[[0.99999595]]
[[1.0000002]]
[[0.99999547]]
[[0.9988297]]
[[0.99622536]]
[[0.9985647]]
[[0.99620056]]
[[0.99888396]]
[[0.99476653]]
[[0.999003]]
[[0.99541956]]
[[0.9990893]]
[[0.99533236]]
[[0.9835799]]
[[0.98311305]]
[[0.9995891]]
[[0.99963385]]
[[0.9833996]]
[[0.9834896]]
[[0.9994756]]
[[0.9996148]]
[[0.98363274]]
[[0.9995493]]
[[0.9819119]]
[[0.98207796]]
[[0.98623055]]
[[0.961456]]
[[0.98884827]]
[[0.9795841]]
[[0.9809824]]
[[0.9637536]]
[[0.97939354]]
[[0.96152]]
[[0.9656505]]
[[0.9909419]]
[[0.96728873]]
[[0.96728873]]
[[0.96821153]]
[[0.9677135]]
[[0.99482965]]
[[0.99518657]]
[[0.9798089]]
[[0.968893]]
[[0.9819694]]
[[0.9692565]]
[[0.98695374]]
[[0.97688925]]
[[0.97688925]]
[[0.98209244]]
[[0.9868821]]
[[0.9766744]]
[[0.9766744]]
[[0.98198605]]
[[0.9967799]]
[[0.9967799]]
[[0.99696326]]
[[0.99696326]]
[[0.9897414]]
[[0.9794091]]
[[0.9788676]]
[[0.9793049]]
[[0.9781356]]
[[0.9785243]]
[[0.9786256]]
[[0.97830546]]
[[0.9773796]]
[[0.97753155]]
[[0.9775081]]
[[0.97817755]]
[[0.97705877]]
[[0.9788724]]
[[0.97851145]]
[[0.9781611]]
[[0.96864367]]
[[0.99154854]]
[[0.98226446]]
[[0.97895575]]
[[0.9780307]]
[[0.9720959]]
[[0.9720959]]
[[0.9991787]]
[[0.9705614]]
[[0.97981966]]
[[0.9798284]]
[[0.97988236]]
[[0.97965455]]
[[0.97978467]]
[[0.97962534]]
[[0.9796369]]
[[0.9799793]]
[[0.9792877]]
[[0.9802386]]
[[0.9796405]]
[[0.9801329]]
[[0.97956157]]
[[0.9789443]]
[[0.97959936]]
[[0.9793457]]
[[0.979499]]
[[0.9788058]]
[[0.9801599]]
[[0.9799499]]
[[0.98004293]]
[[0.9795214]]
[[0.9813528]]
[[0.96981204]]
[[0.9819693]]
[[0.9816915]]
[[0.9695409]]
[[0.98159355]]
[[0.9599846]]
[[0.9599846]]
[[0.9745275]]
[[0.9840251]]
[[0.98461723]]
[[0.9807345]]
[[0.9897695]]
[[0.97149473]]
[[0.9680748]]
[[0.9680748]]
[[0.9679261]]
[[0.9679261]]
[[0.97396505]]
[[0.97450644]]
[[0.9679261]]
[[0.9679261]]
[[0.9680748]]
[[0.9680748]]
[[0.97149473]]
[[0.97149473]]
[[0.9680748]]
[[0.9680748]]
[[0.9679261]]
[[0.9679261]]
[[0.9703364]]
[[0.9678391]]
[[0.9678391]]
[[0.9680934]]
[[0.9680934]]
[[0.9697073]]
[[0.974527]]
[[0.974527]]
[[0.9741049]]
[[0.9741049]]
[[0.9704619]]
[[0.97493213]]
[[0.97493213]]
[[0.97449994]]
[[0.97449994]]
[[0.970075]]
[[0.9701812]]
[[0.97009045]]
[[0.97032785]]
[[0.96993595]]
[[0.9702002]]
[[0.9701944]]
[[0.97018963]]
[[0.9700318]]
[[0.97049624]]
[[0.9703299]]
[[0.97048974]]
[[0.9700985]]
[[0.9703977]]
[[0.9704958]]
[[0.9701224]]
[[0.9679261]]
[[0.9679261]]
[[0.9680748]]
[[0.9680748]]
[[0.97149473]]
[[0.9813528]]
[[0.9697927]]
[[0.9818516]]
[[0.9816915]]
[[0.9695409]]
[[0.98159355]]
[[0.98935384]]
[[0.97959936]]
[[0.9793457]]
[[0.979499]]
[[0.9788058]]
[[0.9801599]]
[[0.9799499]]
[[0.98004293]]
[[0.9795214]]
[[0.989673]]
[[0.98209053]]
[[0.9824889]]
[[0.9684378]]
[[0.9892682]]
[[0.97290367]]
[[0.97290367]]
[[0.9717839]]
[[0.9717839]]
[[0.98864615]]
[[0.9760146]]
[[0.9760146]]
[[0.97607553]]
[[0.97607553]]
[[0.96920025]]
[[0.9991769]]
[[0.9705614]]
[[0.97981966]]
[[0.9798284]]
[[0.97988236]]
[[0.97965455]]
[[0.97978467]]
[[0.97962534]]
[[0.9796369]]
[[0.9799793]]
[[0.9792877]]
[[0.9802386]]
[[0.9796405]]
[[0.9801329]]
[[0.97956157]]
[[0.9789443]]
[[0.97959936]]
[[0.9793457]]
[[0.979499]]
[[0.9788058]]
[[0.9801599]]
[[0.9799499]]
[[0.98004293]]
[[0.9795214]]
[[0.99107397]]
[[0.98048645]]
[[0.96880496]]
[[0.9687181]]
[[0.96881723]]
[[0.9689861]]
[[0.96978056]]
[[0.96901244]]
[[0.9690109]]
[[0.96894306]]
[[0.9689136]]
[[0.96904033]]
[[0.9689239]]
[[0.9693956]]
[[0.9690522]]
[[0.96902835]]
[[0.9789443]]
[[0.97956157]]
[[0.9801329]]
[[0.9796405]]
[[0.9802386]]
[[0.9792877]]
[[0.9799793]]
[[0.9796369]]
[[0.97962534]]
[[0.97978467]]
[[0.97965455]]
[[0.97988236]]
[[0.9798284]]
[[0.97981966]]
[[0.9705614]]
[[0.99584067]]
[[0.98407507]]
[[0.9832825]]
[[0.9854502]]
[[0.9854502]]
[[0.97055763]]
[[0.97055763]]
[[0.98151505]]
[[0.97499907]]
[[0.97499907]]
[[0.97594357]]
[[0.9815673]]
[[0.9742887]]
[[0.9742887]]
[[0.97529596]]
[[0.97468054]]
[[0.97468054]]
[[0.97302413]]
[[0.97302413]]
[[0.9726291]]
[[0.9726291]]
[[0.9817082]]
[[0.9813528]]
[[0.97364867]]
[[0.97930336]]
[[0.9878701]]
[[0.9724554]]
[[0.9724554]]
[[0.9716866]]
[[0.9716866]]
[[0.9720222]]
[[0.9720222]]
[[0.96805537]]
[[0.96805537]]
[[0.9734551]]
[[0.9734551]]
[[0.9734551]]
[[0.9734551]]
[[0.9731148]]
[[0.9731148]]
[[0.96774316]]
[[0.96774316]]
[[0.9734551]]
[[0.9734551]]
[[0.9812738]]
[[0.9746443]]
[[0.9746443]]
[[0.9763654]]
[[0.9813376]]
[[0.9743399]]
[[0.9743399]]
[[0.9761549]]
[[0.9745414]]
[[0.9745414]]
[[0.976842]]
[[0.976842]]
[[0.98244333]]
[[0.97808653]]
[[0.972931]]
[[0.972931]]
[[0.96737695]]
[[0.96737695]]
[[0.97769344]]
[[0.97466445]]
[[0.989426]]
[[0.96946687]]
[[0.96993256]]
[[0.9695171]]
[[0.9694128]]
[[0.9697472]]
[[0.97000414]]
[[0.9696537]]
[[0.9694787]]
[[0.96942925]]
[[0.96952975]]
[[0.969331]]
[[0.9694531]]
[[0.9694159]]
[[0.96945214]]
[[0.9692938]]
[[0.9803781]]
[[0.98763263]]
[[0.9895224]]
[[0.9758527]]
[[0.97587645]]
[[0.9840251]]
[[0.9997306]]
[[0.98176837]]
[[0.9865559]]
[[0.9822825]]
[[0.97161704]]
[[0.97161704]]
[[0.9715309]]
[[0.9715309]]
[[0.9773287]]
[[0.9773287]]
[[0.98222214]]
[[0.9823797]]
[[0.96962684]]
