[[0.9264656]]
[[0.89662945]]
[[0.9298491]]
[[0.9301011]]
[[0.8607455]]
[[0.91251796]]
[[0.9295645]]
[[0.8607455]]
[[1.]]
[[1.]]
[[1.]]
[[1.]]
[[1.]]
[[0.9561101]]
[[0.8783568]]
[[0.93447423]]
[[0.87795097]]
[[0.9361069]]
[[0.88616115]]
[[0.9641616]]
[[0.8859804]]
[[0.9691183]]
[[0.88710487]]
[[0.889683]]
[[0.891714]]
[[1.]]
[[1.]]
[[0.9005653]]
[[0.91097015]]
[[1.]]
[[1.]]
[[0.909099]]
[[1.]]
[[0.8981165]]
[[0.89964557]]
[[1.0000005]]
[[0.83838946]]
[[1.0000005]]
[[0.8460407]]
[[0.86776686]]
[[0.8296063]]
[[0.8524585]]
[[0.84031093]]
[[0.8378938]]
[[1.0000005]]
[[0.87324333]]
[[0.87324333]]
[[0.8316418]]
[[0.8316418]]
[[0.8934316]]
[[0.8976701]]
[[0.89583755]]
[[0.8727]]
[[0.92959476]]
[[0.87474555]]
[[0.8706844]]
[[0.9195993]]
[[0.9195993]]
[[0.8907193]]
[[0.8677145]]
[[0.9195993]]
[[0.9195993]]
[[0.9028317]]
[[0.8985644]]
[[0.8985644]]
[[0.8985644]]
[[0.8985644]]
[[1.0000005]]
[[0.873035]]
[[0.873035]]
[[0.873035]]
[[0.873035]]
[[0.873035]]
[[0.873035]]
[[0.873035]]
[[0.873035]]
[[0.873035]]
[[0.873035]]
[[0.873035]]
[[0.873035]]
[[0.873035]]
[[0.873035]]
[[0.873035]]
[[0.873035]]
[[0.9338501]]
[[0.863517]]
[[0.863517]]
[[1.0000005]]
[[0.88973]]
[[0.88973]]
[[0.97543585]]
[[0.873035]]
[[0.873035]]
[[0.873035]]
[[0.873035]]
[[0.873035]]
[[0.873035]]
[[0.873035]]
[[0.873035]]
[[0.873035]]
[[0.873035]]
[[0.873035]]
[[0.873035]]
[[0.873035]]
[[0.873035]]
[[0.873035]]
[[0.8966881]]
[[0.8966881]]
[[0.8966881]]
[[0.8966881]]
[[0.89045715]]
[[0.89045715]]
[[0.89045715]]
[[0.89045715]]
[[0.92780393]]
[[0.8635633]]
[[0.94385874]]
[[0.90051687]]
[[0.8635633]]
[[0.9215861]]
[[0.8130811]]
[[0.8130811]]
[[0.8607455]]
[[0.89115405]]
[[0.99999994]]
[[0.873035]]
[[1.0000005]]
[[0.87150437]]
[[0.89588207]]
[[0.89588207]]
[[0.8898853]]
[[0.8898853]]
[[0.83987087]]
[[0.83987087]]
[[0.8898853]]
[[0.8898853]]
[[0.89588207]]
[[0.89588207]]
[[0.87150437]]
[[0.87150437]]
[[0.89588207]]
[[0.89588207]]
[[0.8898853]]
[[0.8898853]]
[[0.87150437]]
[[0.89588207]]
[[0.89588207]]
[[0.8898853]]
[[0.8898853]]
[[0.87150437]]
[[0.89588207]]
[[0.89588207]]
[[0.8898853]]
[[0.8898853]]
[[0.87150437]]
[[0.89588207]]
[[0.89588207]]
[[0.8898853]]
[[0.8898853]]
[[0.873035]]
[[0.873035]]
[[0.873035]]
[[0.873035]]
[[0.873035]]
[[0.873035]]
[[0.873035]]
[[0.873035]]
[[0.873035]]
[[0.873035]]
[[0.873035]]
[[0.873035]]
[[0.873035]]
[[0.873035]]
[[0.873035]]
[[0.873035]]
[[0.8898853]]
[[0.8898853]]
[[0.89588207]]
[[0.89588207]]
[[0.87150437]]
[[0.92780393]]
[[0.8635633]]
[[0.932832]]
[[0.90051687]]
[[0.8635633]]
[[0.9215861]]
[[1.0000005]]
[[0.8966881]]
[[0.8966881]]
[[0.8966881]]
[[0.8966881]]
[[0.89045715]]
[[0.89045715]]
[[0.89045715]]
[[0.89045715]]
[[1.0000005]]
[[0.8769269]]
[[0.8769269]]
[[0.873035]]
[[1.0000005]]
[[0.8589141]]
[[0.8589141]]
[[0.8604368]]
[[0.8604368]]
[[1.0000005]]
[[0.88036335]]
[[0.88036335]]
[[0.88036335]]
[[0.88036335]]
[[0.8652855]]
[[0.97543585]]
[[0.873035]]
[[0.873035]]
[[0.873035]]
[[0.873035]]
[[0.873035]]
[[0.873035]]
[[0.873035]]
[[0.873035]]
[[0.873035]]
[[0.873035]]
[[0.873035]]
[[0.873035]]
[[0.873035]]
[[0.873035]]
[[0.873035]]
[[0.8966881]]
[[0.8966881]]
[[0.8966881]]
[[0.8966881]]
[[0.89045715]]
[[0.89045715]]
[[0.89045715]]
[[0.89045715]]
[[1.0000005]]
[[0.87637454]]
[[0.89792126]]
[[0.89403063]]
[[0.8935708]]
[[0.8964592]]
[[0.8982867]]
[[0.8974788]]
[[0.8933958]]
[[0.8987307]]
[[0.8951761]]
[[0.90109205]]
[[0.89691925]]
[[0.8992152]]
[[0.8918246]]
[[0.8926177]]
[[0.873035]]
[[0.873035]]
[[0.873035]]
[[0.873035]]
[[0.873035]]
[[0.873035]]
[[0.873035]]
[[0.873035]]
[[0.873035]]
[[0.873035]]
[[0.873035]]
[[0.873035]]
[[0.873035]]
[[0.873035]]
[[0.873035]]
[[0.89857805]]
[[0.9067594]]
[[0.88575375]]
[[0.8791256]]
[[0.8791256]]
[[0.8657083]]
[[0.8657083]]
[[0.88402784]]
[[0.8778294]]
[[0.8778294]]
[[0.8813795]]
[[0.88402784]]
[[0.8813795]]
[[0.8813795]]
[[0.8851278]]
[[0.8851278]]
[[0.8851278]]
[[0.8572726]]
[[0.8572726]]
[[0.86618793]]
[[0.86618793]]
[[0.91251796]]
[[0.92780393]]
[[0.8623991]]
[[0.95017755]]
[[1.0000005]]
[[0.8657083]]
[[0.8657083]]
[[0.88973]]
[[0.88973]]
[[0.85991657]]
[[0.85991657]]
[[0.8616123]]
[[0.8616123]]
[[0.87732005]]
[[0.87732005]]
[[0.87732005]]
[[0.87732005]]
[[0.8575815]]
[[0.8575815]]
[[0.8592754]]
[[0.8592754]]
[[0.87732005]]
[[0.87732005]]
[[0.87637854]]
[[0.8778294]]
[[0.8778294]]
[[0.8813795]]
[[0.87637854]]
[[0.8813795]]
[[0.8813795]]
[[0.8851278]]
[[0.8851278]]
[[0.8851278]]
[[0.87732005]]
[[0.87732005]]
[[0.8733817]]
[[0.8450743]]
[[0.86049646]]
[[0.86049646]]
[[0.87732005]]
[[0.87732005]]
[[0.87957394]]
[[0.8813288]]
[[1.0000005]]
[[0.8778204]]
[[0.8778204]]
[[0.8778204]]
[[0.8778204]]
[[0.8778204]]
[[0.8778204]]
[[0.8778204]]
[[0.8778204]]
[[0.8778204]]
[[0.8778204]]
[[0.8778204]]
[[0.8778204]]
[[0.8778204]]
[[0.8778204]]
[[0.8778204]]
[[0.87632024]]
[[0.8983588]]
[[0.89504635]]
[[0.84833103]]
[[0.84833103]]
[[0.89115405]]
[[1.0000005]]
[[0.8910464]]
[[0.8910055]]
[[0.8910464]]
[[0.85516316]]
[[0.85516316]]
[[0.8601323]]
[[0.8601323]]
[[0.85207516]]
[[0.85207516]]
[[0.8910464]]
[[0.8910464]]
[[0.873035]]
