[56, 66]
[61]
[81]
[83]
[55, 65]
[81]
[83]
[73]
[47]
[46]
[18]
[19]
[20]
[21]
[22]
[23]
[23]
[26]
[26]
[27]
[28]
[29]
[30]
[31]
[32]
[18]
[20]
[18]
[20]
[21]
[22]
[21]
[22]
[19]
[19]
[74]
[74]
[44]
[74]
[74]
[43, 90]
[90]
[73]
[73]
[45, 50, 90]
[45, 50, 90]
[48]
[49]
[61]
[61]
[47]
[61]
[48, 49]
[61]
[61]
[46]
[48, 49]
[61]
[61]
[47]
[72]
[72]
[72]
[72]
[12, 13, 14, 15, 16, 17, 51, 52, 89]
[12, 13, 14, 15, 16, 17, 18, 51, 52, 89]
[12, 13, 14, 15, 16, 17, 51, 52, 89]
[12, 13, 14, 15, 16, 17, 18, 51, 52, 89]
[12, 13, 14, 15, 16, 17, 18, 51, 52, 89]
[12, 13, 14, 15, 16, 17, 51, 52, 89]
[12, 13, 14, 15, 16, 17, 18, 51, 52, 89]
[12, 13, 14, 15, 16, 17, 18, 51, 52, 89]
[12, 13, 14, 15, 16, 17, 18, 51, 52, 89]
[12, 13, 14, 15, 16, 17, 18, 51, 52, 89]
[12, 13, 14, 15, 16, 17, 51, 52, 89]
[12, 13, 14, 15, 16, 17, 18, 51, 52, 89]
[12, 13, 14, 15, 16, 17, 18, 51, 52, 89]
[12, 13, 14, 15, 16, 17, 18, 51, 52, 89]
[12, 13, 14, 15, 16, 17, 18, 51, 52, 89]
[12, 13, 14, 15, 16, 17, 18, 51, 52, 89]
[50]
[63]
[63]
[78, 79]
[78, 79]
[53, 71]
[18, 21]
[18, 20, 21]
[18, 20, 21]
[18, 20, 21]
[18, 20, 21]
[12, 13, 14, 15, 16, 17, 18, 20, 21, 51, 52, 89]
[18, 20, 21]
[18, 20, 21]
[18, 20, 21]
[18, 20, 21]
[12, 13, 14, 15, 16, 17, 18, 20, 21, 51, 52, 89]
[18, 20, 21]
[18, 20, 21]
[18, 20, 21]
[18, 20, 21]
[12, 13, 14, 15, 16, 17, 51, 52, 89]
[12, 13, 14, 15, 16, 17, 51, 52, 89]
[12, 13, 14, 15, 16, 17, 51, 52, 89]
[12, 13, 14, 15, 16, 17, 51, 52, 89]
[12, 13, 14, 15, 16, 17, 51, 52, 89]
[12, 13, 14, 15, 16, 17, 51, 52, 89]
[12, 13, 14, 15, 16, 17, 51, 52, 89]
[12, 13, 14, 15, 16, 17, 51, 52, 89]
[83]
[55, 65]
[81]
[83]
[58, 68]
[81]
[74]
[74]
[55, 58, 65, 68]
[55, 58, 65, 68]
[59, 69]
[23, 27, 29, 31, 59, 69]
[23, 27, 29, 59, 69]
[23, 27, 29, 59, 69]
[23, 27, 29, 59, 69]
[23, 27, 29, 59, 69]
[73]
[76, 77]
[23, 27, 29, 59, 69]
[23, 27, 29, 59, 69]
[23, 27, 29, 59, 69]
[23, 27, 29, 59, 69]
[23, 27, 29, 31, 59, 69]
[23, 27, 29, 31, 59, 69]
[23, 27, 29, 59, 69]
[23, 27, 29, 59, 69]
[23, 27, 29, 59, 69]
[23, 27, 29, 59, 69]
[23, 29]
[0, 1]
[0, 1]
[0, 1]
[0, 1]
[29]
[29]
[29]
[29]
[29]
[25, 27, 31]
[31]
[31]
[31]
[31]
[19]
[19, 20]
[19, 20]
[19, 20]
[19, 20]
[12, 13, 14, 15, 16, 17, 19, 20, 51, 52, 89]
[19, 20]
[19, 20]
[19, 20]
[19, 20]
[12, 13, 14, 15, 16, 17, 19, 20, 51, 52, 89]
[19, 20]
[19, 20]
[12, 13, 14, 15, 16, 17, 19, 20, 51, 52, 89]
[19, 20]
[12, 13, 14, 15, 16, 17, 19, 20, 51, 52, 89]
[23, 27, 29, 59, 69]
[23, 27, 29, 59, 69]
[23, 27, 29, 59, 69]
[23, 27, 29, 59, 69]
[23, 27, 29, 31, 59, 69]
[83]
[55, 65]
[81]
[83]
[58, 68]
[81]
[12, 13, 14, 15, 16, 17, 51, 52, 89]
[12, 13, 14, 15, 16, 17, 51, 52, 89]
[12, 13, 14, 15, 16, 17, 51, 52, 89]
[12, 13, 14, 15, 16, 17, 51, 52, 89]
[12, 13, 14, 15, 16, 17, 51, 52, 89]
[12, 13, 14, 15, 16, 17, 51, 52, 89]
[12, 13, 14, 15, 16, 17, 51, 52, 89]
[12, 13, 14, 15, 16, 17, 51, 52, 89]
[12, 13, 14, 15, 16, 17, 51, 52, 89]
[59, 69]
[90]
[2]
[73]
[73]
[73]
[73]
[53, 71]
[18, 21]
[18, 20, 21]
[18, 20, 21]
[18, 20, 21]
[18, 20, 21]
[12, 13, 14, 15, 16, 17, 18, 20, 21, 51, 52, 89]
[18, 20, 21]
[18, 20, 21]
[18, 20, 21]
[18, 20, 21]
[12, 13, 14, 15, 16, 17, 18, 20, 21, 51, 52, 89]
[18, 20, 21]
[18, 20, 21]
[18, 20, 21]
[18, 20, 21]
[12, 13, 14, 15, 16, 17, 51, 52, 89]
[12, 13, 14, 15, 16, 17, 51, 52, 89]
[12, 13, 14, 15, 16, 17, 51, 52, 89]
[12, 13, 14, 15, 16, 17, 51, 52, 89]
[12, 13, 14, 15, 16, 17, 51, 52, 89]
[12, 13, 14, 15, 16, 17, 51, 52, 89]
[12, 13, 14, 15, 16, 17, 51, 52, 89]
[12, 13, 14, 15, 16, 17, 51, 52, 89]
[12, 13, 14, 15, 16, 17, 51, 52, 89]
[12, 13, 14, 15, 16, 17, 51, 52, 89]
[12, 13, 14, 15, 16, 17, 51, 52, 89]
[12, 13, 14, 15, 16, 17, 51, 52, 89]
[12, 13, 14, 15, 16, 17, 51, 52, 89]
[12, 13, 14, 15, 16, 17, 51, 52, 89]
[12, 13, 14, 15, 16, 17, 51, 52, 89]
[12, 13, 14, 15, 16, 17, 51, 52, 89]
[12, 13, 14, 15, 16, 17, 51, 52, 89]
[12, 13, 14, 15, 16, 17, 51, 52, 89]
[12, 13, 14, 15, 16, 17, 51, 52, 89]
[12, 13, 14, 15, 16, 17, 51, 52, 89]
[12, 13, 14, 15, 16, 17, 51, 52, 89]
[12, 13, 14, 15, 16, 17, 51, 52, 89]
[12, 13, 14, 15, 16, 17, 51, 52, 89]
[18, 20, 21]
[18, 20, 21]
[18, 20, 21]
[18, 20, 21]
[12, 13, 14, 15, 16, 17, 18, 20, 21, 51, 52, 89]
[18, 20, 21]
[18, 20, 21]
[18, 20, 21]
[18, 20, 21]
[12, 13, 14, 15, 16, 17, 18, 20, 21, 51, 52, 89]
[18, 20, 21]
[18, 20, 21]
[18, 20, 21]
[18, 20, 21]
[18, 21]
[56, 66]
[56, 66]
[56, 66]
[56, 66]
[56, 59, 66, 69]
[61]
[72]
[61]
[55, 58, 65, 68]
[55, 58, 65, 68]
[59, 69]
[78, 79]
[78, 79]
[73]
[73]
[54, 64, 72, 75]
[78, 79]
[78, 79]
[12, 13, 14, 15, 16, 17, 51, 52, 89]
[54, 64]
[78, 79]
[78, 79]
[12, 13, 14, 15, 16, 17, 51, 52, 89]
[78, 79]
[78, 79]
[50, 73]
[50, 73]
[73]
[73]
[73]
[73]
[72, 75, 90]
[72, 75, 90]
[50]
[50]
[73]
[73]
[78, 79]
[78, 79]
[78, 79]
[78, 79]
[43, 44, 50, 73]
[43, 44, 50, 73]
[73]
[73]
[78, 79]
[78, 79]
[72, 75]
[59, 60, 69]
[59, 60, 69]
[12, 13, 14, 15, 16, 17, 51, 52, 89]
[84]
[59, 60, 69]
[59, 60, 69]
[12, 13, 14, 15, 16, 17, 51, 52, 89]
[78, 79]
[78, 79]
[78, 79]
[78, 79]
[90]
[12, 13, 14, 15, 16, 17, 51, 52, 89]
[73]
[73]
[12, 13, 14, 15, 16, 17, 51, 52, 59, 69, 89]
[12, 13, 14, 15, 16, 17, 51, 52, 59, 69, 89]
[74]
[73]
[81]
[83]
[63]
[86]
[73]
[73]
[73]
[73]
[73]
[73]
[50]
[50]
[50]
[50]
[50]
[50]
[50]
[50]
[73]
[12, 13, 14, 15, 16, 17, 51, 52, 89]
[87, 88]
[45, 87, 88]
[90]
[45]
[90]
[73]
[73]
[73]
[73]
[2, 4, 7, 9, 73]
[2, 4, 7, 9, 73]
[59, 69]
[90]
[12, 13, 14, 15, 16, 17, 51, 52, 89]
