1.0
0.4
0.75
1.0
1.0
1.0
0.41666666666666663
0.46153846153846156
0.4545454545454546
0.631578947368421
0.5555555555555556
0.4545454545454546
0.631578947368421
0.5555555555555556
0.7647058823529411
0.4545454545454546
0.8421052631578947
0.4545454545454546
0.23333333333333328
0.44999999999999996
0.375
0.41666666666666663
0.7105263157894737
0.6451612903225806
0.9565217391304348
0.42105263157894735
1.0
0.7213114754098361
0.6885245901639344
1.0
1.0
0.3076923076923077
0.16455696202531644
0.16455696202531644
0.3111111111111111
0.2558139534883721
0.25
0.3936170212765957
0.4642857142857143
0.375
0.40909090909090906
0.46153846153846156
0.47058823529411764
0.4027777777777778
0.4027777777777778
0.27450980392156865
0.2941176470588235
0.2894736842105263
0.4390243902439024
0.2894736842105263
0.41860465116279066
0.49275362318840576
0.65625
0.65625
0.41666666666666663
0.41666666666666663
0.38
0.2948717948717948
0.5
0.3939393939393939
0.40909090909090906
0.5918367346938775
0.6511627906976745
1.0
1.0
1.0
1.0
0.8461538461538461
0.3548387096774194
0.7857142857142857
0.3666666666666667
0.7857142857142857
0.3571428571428571
0.7857142857142857
0.3666666666666667
0.7857142857142857
0.5909090909090908
0.7857142857142857
0.5909090909090908
0.7857142857142857
0.5909090909090908
0.7857142857142857
0.5909090909090908
0.7857142857142857
0.6923076923076923
0.7142857142857143
0.40909090909090906
0.40909090909090906
0.40909090909090906
0.40909090909090906
0.2564102564102564
0.8235294117647058
0.9605263157894737
1.0
0.3285714285714286
0.4285714285714286
0.3132530120481928
0.4117647058823529
0.46153846153846156
0.5294117647058824
0.5416666666666667
0.3846153846153846
0.2702702702702703
0.1333333333333333
0.6666666666666667
1.0
0.4
0.3548387096774194
0.5428571428571429
0.4032258064516129
0.6388888888888888
0.6388888888888888
0.3846153846153846
0.4666666666666667
0.6388888888888888
0.6388888888888888
0.6388888888888888
0.6388888888888888
0.6388888888888888
0.6388888888888888
0.6388888888888888
0.6388888888888888
0.6388888888888888
0.4285714285714286
0.4285714285714286
0.4285714285714286
0.4285714285714286
0.4285714285714286
0.4285714285714286
0.46153846153846156
0.5714285714285714
1.0
0.5294117647058824
1.0
0.4347826086956522
0.6923076923076923
0.6666666666666667
0.2222222222222222
0.29032258064516125
0.6923076923076923
0.7058823529411764
0.5
0.4285714285714286
0.38888888888888884
1.0
1.0
0.37037037037037035
0.953125
1.0
0.36363636363636365
0.38235294117647056
0.3793103448275862
0.36363636363636365
0.3650793650793651
0.36363636363636365
0.375
0.3793103448275862
0.3513513513513513
0.45238095238095233
0.36111111111111116
0.2894736842105263
0.33333333333333337
0.7419354838709677
1.0
0.6166666666666667
0.6176470588235294
0.4285714285714286
1.0
0.4871794871794872
0.3529411764705882
0.375
1.0
1.0
1.0
1.0
0.36363636363636365
0.3142857142857143
0.8484848484848485
0.8181818181818181
0.8484848484848485
0.8181818181818181
0.75
0.75
1.0
1.0
0.75
0.75
0.31818181818181823
1.0
1.0
0.4117647058823529
0.9411764705882353
0.7887323943661972
0.8823529411764706
0.5942028985507246
0.5862068965517242
0.45945945945945943
0.41666666666666663
0.6461538461538461
1.0
1.0
1.0
0.9
0.9
1.0
0.95
0.95
0.26315789473684215
0.2894736842105263
0.41025641025641024
