1.0
1.0
1.0
1.0
1.0
1.0
0.9538461538461538
1.0
0.8
1.0
0.925
0.8
0.9130434782608696
0.975
0.8
0.9347826086956522
0.95
0.8
0.8695652173913043
0.9493670886075949
0.925
0.8
0.8695652173913043
0.6
0.8918918918918919
0.9
0.9473684210526316
0.8823529411764706
0.8823529411764706
0.8695652173913043
0.9310344827586207
0.9626168224299065
0.9626168224299065
0.9615384615384616
0.9615384615384616
0.5833333333333333
0.5833333333333333
0.4347826086956522
0.4347826086956522
0.3913043478260869
0.7
0.8571428571428572
0.8260869565217391
0.9571428571428572
0.9375
0.8775510204081632
0.8775510204081632
0.9591836734693877
0.8260869565217391
0.9285714285714286
0.9591836734693877
0.6216216216216216
0.5757575757575757
0.5757575757575757
0.6216216216216216
0.5660377358490566
0.9318181818181819
0.9318181818181819
0.8181818181818181
0.8333333333333334
0.8333333333333334
0.8409090909090909
0.8409090909090909
0.8409090909090909
0.8409090909090909
1.0
1.0
1.0
1.0
1.0
1.0
1.0
1.0
1.0
1.0
1.0
1.0
1.0
1.0
1.0
1.0
1.0
1.0
1.0
1.0
1.0
1.0
1.0
1.0
1.0
1.0
1.0
1.0
1.0
1.0
1.0
1.0
0.7307692307692308
0.5
0.5
0.5
0.5
0.5
0.7142857142857143
0.7142857142857143
0.7142857142857143
0.7142857142857143
0.7380952380952381
0.7380952380952381
0.7380952380952381
0.7380952380952381
0.7380952380952381
0.7380952380952381
0.7142857142857143
0.7142857142857143
0.7142857142857143
0.7142857142857143
0.7142857142857143
0.7142857142857143
0.7380952380952381
0.7380952380952381
0.7142857142857143
0.7142857142857143
0.7142857142857143
0.7142857142857143
0.7142857142857143
0.7142857142857143
0.7142857142857143
0.7142857142857143
0.7380952380952381
0.7380952380952381
0.9393939393939394
0.9393939393939394
0.9393939393939394
0.9393939393939394
0.9393939393939394
0.9393939393939394
0.9393939393939394
0.9393939393939394
0.9393939393939394
0.9393939393939394
0.9090909090909091
0.9090909090909091
0.9090909090909091
0.9090909090909091
0.9090909090909091
0.9090909090909091
0.9090909090909091
0.9090909090909091
0.9393939393939394
0.9393939393939394
0.8787878787878788
0.8787878787878788
0.8787878787878788
0.8787878787878788
0.8787878787878788
0.8787878787878788
0.8787878787878788
0.8787878787878788
0.8787878787878788
0.8787878787878788
0.9090909090909091
0.8787878787878788
0.8787878787878788
0.8787878787878788
0.8787878787878788
0.8787878787878788
0.8787878787878788
0.8787878787878788
0.8787878787878788
0.8787878787878788
0.8787878787878788
0.8787878787878788
0.8787878787878788
0.8787878787878788
0.8787878787878788
0.9090909090909091
0.9090909090909091
0.9090909090909091
0.9090909090909091
0.9090909090909091
0.8787878787878788
0.9090909090909091
0.9090909090909091
0.9090909090909091
0.9090909090909091
0.9090909090909091
0.9090909090909091
0.9090909090909091
0.9090909090909091
0.9090909090909091
0.75
1.0
1.0
1.0
0.9464285714285714
0.9411764705882353
0.88
0.5178571428571428
0.5178571428571428
0.6190476190476191
0.5531914893617021
0.5957446808510638
0.5957446808510638
0.5686274509803921
0.5686274509803921
0.6
0.6222222222222222
0.6222222222222222
0.6666666666666667
0.875
0.5555555555555556
0.6956521739130435
1.0
1.0
0.7
0.5154639175257731
0.8493150684931507
0.8461538461538461
0.8428571428571429
0.9583333333333334
0.5517241379310345
0.5862068965517242
0.5517241379310345
0.6835443037974683
0.5862068965517242
0.38888888888888884
0.717948717948718
0.7
0.6304347826086957
1.0
0.8076923076923077
0.7391304347826086
0.8043478260869565
0.84
0.8604651162790697
0.8604651162790697
0.8
0.6799999999999999
0.6444444444444444
0.9080459770114943
0.9080459770114943
0.9285714285714286
0.3737373737373737
1.0
1.0
0.9583333333333334
0.8936170212765957
0.6764705882352942
0.6764705882352942
0.6470588235294117
0.6470588235294117
0.6764705882352942
0.6764705882352942
0.6341463414634146
0.7692307692307692
0.775
0.7567567567567568
0.7567567567567568
0.7567567567567568
0.7567567567567568
0.71875
0.6764705882352942
0.6764705882352942
0.6470588235294117
0.6470588235294117
0.6764705882352942
0.6764705882352942
0.6341463414634146
0.7692307692307692
0.775
0.7567567567567568
0.7567567567567568
0.7567567567567568
0.7567567567567568
0.71875
0.6491228070175439
0.6491228070175439
0.5925925925925926
0.5925925925925926
0.5918367346938775
0.5918367346938775
0.7173913043478262
0.7173913043478262
0.7173913043478262
0.7173913043478262
0.7173913043478262
0.7173913043478262
0.7391304347826086
0.7391304347826086
0.7391304347826086
0.7391304347826086
0.7173913043478262
0.7173913043478262
0.7173913043478262
0.7173913043478262
0.7173913043478262
0.7173913043478262
0.7391304347826086
0.7391304347826086
0.7173913043478262
0.7173913043478262
0.7173913043478262
0.7173913043478262
0.631578947368421
0.631578947368421
0.631578947368421
0.6111111111111112
0.6111111111111112
0.6111111111111112
0.5714285714285714
0.5714285714285714
0.5714285714285714
0.6956521739130435
0.6956521739130435
0.6956521739130435
0.6956521739130435
0.6956521739130435
0.6956521739130435
0.7173913043478262
0.7173913043478262
0.7173913043478262
0.7173913043478262
0.6956521739130435
0.6956521739130435
0.6956521739130435
0.6956521739130435
0.6956521739130435
0.6956521739130435
0.7173913043478262
0.7173913043478262
0.6956521739130435
0.6956521739130435
0.6956521739130435
0.6956521739130435
0.7058823529411764
0.7058823529411764
0.27586206896551724
0.27118644067796616
0.5
0.5
0.2857142857142857
0.4285714285714286
1.0
0.8723404255319149
0.9134615384615384
0.9134615384615384
0.8333333333333334
0.711864406779661
0.5679012345679013
0.5679012345679013
0.56
0.9242424242424242
0.9038461538461539
0.36363636363636365
0.40740740740740744
0.4285714285714286
0.38383838383838387
0.40740740740740744
0.4285714285714286
0.43999999999999995
0.43999999999999995
0.43999999999999995
0.43999999999999995
0.31343283582089554
0.3793103448275862
0.8674698795180723
0.6229508196721312
0.6229508196721312
0.6944444444444444
0.9733333333333334
0.96
1.0
0.8970588235294118
0.8870967741935484
0.8823529411764706
0.8709677419354839
0.8823529411764706
0.8709677419354839
0.42168674698795183
0.40697674418604646
0.5531914893617021
0.3924050632911392
0.3902439024390244
0.5671641791044777
0.5217391304347826
0.5531914893617021
0.42168674698795183
0.40697674418604646
0.5531914893617021
0.3924050632911392
0.3902439024390244
0.5671641791044777
0.5217391304347826
0.5531914893617021
0.9047619047619048
0.717948717948718
0.3493975903614458
0.95
0.8076923076923077
0.6292134831460674
0.7142857142857143
0.8653846153846154
0.8653846153846154
0.8679245283018868
0.975609756097561
0.9555555555555556
0.9555555555555556
1.0
1.0
1.0
1.0
1.0
0.9565217391304348
0.935483870967742
0.96
0.9692307692307692
0.96
0.9692307692307692
0.9565217391304348
0.9692307692307692
0.935483870967742
0.7
0.935483870967742
0.9384615384615385
0.6521739130434783
0.935483870967742
1.0
1.0
0.9659090909090909
1.0
1.0
0.925
0.9
0.9
0.7818181818181819
0.7818181818181819
0.7857142857142857
0.86
0.86
0.86
0.925
0.9
0.9
0.7410714285714286
0.75
0.7321428571428572
0.7410714285714286
0.3793103448275862
0.6896551724137931
0.9195402298850575
0.9195402298850575
0.8
0.875
0.9215686274509804
0.9215686274509804
0.9130434782608696
0.9655172413793104
0.525
0.6166666666666667
0.6166666666666667
0.6666666666666667
0.55
0.6507936507936508
0.6507936507936508
0.6470588235294117
0.525
0.65625
0.65625
0.6176470588235294
0.5714285714285714
0.625
0.625
0.6470588235294117
0.5714285714285714
0.6612903225806452
0.6612903225806452
0.75
1.0
1.0
0.7142857142857143
0.6734693877551021
1.0
0.5
0.5
0.4285714285714286
0.4285714285714286
0.5
0.5
0.4545454545454546
0.4545454545454546
0.31818181818181823
0.4444444444444444
0.7
0.7
0.5
0.5
0.6451612903225806
0.34375
0.28125
0.2727272727272727
0.4
0.6
0.6
0.4
0.5
0.7241379310344828
0.7241379310344828
0.7241379310344828
0.7241379310344828
0.2702702702702703
0.7
0.7
0.7
0.7
0.33333333333333337
0.3125
0.7619047619047619
0.8620689655172413
0.7307692307692308
0.8620689655172413
0.8620689655172413
0.9444444444444444
0.9523809523809523
0.9736842105263158
0.8695652173913043
0.6774193548387097
1.0
1.0
0.8666666666666667
0.8125
0.625
0.625
0.625
0.7592592592592593
0.7592592592592593
0.6875
0.65625
0.65625
0.59375
0.6785714285714286
0.6785714285714286
0.7592592592592593
0.7592592592592593
0.7586206896551724
0.6875
0.7142857142857143
0.6333333333333333
0.5909090909090908
0.6060606060606061
0.6799999999999999
0.6799999999999999
0.6666666666666667
0.6896551724137931
0.6363636363636364
0.59375
0.625
0.59375
0.8200000000000001
0.8200000000000001
0.65625
0.7142857142857143
0.6666666666666667
0.59375
0.6785714285714286
0.625
0.7592592592592593
0.7592592592592593
0.75
0.65625
0.65625
0.6666666666666667
0.6060606060606061
0.5909090909090908
0.7
0.7
0.6666666666666667
0.6896551724137931
0.6363636363636364
0.5454545454545454
0.5454545454545454
0.6
0.6285714285714286
0.6176470588235294
0.8113207547169812
0.8113207547169812
0.6285714285714286
0.7
0.6470588235294117
0.6
0.6774193548387097
0.6176470588235294
0.7543859649122807
0.7543859649122807
0.7096774193548387
0.6470588235294117
0.6176470588235294
0.6129032258064516
0.6
0.6
0.6799999999999999
0.6799999999999999
0.6
0.6774193548387097
0.6
0.6
0.6
0.6
0.7241379310344828
0.7241379310344828
0.6285714285714286
0.6285714285714286
0.6285714285714286
0.6
0.6774193548387097
0.6774193548387097
0.7241379310344828
0.7241379310344828
0.6774193548387097
0.6571428571428571
0.7096774193548387
0.6129032258064516
0.6
0.6
0.7
0.7
0.6285714285714286
0.6774193548387097
0.6285714285714286
0.9259259259259259
1.0
1.0
1.0
1.0
1.0
1.0
1.0
1.0
1.0
1.0
1.0
1.0
1.0
1.0
1.0
1.0
1.0
1.0
1.0
1.0
1.0
1.0
1.0
0.7142857142857143
0.65625
0.65625
0.78
0.78
0.6666666666666667
0.7407407407407407
0.6666666666666667
0.65625
0.65625
0.65625
0.7037037037037037
0.7037037037037037
0.6875
0.6666666666666667
0.6875
0.6785714285714286
0.625
0.625
0.78
0.78
0.6666666666666667
0.7777777777777778
0.6666666666666667
0.96875
0.96875
0.96875
0.8985507246376812
0.96875
0.96875
0.34259259259259256
0.3535353535353535
1.0
1.0
1.0
0.96875
1.0
1.0
1.0
0.96875
0.96875
0.96875
0.863013698630137
0.8493150684931507
0.96875
0.96875
0.96
0.9393939393939394
0.9393939393939394
0.9393939393939394
0.9411764705882353
0.9512195121951219
0.9393939393939394
0.9393939393939394
0.9393939393939394
0.9615384615384616
0.9512195121951219
0.9393939393939394
0.9393939393939394
0.9393939393939394
0.9615384615384616
0.9565217391304348
0.9583333333333334
0.853448275862069
0.45238095238095233
0.45238095238095233
0.4571428571428572
0.43103448275862066
0.6029411764705883
0.9550561797752809
0.9540229885057472
0.7083333333333333
0.7083333333333333
0.7391304347826086
0.7391304347826086
0.3728813559322034
0.4035087719298246
0.5342465753424658
0.5342465753424658
0.4810126582278481
0.4810126582278481
0.8
0.8
0.75
0.8235294117647058
0.8235294117647058
0.7941176470588236
0.75
0.8
0.8
0.9622641509433962
0.962962962962963
0.95
0.9512195121951219
0.9090909090909091
0.981651376146789
0.95
0.9090909090909091
0.95
0.9090909090909091
0.95
0.9047619047619048
0.95
0.9130434782608696
1.0
1.0
1.0
1.0
1.0
1.0
1.0
0.40740740740740744
0.3793103448275862
0.9809523809523809
0.9809523809523809
1.0
0.5581395348837209
0.5454545454545454
0.4054054054054054
0.4054054054054054
1.0
0.5897435897435898
0.7058823529411764
0.5833333333333333
0.7058823529411764
1.0
0.6296296296296297
0.6296296296296297
0.4571428571428572
0.4571428571428572
0.8461538461538461
0.892156862745098
0.42105263157894735
0.6590909090909092
0.6521739130434783
0.3513513513513513
0.52
0.6071428571428572
0.9315068493150684
0.9315068493150684
0.8571428571428572
0.8571428571428572
0.8545454545454545
0.8545454545454545
0.8545454545454545
0.8545454545454545
0.953125
0.953125
0.9583333333333334
0.9583333333333334
0.8545454545454545
0.8545454545454545
0.8571428571428572
0.8571428571428572
0.8571428571428572
0.8571428571428572
0.9523809523809523
0.9523809523809523
0.6666666666666667
0.6956521739130435
0.7307692307692308
0.7037037037037037
0.7037037037037037
0.8214285714285714
0.9066666666666666
0.9066666666666666
0.8275862068965517
0.8275862068965517
0.8245614035087719
0.8245614035087719
0.8245614035087719
0.8245614035087719
0.8695652173913043
0.78125
0.9459459459459459
0.9459459459459459
0.8421052631578947
0.8421052631578947
0.8448275862068966
0.8448275862068966
0.8448275862068966
0.8448275862068966
0.8695652173913043
0.8064516129032258
0.8933333333333333
0.8933333333333333
0.8103448275862069
0.8103448275862069
0.8070175438596492
0.8070175438596492
0.8070175438596492
0.8070175438596492
0.8939393939393939
0.8939393939393939
0.9324324324324325
0.9324324324324325
0.8245614035087719
0.8245614035087719
0.8275862068965517
0.8275862068965517
0.8275862068965517
0.8275862068965517
0.9076923076923077
0.9076923076923077
0.7575757575757576
0.7575757575757576
0.7575757575757576
0.7419354838709677
0.7575757575757576
0.7575757575757576
0.7333333333333334
0.7575757575757576
0.7666666666666666
0.7333333333333334
0.9344262295081968
0.6571428571428571
0.9038461538461539
0.9230769230769231
0.8979591836734694
0.6976744186046512
0.6744186046511628
0.9692307692307692
0.9661016949152542
0.9809523809523809
0.9809523809523809
1.0
1.0
1.0
1.0
1.0
1.0
1.0
0.9107142857142857
0.9107142857142857
0.94
0.8846153846153846
0.9523809523809523
0.94
0.3928571428571429
0.9285714285714286
0.8529411764705882
0.8529411764705882
0.7058823529411764
0.9285714285714286
0.8529411764705882
0.8529411764705882
0.7058823529411764
0.8571428571428572
0.8235294117647058
0.8235294117647058
0.6470588235294117
0.873015873015873
0.873015873015873
0.8709677419354839
0.8709677419354839
0.8870967741935484
0.8870967741935484
0.972972972972973
0.972972972972973
1.0
0.47619047619047616
0.41025641025641024
0.39534883720930236
0.6153846153846154
0.9436619718309859
0.9411764705882353
1.0
0.9733333333333334
0.4032258064516129
0.4126984126984127
0.8888888888888888
0.8888888888888888
0.8870967741935484
0.8870967741935484
0.9032258064516129
0.9032258064516129
0.9864864864864865
0.9864864864864865
0.873015873015873
0.873015873015873
0.8709677419354839
0.8709677419354839
0.8870967741935484
0.8870967741935484
0.972972972972973
0.972972972972973
0.9838709677419355
1.0
1.0
0.4375
0.8636363636363636
0.8636363636363636
0.8636363636363636
0.8636363636363636
0.8717948717948718
0.8717948717948718
0.8
0.8
0.6
0.6
0.9512195121951219
0.6470588235294117
0.75
0.78125
0.75
0.6
0.6
0.6111111111111112
0.6
0.6
0.6363636363636364
0.8947368421052632
0.8260869565217391
0.8260869565217391
0.8260869565217391
0.8260869565217391
0.6
0.6
0.8260869565217391
0.8260869565217391
0.8260869565217391
0.8260869565217391
0.6
0.6
0.8863636363636364
0.8863636363636364
0.3939393939393939
0.4
0.4137931034482759
0.5
0.37142857142857144
0.5074626865671642
0.3913043478260869
0.38
0.5
0.37037037037037035
0.4242424242424242
0.2702702702702703
0.3913043478260869
0.32352941176470584
0.32352941176470584
0.5
0.3913043478260869
0.4
0.5151515151515151
0.4482758620689655
0.33333333333333337
0.9772727272727273
1.0
0.875
0.5652173913043479
0.6521739130434783
1.0
0.8
1.0
0.47916666666666663
0.4814814814814815
0.4814814814814815
0.5319148936170213
0.5
0.49350649350649356
0.49350649350649356
0.5555555555555556
0.47916666666666663
0.47058823529411764
0.47058823529411764
0.5416666666666667
0.5
0.49382716049382713
0.49382716049382713
0.5434782608695652
0.47916666666666663
0.4814814814814815
0.4814814814814815
0.5319148936170213
0.5
0.49350649350649356
0.49350649350649356
0.5555555555555556
1.0
1.0
1.0
1.0
0.873015873015873
0.873015873015873
0.8709677419354839
0.8709677419354839
0.8870967741935484
0.8870967741935484
0.972972972972973
0.972972972972973
1.0
1.0
1.0
1.0
0.7843137254901961
0.7843137254901961
0.7843137254901961
1.0
1.0
0.85
0.9878048780487805
1.0
1.0
0.8780487804878049
0.9893617021276596
0.782608695652174
0.7708333333333334
0.35593220338983056
0.7272727272727273
0.3913043478260869
0.4666666666666667
0.5443037974683544
0.5443037974683544
0.6444444444444444
0.4666666666666667
0.5058823529411764
0.5058823529411764
0.6666666666666667
0.4666666666666667
0.6125
0.6125
0.5
0.4666666666666667
0.6
0.6
0.6818181818181819
0.6666666666666667
0.625
0.625
0.7692307692307692
0.7111111111111111
0.5394736842105263
0.5394736842105263
0.8
0.8787878787878788
0.8787878787878788
0.8787878787878788
0.8787878787878788
0.5185185185185186
0.5180722891566265
0.5180722891566265
0.5319148936170213
0.5384615384615384
0.5443037974683544
0.5443037974683544
0.5555555555555556
0.5185185185185186
0.5180722891566265
0.5180722891566265
0.5319148936170213
0.5384615384615384
0.5443037974683544
0.5443037974683544
0.5555555555555556
0.49090909090909096
0.4725274725274725
0.4725274725274725
0.5416666666666667
0.5094339622641509
0.49425287356321834
0.49425287356321834
0.5434782608695652
0.9148936170212766
0.974025974025974
0.44897959183673475
0.5176470588235293
0.5176470588235293
0.5714285714285714
0.44897959183673475
0.4945054945054945
0.4945054945054945
0.5714285714285714
0.44897959183673475
0.5697674418604651
0.5697674418604651
0.4807692307692307
0.44897959183673475
0.5714285714285714
0.6341463414634146
0.6060606060606061
0.6060606060606061
0.7317073170731707
0.6808510638297872
0.813953488372093
0.4693877551020408
0.5176470588235293
0.5176470588235293
0.6122448979591837
0.4693877551020408
0.48351648351648346
0.48351648351648346
0.6122448979591837
0.44897959183673475
0.5697674418604651
0.5697674418604651
0.46153846153846156
0.5581395348837209
0.5581395348837209
0.6341463414634146
0.5757575757575757
0.5757575757575757
0.7317073170731707
0.5
0.5
0.44897959183673475
0.5176470588235293
0.5176470588235293
0.5714285714285714
0.44897959183673475
0.48351648351648346
0.48351648351648346
0.5918367346938775
0.4285714285714286
0.5697674418604651
0.5697674418604651
0.4807692307692307
0.5581395348837209
0.5581395348837209
0.6585365853658536
0.5909090909090908
0.5909090909090908
0.7317073170731707
0.5
0.5
0.8888888888888888
1.0
1.0
0.8846153846153846
0.85
0.9767441860465116
0.9761904761904762
1.0
1.0
1.0
1.0
0.6764705882352942
0.967741935483871
0.7058823529411764
1.0
0.6764705882352942
0.967741935483871
0.6764705882352942
0.967741935483871
0.48484848484848486
0.4925373134328358
1.0
1.0
0.9607843137254902
0.7916666666666666
1.0
1.0
0.8275862068965517
0.8181818181818181
0.8181818181818181
0.8275862068965517
0.8181818181818181
0.8275862068965517
0.8181818181818181
1.0
0.7241379310344828
1.0
1.0
1.0
1.0
1.0
0.6538461538461539
1.0
1.0
1.0
0.8461538461538461
1.0
1.0
1.0
0.8888888888888888
0.8888888888888888
0.8787878787878788
0.8888888888888888
0.8888888888888888
0.9428571428571428
0.9428571428571428
0.6888888888888889
0.6888888888888889
0.6888888888888889
0.6888888888888889
0.7111111111111111
0.7111111111111111
0.6888888888888889
0.6888888888888889
0.6888888888888889
0.6888888888888889
0.6888888888888889
0.6888888888888889
0.7111111111111111
0.7111111111111111
0.7111111111111111
0.7111111111111111
0.8076923076923077
0.9230769230769231
0.6101694915254237
1.0
0.8095238095238095
0.8666666666666667
0.8
0.96
0.9024390243902439
0.9166666666666666
0.9436619718309859
0.7777777777777778
0.6428571428571428
0.6428571428571428
0.6428571428571428
1.0
1.0
1.0
1.0
1.0
1.0
1.0
0.7857142857142857
0.9152542372881356
0.9076923076923077
0.9152542372881356
0.8461538461538461
0.8461538461538461
0.7916666666666666
0.8983050847457628
0.8571428571428572
0.8440366972477065
0.505050505050505
0.7307692307692308
0.64
0.72
0.42553191489361697
0.8333333333333334
0.5454545454545454
0.8974358974358975
