1.0
1.0
1.0
1.0
1.0
1.0
0.984375
0.5625
0.95
0.925
0.9347826086956522
0.5892857142857143
0.925
0.925
0.9130434782608696
0.5625
0.9024390243902439
0.925
0.8541666666666666
0.5625
0.926829268292683
0.925
0.8958333333333334
0.5779816513761468
0.5833333333333333
0.9047619047619048
0.9024390243902439
0.8775510204081632
0.821917808219178
0.9047619047619048
0.9024390243902439
0.8979591836734694
0.9024390243902439
0.9
0.875
0.5625
0.975
0.95
0.9565217391304348
0.95
0.925
0.9130434782608696
0.925
0.925
0.9130434782608696
0.925
0.925
0.9130434782608696
0.95
0.925
0.9130434782608696
0.95
0.95
0.9130434782608696
0.975
0.925
0.9347826086956522
0.925
0.925
0.8913043478260869
0.9
0.9
0.8695652173913043
0.8205128205128205
0.9189189189189189
0.8809523809523809
0.9230769230769231
0.8235294117647058
0.8235294117647058
0.782608695652174
0.8793103448275862
0.8235294117647058
0.8235294117647058
0.782608695652174
0.8793103448275862
0.9345794392523364
0.9345794392523364
0.8260869565217391
0.7959183673469388
0.8541666666666666
0.8163265306122449
0.9833333333333333
0.9833333333333333
1.0
1.0
1.0
0.9333333333333333
0.8775510204081632
0.6595744680851063
0.8026315789473684
0.9166666666666666
0.9166666666666666
0.9591836734693877
0.9090909090909091
0.9636363636363636
0.9591836734693877
0.9032258064516129
0.8888888888888888
0.8888888888888888
0.935483870967742
0.925
0.8125
0.8125
0.8484848484848485
0.8260869565217391
0.875
0.76
0.75
0.8444444444444444
0.8444444444444444
0.8888888888888888
0.8888888888888888
0.8888888888888888
0.8888888888888888
0.8636363636363636
0.8636363636363636
1.0
1.0
1.0
1.0
1.0
1.0
1.0
1.0
1.0
1.0
1.0
1.0
1.0
1.0
1.0
1.0
1.0
1.0
1.0
1.0
1.0
1.0
1.0
1.0
1.0
1.0
1.0
1.0
1.0
1.0
1.0
1.0
1.0
0.9285714285714286
0.9047619047619048
0.9047619047619048
0.8571428571428572
0.8571428571428572
0.8809523809523809
0.8809523809523809
0.8809523809523809
0.8809523809523809
0.8809523809523809
0.8809523809523809
0.8809523809523809
0.8809523809523809
0.8809523809523809
0.8809523809523809
0.8809523809523809
0.8809523809523809
0.8809523809523809
0.8809523809523809
0.8809523809523809
0.8809523809523809
0.8809523809523809
0.8809523809523809
0.8809523809523809
0.8809523809523809
0.8809523809523809
0.8809523809523809
0.8809523809523809
0.8809523809523809
0.8809523809523809
0.8809523809523809
0.8809523809523809
0.8809523809523809
1.0
1.0
1.0
1.0
0.9642857142857143
0.9607843137254902
0.84
0.5581395348837209
0.5581395348837209
0.4642857142857143
0.46808510638297873
0.46808510638297873
0.4642857142857143
0.9285714285714286
0.9285714285714286
0.9761904761904762
0.9787234042553191
0.9787234042553191
0.9787234042553191
0.9215686274509804
0.9215686274509804
0.9777777777777777
0.9777777777777777
0.9777777777777777
0.9743589743589743
0.9487179487179487
0.9310344827586207
0.9090909090909091
1.0
1.0
0.9333333333333333
1.0
1.0
0.9230769230769231
1.0
1.0
1.0
1.0
1.0
1.0
1.0
1.0
1.0
1.0
1.0
1.0
0.9230769230769231
0.7391304347826086
0.9565217391304348
0.88
0.8837209302325582
0.9069767441860466
0.88
0.84
0.9545454545454546
0.9770114942528736
0.9770114942528736
0.8928571428571429
0.8979591836734694
1.0
1.0
0.9791666666666666
0.9772727272727273
0.8529411764705882
0.8529411764705882
0.8529411764705882
0.8529411764705882
0.8529411764705882
0.8823529411764706
1.0
1.0
1.0
1.0
1.0
1.0
1.0
1.0
0.8529411764705882
0.8529411764705882
0.8529411764705882
0.8529411764705882
0.8529411764705882
0.8823529411764706
1.0
1.0
1.0
1.0
1.0
1.0
1.0
1.0
0.9298245614035088
0.9298245614035088
0.9259259259259259
0.9259259259259259
0.9183673469387755
0.9183673469387755
0.8043478260869565
0.8043478260869565
0.8043478260869565
0.8043478260869565
0.8043478260869565
0.8043478260869565
0.8043478260869565
0.8043478260869565
0.8043478260869565
0.8043478260869565
0.8043478260869565
0.8043478260869565
0.8043478260869565
0.8043478260869565
0.8260869565217391
0.8260869565217391
0.8043478260869565
0.8043478260869565
0.8043478260869565
0.8043478260869565
0.8043478260869565
0.8043478260869565
0.9298245614035088
0.9298245614035088
0.9298245614035088
0.9259259259259259
0.9259259259259259
0.9259259259259259
0.9183673469387755
0.9183673469387755
0.9183673469387755
0.8043478260869565
0.8043478260869565
0.8043478260869565
0.8043478260869565
0.8043478260869565
0.8043478260869565
0.8043478260869565
0.8043478260869565
0.8043478260869565
0.8043478260869565
0.8043478260869565
0.8043478260869565
0.8043478260869565
0.8043478260869565
0.8260869565217391
0.8260869565217391
0.8043478260869565
0.8043478260869565
0.8043478260869565
0.8043478260869565
0.8043478260869565
0.8043478260869565
0.9411764705882353
0.9411764705882353
1.0
1.0
1.0
1.0
1.0
1.0
0.6615384615384615
1.0
0.9772727272727273
0.9074074074074074
0.9491525423728814
0.94
0.94
0.8888888888888888
0.9491525423728814
0.9299999999999999
0.9299999999999999
0.8888888888888888
0.9491525423728814
0.9299999999999999
0.9299999999999999
0.8888888888888888
0.9491525423728814
0.9299999999999999
0.9299999999999999
0.9074074074074074
0.8888888888888888
0.8235294117647058
0.803921568627451
0.803921568627451
0.9545454545454546
0.9423076923076923
0.9387755102040817
0.8518518518518519
0.8571428571428572
0.9340659340659341
0.8518518518518519
0.8571428571428572
0.84
0.84
0.84
0.84
1.0
0.8620689655172413
0.975609756097561
0.7377049180327868
0.7377049180327868
0.8648648648648649
1.0
0.9411764705882353
0.935483870967742
0.9411764705882353
0.935483870967742
0.9411764705882353
0.935483870967742
0.417910447761194
0.47619047619047616
0.5633802816901409
0.8301886792452831
0.5961538461538461
0.7321428571428572
0.4057971014492754
0.4651162790697675
0.5333333333333333
0.9130434782608696
0.9148936170212766
0.5
0.7
0.8695652173913043
0.8723404255319149
0.8113207547169812
0.5166666666666666
0.6470588235294117
0.7017543859649122
0.8305084745762712
0.6
0.7258064516129032
0.4833333333333333
0.6176470588235294
0.7049180327868853
0.74
0.7450980392156863
0.5084745762711864
0.6666666666666667
0.4056603773584906
0.4056603773584906
0.7627118644067796
0.9047619047619048
0.8461538461538461
0.5783132530120482
0.95
0.9230769230769231
0.54
0.8571428571428572
0.9326923076923077
0.9326923076923077
0.9339622641509434
0.975609756097561
0.9555555555555556
0.9555555555555556
1.0
1.0
1.0
1.0
1.0
0.7173913043478262
0.6363636363636364
0.8780487804878049
0.7846153846153846
0.8780487804878049
0.8153846153846154
0.7173913043478262
0.7846153846153846
0.6363636363636364
0.6470588235294117
0.6818181818181819
0.7538461538461538
0.74
0.6363636363636364
0.9696969696969697
0.9615384615384616
1.0
1.0
1.0
0.95
0.9591836734693877
0.9591836734693877
0.9818181818181818
0.9818181818181818
0.9821428571428571
0.9387755102040817
0.9387755102040817
0.9387755102040817
0.95
0.9591836734693877
0.9591836734693877
0.782608695652174
0.7971014492753623
0.7681159420289855
0.782608695652174
0.7681159420289855
0.7536231884057971
0.88
0.92
0.6909090909090909
0.6909090909090909
0.6909090909090909
0.6727272727272727
0.9464285714285714
0.9464285714285714
0.9464285714285714
0.9464285714285714
0.8620689655172413
0.8620689655172413
0.9770114942528736
0.9770114942528736
0.9487179487179487
0.9215686274509804
0.9215686274509804
0.9130434782608696
0.9655172413793104
1.0
1.0
1.0
1.0
1.0
1.0
1.0
1.0
1.0
1.0
1.0
1.0
1.0
1.0
1.0
1.0
1.0
1.0
1.0
1.0
1.0
1.0
1.0
1.0
1.0
1.0
1.0
1.0
1.0
1.0
1.0
1.0
1.0
1.0
1.0
1.0
1.0
1.0
1.0
1.0
1.0
1.0
1.0
1.0
1.0
1.0
1.0
1.0
1.0
1.0
1.0
1.0
1.0
1.0
1.0
1.0
1.0
1.0
1.0
1.0
1.0
1.0
1.0
1.0
0.9444444444444444
0.9523809523809523
0.9736842105263158
0.9555555555555556
0.9838709677419355
1.0
1.0
1.0
0.875
0.875
0.6363636363636364
0.6363636363636364
0.90625
0.90625
0.90625
0.9074074074074074
0.9074074074074074
0.90625
0.90625
0.90625
0.875
0.8928571428571429
0.8571428571428572
0.9074074074074074
0.9074074074074074
0.8571428571428572
0.90625
0.8928571428571429
0.896551724137931
0.9696969696969697
0.9393939393939394
0.9375
0.9375
0.9393939393939394
0.9310344827586207
0.9393939393939394
0.875
0.90625
0.875
0.9
0.9
0.90625
0.8571428571428572
0.875
0.90625
0.8928571428571429
0.875
0.9074074074074074
0.9074074074074074
0.8928571428571429
0.875
0.875
0.8214285714285714
0.8484848484848485
0.84375
0.8863636363636364
0.8863636363636364
0.84375
0.8518518518518519
0.8484848484848485
0.7272727272727273
0.7272727272727273
0.9142857142857143
0.9142857142857143
0.9117647058823529
0.9245283018867925
0.9245283018867925
0.9142857142857143
0.9
0.9117647058823529
0.9142857142857143
0.8709677419354839
0.8823529411764706
0.9298245614035088
0.9298245614035088
0.8709677419354839
0.9117647058823529
0.8823529411764706
0.935483870967742
0.9714285714285714
0.9428571428571428
0.96
0.96
0.9428571428571428
0.935483870967742
0.9714285714285714
0.8857142857142857
0.8857142857142857
0.8857142857142857
0.896551724137931
0.896551724137931
0.8857142857142857
0.8857142857142857
0.8857142857142857
0.8857142857142857
0.8709677419354839
0.8709677419354839
0.896551724137931
0.896551724137931
0.8709677419354839
0.8857142857142857
0.8709677419354839
0.935483870967742
0.9714285714285714
0.9142857142857143
0.94
0.94
0.9142857142857143
0.9032258064516129
0.9428571428571428
0.9259259259259259
1.0
1.0
1.0
1.0
1.0
1.0
1.0
1.0
1.0
1.0
1.0
1.0
1.0
1.0
1.0
1.0
1.0
1.0
1.0
1.0
1.0
1.0
1.0
0.8214285714285714
0.8484848484848485
0.90625
0.8666666666666667
0.8666666666666667
0.8484848484848485
0.8888888888888888
0.90625
0.8181818181818181
0.8484848484848485
0.875
0.8909090909090909
0.8909090909090909
0.8484848484848485
0.875
0.90625
0.8214285714285714
0.8181818181818181
0.875
0.8666666666666667
0.8666666666666667
0.8484848484848485
0.8518518518518519
0.875
1.0
1.0
1.0
1.0
1.0
1.0
0.962962962962963
0.9534883720930233
1.0
1.0
1.0
1.0
1.0
1.0
1.0
1.0
1.0
1.0
1.0
1.0
1.0
1.0
0.9565217391304348
0.9583333333333334
1.0
1.0
1.0
1.0
1.0
0.9264705882352942
0.9775280898876404
0.9770114942528736
0.9130434782608696
0.9130434782608696
0.9130434782608696
0.9130434782608696
0.9322033898305084
0.9473684210526316
1.0
1.0
1.0
1.0
0.85
0.85
0.85
0.8235294117647058
0.8235294117647058
0.8235294117647058
0.85
0.85
0.85
0.9622641509433962
0.962962962962963
0.95
0.9512195121951219
0.9090909090909091
0.981651376146789
0.95
0.875
0.95
0.9090909090909091
0.95
0.9090909090909091
0.95
0.9047619047619048
0.95
0.9130434782608696
1.0
1.0
1.0
1.0
1.0
1.0
1.0
0.8518518518518519
0.8620689655172413
0.9809523809523809
0.9809523809523809
1.0
1.0
0.8823529411764706
0.9166666666666666
0.9444444444444444
1.0
0.9722222222222222
0.9705882352941176
0.9722222222222222
0.9705882352941176
0.75
0.8
1.0
0.9444444444444444
0.9444444444444444
0.9571428571428572
0.9571428571428572
0.8974358974358975
0.8974358974358975
0.9117647058823529
0.8148148148148149
0.8636363636363636
0.8
0.9189189189189189
0.92
0.7857142857142857
0.9452054794520548
0.9452054794520548
0.8392857142857143
0.8392857142857143
0.8363636363636364
0.8363636363636364
0.8363636363636364
0.8363636363636364
0.9375
0.9375
0.9444444444444444
0.9444444444444444
0.8363636363636364
0.8363636363636364
0.8392857142857143
0.8392857142857143
0.8392857142857143
0.8392857142857143
0.9365079365079365
0.9365079365079365
0.7391304347826086
0.875
0.8518518518518519
0.8518518518518519
0.8518518518518519
0.8275862068965517
0.9466666666666667
0.9466666666666667
0.8448275862068966
0.8448275862068966
0.8421052631578947
0.8421052631578947
0.8421052631578947
0.8421052631578947
0.9130434782608696
0.875
0.9459459459459459
0.9459459459459459
0.8421052631578947
0.8421052631578947
0.8448275862068966
0.8448275862068966
0.8448275862068966
0.8448275862068966
0.9130434782608696
0.8709677419354839
0.9466666666666667
0.9466666666666667
0.8448275862068966
0.8448275862068966
0.8421052631578947
0.8421052631578947
0.8421052631578947
0.8421052631578947
0.9393939393939394
0.9393939393939394
0.9459459459459459
0.9459459459459459
0.8421052631578947
0.8421052631578947
0.8448275862068966
0.8448275862068966
0.8448275862068966
0.8448275862068966
0.9384615384615385
0.9384615384615385
0.43999999999999995
0.8367346938775511
0.8200000000000001
0.8571428571428572
0.6363636363636364
0.6363636363636364
0.6
0.6222222222222222
0.5853658536585367
0.627906976744186
0.627906976744186
0.6136363636363636
0.6136363636363636
0.5777777777777777
0.7413793103448276
0.7241379310344828
0.7241379310344828
0.9508196721311475
0.9428571428571428
0.803921568627451
0.8235294117647058
0.8235294117647058
0.7241379310344828
0.7241379310344828
0.7068965517241379
0.96
0.9056603773584906
0.7924528301886793
0.7924528301886793
0.7735849056603774
0.9
0.6714285714285715
0.6714285714285715
0.6714285714285715
0.6714285714285715
0.6857142857142857
0.7924528301886793
0.7924528301886793
0.7924528301886793
0.9692307692307692
0.9661016949152542
0.9809523809523809
0.9809523809523809
1.0
1.0
1.0
1.0
1.0
1.0
1.0
0.8181818181818181
0.6923076923076923
0.8181818181818181
0.6923076923076923
0.696969696969697
0.9230769230769231
0.9682539682539683
0.96
0.9107142857142857
0.46153846153846156
0.7692307692307692
1.0
1.0
1.0
1.0
1.0
1.0
1.0
1.0
1.0
1.0
1.0
1.0
0.8888888888888888
0.8888888888888888
0.8870967741935484
0.8870967741935484
0.8870967741935484
0.8870967741935484
1.0
1.0
1.0
1.0
1.0
1.0
1.0
1.0
1.0
1.0
0.8333333333333334
0.835820895522388
0.8888888888888888
0.8888888888888888
0.8870967741935484
0.8870967741935484
0.8870967741935484
0.8870967741935484
1.0
1.0
0.8888888888888888
0.8888888888888888
0.8870967741935484
0.8870967741935484
0.8870967741935484
0.8870967741935484
1.0
1.0
1.0
1.0
1.0
0.8979591836734694
0.9387755102040817
0.8979591836734694
0.9302325581395349
0.9302325581395349
0.9302325581395349
0.9302325581395349
0.9534883720930233
0.9534883720930233
0.9302325581395349
0.9302325581395349
1.0
1.0
1.0
1.0
1.0
1.0
1.0
1.0
1.0
1.0
1.0
0.9701492537313433
1.0
1.0
1.0
1.0
1.0
1.0
1.0
1.0
0.88
1.0
1.0
0.9487179487179487
0.95
0.9090909090909091
1.0
0.9636363636363636
1.0
1.0
1.0
1.0
1.0
1.0
1.0
1.0
1.0
1.0
1.0
1.0
1.0
1.0
1.0
1.0
1.0
1.0
1.0
1.0
1.0
1.0
1.0
1.0
1.0
1.0
1.0
1.0
1.0
0.8888888888888888
0.8888888888888888
0.8870967741935484
0.8870967741935484
0.8870967741935484
0.8870967741935484
1.0
1.0
1.0
1.0
1.0
1.0
1.0
1.0
1.0
1.0
1.0
1.0
0.9473684210526316
1.0
1.0
0.9512195121951219
1.0
1.0
1.0
0.326530612244898
0.43243243243243246
0.9322033898305084
0.782608695652174
0.8571428571428572
0.859375
0.859375
0.881578947368421
0.881578947368421
0.859375
0.859375
0.881578947368421
0.881578947368421
0.859375
0.859375
0.881578947368421
0.881578947368421
0.9090909090909091
0.9090909090909091
0.9090909090909091
0.9090909090909091
0.5
1.0
1.0
1.0
1.0
1.0
1.0
1.0
1.0
1.0
1.0
1.0
1.0
1.0
1.0
1.0
1.0
1.0
1.0
1.0
1.0
1.0
1.0
1.0
1.0
0.9148936170212766
0.948051948051948
0.8518518518518519
1.0
1.0
0.8846153846153846
0.9487179487179487
0.8857142857142857
0.8857142857142857
0.8857142857142857
0.8857142857142857
0.8857142857142857
0.8857142857142857
0.9047619047619048
0.9047619047619048
1.0
1.0
1.0
1.0
0.9411764705882353
1.0
1.0
1.0
1.0
0.9411764705882353
0.935483870967742
0.967741935483871
0.9591836734693877
0.96
1.0
1.0
0.9607843137254902
0.9545454545454546
1.0
1.0
1.0
1.0
1.0
1.0
1.0
1.0
1.0
1.0
1.0
1.0
1.0
1.0
1.0
1.0
0.9230769230769231
1.0
1.0
1.0
0.8461538461538461
1.0
1.0
1.0
1.0
1.0
1.0
1.0
1.0
1.0
1.0
0.5714285714285714
0.5714285714285714
0.5714285714285714
0.5714285714285714
0.5714285714285714
0.5714285714285714
0.5714285714285714
0.5714285714285714
0.5714285714285714
0.5714285714285714
0.5714285714285714
0.5714285714285714
0.5714285714285714
0.5714285714285714
0.5714285714285714
0.5714285714285714
0.5714285714285714
0.5714285714285714
0.5714285714285714
0.5714285714285714
0.5714285714285714
0.5714285714285714
0.5714285714285714
0.5714285714285714
0.5714285714285714
0.5714285714285714
0.5714285714285714
0.5714285714285714
0.5714285714285714
0.5714285714285714
0.5714285714285714
0.5714285714285714
0.5714285714285714
0.5714285714285714
0.5714285714285714
0.5714285714285714
0.5714285714285714
0.5714285714285714
0.5714285714285714
0.5714285714285714
0.5789473684210527
0.5789473684210527
0.5789473684210527
0.5789473684210527
0.5789473684210527
0.5789473684210527
0.5789473684210527
0.5789473684210527
0.5789473684210527
0.5789473684210527
0.5789473684210527
0.5789473684210527
0.5789473684210527
0.5789473684210527
0.5789473684210527
0.5789473684210527
0.5789473684210527
0.5789473684210527
0.5789473684210527
0.5789473684210527
0.5789473684210527
0.5789473684210527
0.5789473684210527
0.5789473684210527
0.5789473684210527
0.5789473684210527
0.5789473684210527
0.5789473684210527
0.5789473684210527
0.5789473684210527
0.5789473684210527
0.5789473684210527
0.5789473684210527
0.5789473684210527
0.5789473684210527
0.5789473684210527
0.5789473684210527
0.5789473684210527
0.5789473684210527
0.5789473684210527
0.5789473684210527
0.5789473684210527
0.5789473684210527
0.5789473684210527
0.5789473684210527
0.5789473684210527
0.5789473684210527
0.5789473684210527
0.5789473684210527
0.5789473684210527
0.5614035087719298
0.5614035087719298
0.5614035087719298
0.5614035087719298
0.5614035087719298
0.5614035087719298
0.5789473684210527
0.5789473684210527
0.5789473684210527
0.5789473684210527
0.5614035087719298
0.5614035087719298
0.5614035087719298
0.5614035087719298
0.5614035087719298
0.5614035087719298
0.5614035087719298
0.5614035087719298
0.5614035087719298
0.5614035087719298
0.5789473684210527
0.5789473684210527
0.5789473684210527
0.5789473684210527
0.5789473684210527
0.5789473684210527
0.5614035087719298
0.5614035087719298
0.5614035087719298
0.5614035087719298
0.5614035087719298
0.5614035087719298
0.5614035087719298
0.5614035087719298
0.5614035087719298
0.5614035087719298
0.5614035087719298
0.5614035087719298
0.5614035087719298
0.5614035087719298
0.5789473684210527
0.5789473684210527
0.5789473684210527
0.5789473684210527
0.5789473684210527
0.5789473684210527
0.5614035087719298
0.5614035087719298
0.5614035087719298
0.5614035087719298
0.5614035087719298
0.5614035087719298
0.5614035087719298
0.5614035087719298
0.5614035087719298
0.5614035087719298
0.5789473684210527
0.5789473684210527
0.5789473684210527
0.5789473684210527
0.5614035087719298
0.5614035087719298
0.5614035087719298
0.5614035087719298
0.5614035087719298
0.5614035087719298
0.5614035087719298
0.5614035087719298
0.5614035087719298
0.5614035087719298
0.5789473684210527
0.5789473684210527
0.5789473684210527
0.5789473684210527
0.5789473684210527
0.5789473684210527
0.5614035087719298
0.5614035087719298
0.5614035087719298
0.5614035087719298
0.5614035087719298
0.5614035087719298
0.5614035087719298
0.5614035087719298
0.5614035087719298
0.5614035087719298
0.5614035087719298
0.5614035087719298
0.5614035087719298
0.5614035087719298
0.5789473684210527
0.5789473684210527
0.5789473684210527
0.5789473684210527
0.5789473684210527
0.5789473684210527
0.5614035087719298
0.5614035087719298
0.9230769230769231
0.8974358974358975
0.65
0.9230769230769231
0.6833333333333333
0.8974358974358975
0.65
0.8974358974358975
0.65
1.0
0.9047619047619048
0.9555555555555556
0.9666666666666667
0.96
0.9512195121951219
0.9166666666666666
0.971830985915493
0.6923076923076923
0.8461538461538461
0.8518518518518519
0.8518518518518519
1.0
1.0
1.0
1.0
1.0
1.0
1.0
1.0
1.0
1.0
1.0
0.9230769230769231
0.9230769230769231
0.9166666666666666
0.9661016949152542
0.9523809523809523
0.908256880733945
0.9
0.8076923076923077
0.9333333333333333
0.96
0.9574468085106383
0.8333333333333334
0.7142857142857143
0.8717948717948718
