1.0
1.0
0.7142857142857143
0.7142857142857143
1.0
1.0
0.65
0.7391304347826086
0.9047619047619048
0.736842105263158
0.8888888888888888
0.8571428571428572
0.962962962962963
0.8148148148148149
0.4285714285714286
0.9047619047619048
0.9473684210526316
0.7916666666666666
0.6333333333333333
0.76
0.90625
0.88
0.5
0.7058823529411764
0.9782608695652174
0.9347826086956522
0.875
0.34782608695652173
0.32608695652173914
0.32608695652173914
0.34615384615384615
0.33333333333333337
0.32608695652173914
1.0
0.8205128205128205
0.5671641791044777
0.5671641791044777
1.0
0.6428571428571428
0.5641025641025641
0.7916666666666666
1.0
1.0
1.0
1.0
0.8627450980392157
0.9375
0.5
0.8518518518518519
0.7857142857142857
0.5208333333333333
0.92
0.8846153846153846
0.8846153846153846
0.8181818181818181
0.7916666666666666
0.9183673469387755
0.38383838383838387
1.0
1.0
1.0
1.0
0.9285714285714286
0.9310344827586207
0.9285714285714286
0.9310344827586207
0.9285714285714286
0.9310344827586207
0.9285714285714286
1.0
1.0
0.75
1.0
0.75
0.9285714285714286
0.75
0.9285714285714286
0.75
0.9285714285714286
0.8636363636363636
0.8571428571428572
0.7916666666666666
0.8636363636363636
0.9090909090909091
0.8767123287671232
1.0
1.0
0.40740740740740744
0.7931034482758621
0.8918918918918919
0.2909090909090909
0.8913043478260869
0.4444444444444444
0.6666666666666667
0.6666666666666667
0.4285714285714286
1.0
1.0
0.9333333333333333
0.5925925925925926
0.5
0.3695652173913043
0.9555555555555556
0.38888888888888884
0.8846153846153846
0.33999999999999997
1.0
1.0
0.40909090909090906
0.34615384615384615
1.0
0.6521739130434783
0.90625
0.8888888888888888
0.85
0.8
0.7
0.6785714285714286
0.8636363636363636
1.0
0.5833333333333333
0.2857142857142857
0.56
0.5833333333333333
0.5
0.5833333333333333
0.7
0.5833333333333333
0.2761904761904762
0.3571428571428571
0.3571428571428571
1.0
1.0
1.0
1.0
0.8888888888888888
0.9545454545454546
1.0
0.41860465116279066
0.41860465116279066
1.0
1.0
0.7666666666666666
1.0
1.0
0.84
1.0
1.0
0.31645569620253167
0.40476190476190477
0.33999999999999997
0.40476190476190477
0.33333333333333337
0.8235294117647058
0.7916666666666666
0.8333333333333334
1.0
1.0
1.0
1.0
0.8148148148148149
0.8076923076923077
0.8148148148148149
1.0
0.5555555555555556
0.5555555555555556
0.3939393939393939
0.3939393939393939
0.40384615384615385
0.5277777777777778
0.5277777777777778
0.4444444444444444
0.4444444444444444
0.41509433962264153
0.3717948717948718
0.8888888888888888
0.8888888888888888
1.0
1.0
0.8888888888888888
0.8888888888888888
1.0
1.0
0.8309859154929577
0.9411764705882353
0.881578947368421
0.8888888888888888
0.9772727272727273
1.0
0.9459459459459459
0.9166666666666666
0.9836065573770492
1.0
1.0
1.0
0.95
0.95
1.0
0.75
0.72
0.4
0.825
0.45238095238095233
0.4285714285714286
0.8461538461538461
