1.0
1.0
1.0
1.0
1.0
1.0
0.7083333333333333
0.75
0.9130434782608696
0.8571428571428572
0.8947368421052632
0.8148148148148149
0.8571428571428572
0.7894736842105263
0.8518518518518519
0.9047619047619048
0.7894736842105263
0.8518518518518519
0.9047619047619048
0.7894736842105263
0.8148148148148149
0.8571428571428572
0.7894736842105263
0.7777777777777778
0.8095238095238095
0.7894736842105263
0.7777777777777778
0.8571428571428572
0.8421052631578947
0.8148148148148149
0.8571428571428572
0.7894736842105263
0.8518518518518519
0.8857142857142857
0.8571428571428572
0.8947368421052632
0.42000000000000004
1.0
0.96
0.9583333333333334
0.8478260869565217
0.9583333333333334
0.7777777777777778
0.7777777777777778
0.7222222222222222
0.6944444444444444
0.6708860759493671
0.3666666666666667
0.3666666666666667
0.5666666666666667
0.5666666666666667
0.8333333333333334
0.8
0.6097560975609756
0.6097560975609756
0.3571428571428571
0.5
0.6835443037974683
0.9
0.6666666666666667
1.0
1.0
1.0
0.9615384615384616
0.9782608695652174
0.9347826086956522
0.9583333333333334
1.0
1.0
0.8620689655172413
1.0
1.0
0.5
0.35106382978723405
0.6582278481012658
0.84375
0.8214285714285714
0.3085106382978723
1.0
0.9487179487179487
0.9776119402985075
0.962962962962963
1.0
0.6708860759493671
0.9285714285714286
0.9230769230769231
0.6708860759493671
0.875
0.6708860759493671
0.6708860759493671
0.8823529411764706
0.8214285714285714
0.7
0.625
0.625
0.6538461538461539
0.5
0.7333333333333334
0.5333333333333333
0.5925925925925926
0.5925925925925926
0.6296296296296297
0.5925925925925926
0.8181818181818181
0.26732673267326734
0.32499999999999996
0.3113207547169812
0.36708860759493667
0.32499999999999996
0.2941176470588235
0.30000000000000004
0.4639175257731959
0.575
0.5128205128205128
0.9444444444444444
0.47058823529411764
0.8888888888888888
0.4901960784313726
0.8888888888888888
0.47058823529411764
0.8888888888888888
0.6
0.8888888888888888
0.575
0.5316455696202531
0.8888888888888888
0.6071428571428572
0.8888888888888888
0.575
0.5735294117647058
0.8888888888888888
0.6447368421052632
0.8947368421052632
0.8333333333333334
0.7419354838709677
0.9387755102040817
1.0
1.0
1.0
1.0
1.0
1.0
1.0
1.0
1.0
1.0
1.0
1.0
1.0
1.0
1.0
1.0
1.0
1.0
1.0
1.0
1.0
1.0
1.0
0.9130434782608696
0.9090909090909091
1.0
1.0
1.0
0.7777777777777778
0.7096774193548387
0.5454545454545454
0.40740740740740744
0.5185185185185186
0.40740740740740744
0.9770114942528736
0.8648648648648649
0.9818181818181818
0.9782608695652174
1.0
1.0
1.0
1.0
1.0
1.0
1.0
1.0
1.0
0.3472222222222222
0.9347826086956522
0.9555555555555556
0.9444444444444444
0.5696202531645569
0.5316455696202531
0.5569620253164558
0.5443037974683544
0.9230769230769231
0.6708860759493671
0.4107142857142857
0.5094339622641509
0.6708860759493671
0.6329113924050633
0.6329113924050633
0.6329113924050633
0.6329113924050633
0.6708860759493671
1.0
1.0
1.0
1.0
1.0
1.0
0.6285714285714286
0.6
0.6708860759493671
0.7333333333333334
0.7
0.7333333333333334
0.7333333333333334
0.7741935483870968
0.7419354838709677
0.7419354838709677
0.7419354838709677
0.7419354838709677
0.8064516129032258
0.8787878787878788
0.875
0.8571428571428572
0.8
0.8
0.8
0.8
0.8
0.8888888888888888
0.6708860759493671
0.6708860759493671
0.620253164556962
0.37142857142857144
0.9166666666666666
0.4693877551020408
0.4411764705882353
1.0
1.0
1.0
1.0
1.0
1.0
1.0
0.9528301886792453
1.0
1.0
1.0
1.0
1.0
1.0
0.9206349206349207
1.0
0.9583333333333334
0.9540229885057472
0.9540229885057472
0.9761904761904762
0.9722222222222222
0.9310344827586207
1.0
1.0
1.0
1.0
1.0
0.8333333333333334
0.9130434782608696
0.9130434782608696
1.0
1.0
1.0
1.0
0.8888888888888888
0.627906976744186
0.8518518518518519
0.8461538461538461
0.8518518518518519
1.0
0.8888888888888888
0.8888888888888888
0.7777777777777778
0.7777777777777778
1.0
0.8888888888888888
0.8888888888888888
0.7777777777777778
0.7777777777777778
1.0
0.575
0.5161290322580645
0.9444444444444444
0.65
0.9444444444444444
0.5098039215686274
0.9444444444444444
0.4901960784313726
0.8888888888888888
0.65
0.8888888888888888
0.575
0.42000000000000004
0.8888888888888888
0.5142857142857142
0.9444444444444444
0.575
0.4943820224719101
0.9444444444444444
0.5212765957446808
0.9444444444444444
0.575
0.4871794871794872
0.8888888888888888
0.6
0.8888888888888888
0.47058823529411764
0.8888888888888888
0.47058823529411764
0.8888888888888888
0.6
0.8888888888888888
0.575
0.44999999999999996
0.9444444444444444
0.4722222222222222
0.8947368421052632
0.575
0.4782608695652174
0.8947368421052632
0.5051546391752577
0.8947368421052632
1.0
0.8888888888888888
0.9166666666666666
1.0
0.6333333333333333
1.0
0.8888888888888888
0.8611111111111112
1.0
1.0
1.0
1.0
1.0
1.0
1.0
1.0
0.95
0.95
1.0
1.0
1.0
0.46875
0.975
0.2952380952380952
0.2710280373831776
0.26168224299065423
0.26168224299065423
0.26168224299065423
0.85
0.5833333333333333
0.5679012345679013
0.5679012345679013
0.5679012345679013
0.5679012345679013
0.5555555555555556
0.5555555555555556
0.5555555555555556
0.5555555555555556
0.5595238095238095
0.35443037974683544
0.35443037974683544
0.36708860759493667
0.36708860759493667
0.35443037974683544
0.35443037974683544
0.35443037974683544
0.35443037974683544
0.3417721518987342
0.3417721518987342
0.3417721518987342
0.3417721518987342
0.3417721518987342
0.3417721518987342
0.3417721518987342
0.3417721518987342
0.3417721518987342
0.3417721518987342
0.36708860759493667
0.36708860759493667
0.3924050632911392
0.5569620253164558
0.379746835443038
0.40506329113924056
0.5569620253164558
0.379746835443038
0.40506329113924056
0.8717948717948718
