[0]
[1]
[2]
[3]
[4]
[5]
[6]
[7]
[8, 9]
[8, 9]
[10]
[11]
[12, 13]
[12, 13]
[14]
[15]
[16]
[17]
[18, 20]
[19, 21]
[18, 20]
[19, 21]
[22, 24]
[23, 25]
[22, 24]
[23, 25]
[26, 27]
[26, 27]
[28]
[29]
[30]
[31]
[32, 35]
[33, 34]
[33, 34]
[32, 35]
[36]
[37]
[353, 390, 391]
[353, 390, 391]
[40]
[41]
[42, 43, 44, 45, 46, 47, 48, 49, 50, 51]
[42, 43, 44, 45, 46, 47, 48, 49, 50, 51]
[42, 43, 44, 45, 46, 47, 48, 49, 50, 51]
[42, 43, 44, 45, 46, 47, 48, 49, 50, 51]
[42, 43, 44, 45, 46, 47, 48, 49, 50, 51]
[42, 43, 44, 45, 46, 47, 48, 49, 50, 51]
[42, 43, 44, 45, 46, 47, 48, 49, 50, 51]
[42, 43, 44, 45, 46, 47, 48, 49, 50, 51]
[42, 43, 44, 45, 46, 47, 48, 49, 50, 51]
[42, 43, 44, 45, 46, 47, 48, 49, 50, 51]
[52, 53, 54, 55, 56, 57, 58, 59, 60, 61, 62, 63]
[52, 53, 54, 55, 56, 57, 58, 59, 60, 61, 62, 63]
[52, 53, 54, 55, 56, 57, 58, 59, 60, 61, 62, 63]
[52, 53, 54, 55, 56, 57, 58, 59, 60, 61, 62, 63]
[52, 53, 54, 55, 56, 57, 58, 59, 60, 61, 62, 63]
[52, 53, 54, 55, 56, 57, 58, 59, 60, 61, 62, 63]
[52, 53, 54, 55, 56, 57, 58, 59, 60, 61, 62, 63]
[52, 53, 54, 55, 56, 57, 58, 59, 60, 61, 62, 63]
[52, 53, 54, 55, 56, 57, 58, 59, 60, 61, 62, 63]
[52, 53, 54, 55, 56, 57, 58, 59, 60, 61, 62, 63]
[52, 53, 54, 55, 56, 57, 58, 59, 60, 61, 62, 63]
[52, 53, 54, 55, 56, 57, 58, 59, 60, 61, 62, 63]
[67]
[64]
[8, 9, 10, 12, 13, 14, 16, 64, 65, 78, 79, 80, 81]
[11, 15, 17]
[28, 66, 77]
[67]
[68]
[69]
[70, 71]
[70, 71]
[72]
[73]
[74]
[75, 76]
[75, 76]
[77]
[78, 79]
[78, 79]
[80, 81]
[80, 81]
[82]
[83]
[84]
[85]
[86]
[87]
[88]
[89]
[90]
[91]
[92]
[93]
[94]
[95]
[96]
[97]
[98]
[99]
[100, 101]
[100, 101]
[102, 103, 104, 105, 106, 252, 253, 254, 255, 256]
[102, 103, 104, 105, 106, 252, 253, 254, 255, 256]
[102, 103, 104, 105, 106, 252, 253, 254, 255, 256]
[102, 103, 104, 105, 106, 252, 253, 254, 255, 256]
[102, 103, 104, 105, 106, 252, 253, 254, 255, 256]
[107, 108]
[107, 108]
[109, 257]
[126, 127, 128, 130, 131, 132, 230, 231, 232, 234, 235, 236, 258, 259, 260, 262, 263, 264]
[126, 127, 128, 130, 131, 132, 230, 231, 232, 234, 235, 236, 258, 259, 260, 262, 263, 264]
[126, 127, 128, 130, 131, 132, 230, 231, 232, 234, 235, 236, 258, 259, 260, 262, 263, 264]
[125, 129, 229, 233, 261, 265]
[126, 127, 128, 130, 131, 132, 230, 231, 232, 234, 235, 236, 258, 259, 260, 262, 263, 264]
[126, 127, 128, 130, 131, 132, 230, 231, 232, 234, 235, 236, 258, 259, 260, 262, 263, 264]
[126, 127, 128, 130, 131, 132, 230, 231, 232, 234, 235, 236, 258, 259, 260, 262, 263, 264]
[125, 129, 229, 233, 261, 265]
[133, 134, 135, 266, 267, 268, 296, 297, 298]
[133, 134, 135, 266, 267, 268, 296, 297, 298]
[133, 134, 135, 266, 267, 268, 296, 297, 298]
[136, 269, 299]
[137, 270, 300]
[138, 271, 301]
[139, 272, 302]
[140, 273, 303]
[141, 274, 304]
[142, 275, 305]
[143, 276, 306]
[144, 277, 307]
[145, 278, 308]
[146, 279, 309]
[147, 280, 310]
[124, 148, 281, 311]
[123, 149, 282, 312]
[122, 150, 283, 313]
[121, 151, 284, 314]
[120, 152, 285, 315]
[119, 153, 286, 316]
[118, 154, 287, 317]
[117, 155, 288, 318]
[116, 156, 289, 319]
[115, 157, 290, 320]
[114, 158, 291, 321]
[113, 159, 292, 322]
[110, 111, 112, 160, 161, 162, 293, 294, 295, 323, 324, 325]
[110, 111, 112, 160, 161, 162, 293, 294, 295, 323, 324, 325]
[110, 111, 112, 160, 161, 162, 293, 294, 295, 323, 324, 325]
[163, 164]
[163, 164]
[165, 167]
[166, 168]
[165, 167]
[166, 168]
[169, 170]
[169, 170]
[169, 170, 171, 172, 173, 174]
[169, 170, 171, 172, 173, 174]
[169, 170, 171, 172, 173, 174]
[18, 20]
[97, 110, 111, 112, 126, 127, 128, 130, 131, 132, 133, 134, 135, 160, 161, 162, 175, 208, 230, 231, 232, 234, 235, 236, 258, 259, 260, 262, 263, 264, 266, 267, 268, 293, 294, 295, 296, 297, 298, 323, 324, 325, 404, 405, 406, 407, 408, 409, 410, 411, 412, 413]
[176, 177, 178, 179, 180, 183, 184, 185, 186, 187, 188, 189, 190, 191, 192, 224, 225, 226, 227, 228]
[176, 177, 178, 179, 180, 183, 184, 185, 186, 187, 188, 189, 190, 191, 192, 224, 225, 226, 227, 228]
[176, 177, 178, 179, 180, 183, 184, 185, 186, 187, 188, 189, 190, 191, 192, 224, 225, 226, 227, 228]
[176, 177, 178, 179, 180, 183, 184, 185, 186, 187, 188, 189, 190, 191, 192, 224, 225, 226, 227, 228]
[176, 177, 178, 179, 180, 183, 184, 185, 186, 187, 188, 189, 190, 191, 192, 224, 225, 226, 227, 228]
[181]
[182]
[176, 177, 178, 179, 180, 183, 184, 185, 186, 187, 188, 189, 190, 191, 192, 224, 225, 226, 227, 228]
[176, 177, 178, 179, 180, 183, 184, 185, 186, 187, 188, 189, 190, 191, 192, 224, 225, 226, 227, 228]
[176, 177, 178, 179, 180, 183, 184, 185, 186, 187, 188, 189, 190, 191, 192, 224, 225, 226, 227, 228]
[176, 177, 178, 179, 180, 183, 184, 185, 186, 187, 188, 189, 190, 191, 192, 224, 225, 226, 227, 228]
[176, 177, 178, 179, 180, 183, 184, 185, 186, 187, 188, 189, 190, 191, 192, 224, 225, 226, 227, 228]
[176, 177, 178, 179, 180, 183, 184, 185, 186, 187, 188, 189, 190, 191, 192, 224, 225, 226, 227, 228]
[176, 177, 178, 179, 180, 183, 184, 185, 186, 187, 188, 189, 190, 191, 192, 224, 225, 226, 227, 228]
[176, 177, 178, 179, 180, 183, 184, 185, 186, 187, 188, 189, 190, 191, 192, 224, 225, 226, 227, 228]
[176, 177, 178, 179, 180, 183, 184, 185, 186, 187, 188, 189, 190, 191, 192, 224, 225, 226, 227, 228]
[176, 177, 178, 179, 180, 183, 184, 185, 186, 187, 188, 189, 190, 191, 192, 224, 225, 226, 227, 228]
[193, 194, 195, 196, 197]
[193, 194, 195, 196, 197]
[193, 194, 195, 196, 197]
[193, 194, 195, 196, 197]
[193, 194, 195, 196, 197]
[198, 199, 200, 201, 202]
[198, 199, 200, 201, 202]
[198, 199, 200, 201, 202]
[198, 199, 200, 201, 202]
[198, 199, 200, 201, 202]
[203, 204, 205, 206, 207]
[203, 204, 205, 206, 207]
[203, 204, 205, 206, 207]
[203, 204, 205, 206, 207]
[203, 204, 205, 206, 207]
[208]
[209]
[210]
[211]
[212]
[213]
[214]
[215]
[216]
[217]
[218]
[219]
[220]
[221]
[222]
[223]
[176, 177, 178, 179, 180, 183, 184, 185, 186, 187, 188, 189, 190, 191, 192, 224, 225, 226, 227, 228]
[176, 177, 178, 179, 180, 183, 184, 185, 186, 187, 188, 189, 190, 191, 192, 224, 225, 226, 227, 228]
[176, 177, 178, 179, 180, 183, 184, 185, 186, 187, 188, 189, 190, 191, 192, 224, 225, 226, 227, 228]
[176, 177, 178, 179, 180, 183, 184, 185, 186, 187, 188, 189, 190, 191, 192, 224, 225, 226, 227, 228]
[176, 177, 178, 179, 180, 183, 184, 185, 186, 187, 188, 189, 190, 191, 192, 224, 225, 226, 227, 228]
[125, 129, 229, 233, 261, 265]
[126, 127, 128, 130, 131, 132, 230, 231, 232, 234, 235, 236, 258, 259, 260, 262, 263, 264]
[126, 127, 128, 130, 131, 132, 230, 231, 232, 234, 235, 236, 258, 259, 260, 262, 263, 264]
[126, 127, 128, 130, 131, 132, 230, 231, 232, 234, 235, 236, 258, 259, 260, 262, 263, 264]
[125, 129, 229, 233, 261, 265]
[126, 127, 128, 130, 131, 132, 230, 231, 232, 234, 235, 236, 258, 259, 260, 262, 263, 264]
[126, 127, 128, 130, 131, 132, 230, 231, 232, 234, 235, 236, 258, 259, 260, 262, 263, 264]
[126, 127, 128, 130, 131, 132, 230, 231, 232, 234, 235, 236, 258, 259, 260, 262, 263, 264]
[237]
[107, 108, 348, 349, 380, 381]
[239, 391]
[107, 108]
[241]
[242, 353]
[332, 333, 356, 357, 364, 365, 382, 383]
[332, 333, 356, 357, 364, 365, 382, 383]
[245, 246, 334, 335, 358, 359, 366, 367, 384, 385]
[245, 246, 334, 335, 358, 359, 366, 367, 384, 385]
[102, 103, 104, 105, 106, 176, 177, 178, 179, 180, 183, 184, 185, 186, 187, 188, 189, 190, 191, 192, 193, 194, 195, 196, 197, 198, 199, 200, 201, 202, 203, 204, 205, 206, 207, 224, 225, 226, 227, 228, 252, 253, 254, 255, 256]
[102, 103, 104, 105, 106, 176, 177, 178, 179, 180, 183, 184, 185, 186, 187, 188, 189, 190, 191, 192, 193, 194, 195, 196, 197, 198, 199, 200, 201, 202, 203, 204, 205, 206, 207, 224, 225, 226, 227, 228, 252, 253, 254, 255, 256]
[249, 250, 338, 339, 362, 363, 370, 371, 388, 389]
[249, 250, 338, 339, 362, 363, 370, 371, 388, 389]
[251]
[102, 103, 104, 105, 106, 252, 253, 254, 255, 256]
[102, 103, 104, 105, 106, 252, 253, 254, 255, 256]
[102, 103, 104, 105, 106, 252, 253, 254, 255, 256]
[102, 103, 104, 105, 106, 252, 253, 254, 255, 256]
[102, 103, 104, 105, 106, 252, 253, 254, 255, 256]
[109, 257]
[126, 127, 128, 130, 131, 132, 230, 231, 232, 234, 235, 236, 258, 259, 260, 262, 263, 264]
[126, 127, 128, 130, 131, 132, 230, 231, 232, 234, 235, 236, 258, 259, 260, 262, 263, 264]
[126, 127, 128, 130, 131, 132, 230, 231, 232, 234, 235, 236, 258, 259, 260, 262, 263, 264]
[125, 129, 229, 233, 261, 265]
[126, 127, 128, 130, 131, 132, 230, 231, 232, 234, 235, 236, 258, 259, 260, 262, 263, 264]
[126, 127, 128, 130, 131, 132, 230, 231, 232, 234, 235, 236, 258, 259, 260, 262, 263, 264]
[126, 127, 128, 130, 131, 132, 230, 231, 232, 234, 235, 236, 258, 259, 260, 262, 263, 264]
[125, 129, 229, 233, 261, 265]
[133, 134, 135, 266, 267, 268, 296, 297, 298]
[133, 134, 135, 266, 267, 268, 296, 297, 298]
[133, 134, 135, 266, 267, 268, 296, 297, 298]
[136, 269, 299]
[137, 270, 300]
[138, 271, 301]
[139, 272, 302]
[140, 273, 303]
[141, 274, 304]
[142, 275, 305]
[143, 276, 306]
[144, 277, 307]
[145, 278, 308]
[146, 279, 309]
[147, 280, 310]
[124, 148, 281, 311]
[123, 149, 282, 312]
[122, 150, 283, 313]
[121, 151, 284, 314]
[120, 152, 285, 315]
[119, 153, 286, 316]
[118, 154, 287, 317]
[117, 155, 288, 318]
[116, 156, 289, 319]
[115, 157, 290, 320]
[114, 158, 291, 321]
[113, 159, 292, 322]
[110, 111, 112, 160, 161, 162, 293, 294, 295, 323, 324, 325]
[110, 111, 112, 160, 161, 162, 293, 294, 295, 323, 324, 325]
[110, 111, 112, 160, 161, 162, 293, 294, 295, 323, 324, 325]
[133, 134, 135, 266, 267, 268, 296, 297, 298]
[133, 134, 135, 266, 267, 268, 296, 297, 298]
[133, 134, 135, 266, 267, 268, 296, 297, 298]
[136, 269, 299]
[137, 270, 300]
[138, 271, 301]
[139, 272, 302]
[140, 273, 303]
[141, 274, 304]
[142, 275, 305]
[143, 276, 306]
[144, 277, 307]
[145, 278, 308]
[146, 279, 309]
[147, 280, 310]
[124, 148, 281, 311]
[123, 149, 282, 312]
[122, 150, 283, 313]
[121, 151, 284, 314]
[120, 152, 285, 315]
[119, 153, 286, 316]
[118, 154, 287, 317]
[117, 155, 288, 318]
[116, 156, 289, 319]
[115, 157, 290, 320]
[114, 158, 291, 321]
[113, 159, 292, 322]
[110, 111, 112, 160, 161, 162, 293, 294, 295, 323, 324, 325]
[110, 111, 112, 160, 161, 162, 293, 294, 295, 323, 324, 325]
[110, 111, 112, 160, 161, 162, 293, 294, 295, 323, 324, 325]
[326]
[327]
[328, 329]
[328, 329]
[330, 331]
[330, 331]
[332, 333]
[332, 333]
[334, 335]
[334, 335]
[336, 337]
[336, 337]
[338, 339]
[338, 339]
[340]
[341, 342]
[341, 342]
[343]
[344]
[345, 346]
[345, 346]
[347]
[348, 349]
[348, 349]
[251, 350]
[352]
[353]
[354, 355, 431, 432]
[354, 355, 431, 432]
[332, 333, 356, 357, 364, 365, 382, 383]
[332, 333, 356, 357, 364, 365, 382, 383]
[245, 246, 334, 335, 358, 359, 366, 367, 384, 385]
[245, 246, 334, 335, 358, 359, 366, 367, 384, 385]
[368, 369]
[368, 369]
[249, 250, 338, 339, 362, 363, 370, 371, 388, 389]
[249, 250, 338, 339, 362, 363, 370, 371, 388, 389]
[243, 244]
[243, 244]
[245, 246, 334, 335, 358, 359, 366, 367, 384, 385]
[245, 246, 334, 335, 358, 359, 366, 367, 384, 385]
[382, 383]
[382, 383]
[388, 389]
[388, 389]
[380, 381]
[380, 381]
[341, 342, 345, 346, 373, 374, 377, 378, 427, 428]
[345, 346, 377, 378]
[345, 346, 377, 378]
[348, 349, 380, 381]
[341, 342, 373, 374]
[341, 342, 373, 374]
[341, 342, 373, 374]
[341, 342, 345, 346, 373, 374, 377, 378, 427, 428]
[332, 333, 356, 357, 364, 365, 382, 383]
[332, 333, 356, 357, 364, 365, 382, 383]
[245, 246, 334, 335, 358, 359, 366, 367, 384, 385]
[245, 246, 334, 335, 358, 359, 366, 367, 384, 385]
[386, 387]
[386, 387]
[338, 339]
[338, 339]
[353, 390, 391]
[38, 39]
[392]
[393]
[394, 396, 415, 417]
[395, 397]
[394, 396, 415, 417]
[395, 397]
[398]
[399]
[400]
[401]
[402]
[403]
[404, 405, 406, 407, 408, 409, 410, 411, 412, 413]
[404, 405, 406, 407, 408, 409, 410, 411, 412, 413]
[404, 405, 406, 407, 408, 409, 410, 411, 412, 413]
[404, 405, 406, 407, 408, 409, 410, 411, 412, 413]
[404, 405, 406, 407, 408, 409, 410, 411, 412, 413]
[404, 405, 406, 407, 408, 409, 410, 411, 412, 413]
[404, 405, 406, 407, 408, 409, 410, 411, 412, 413]
[404, 405, 406, 407, 408, 409, 410, 411, 412, 413]
[404, 405, 406, 407, 408, 409, 410, 411, 412, 413]
[404, 405, 406, 407, 408, 409, 410, 411, 412, 413]
[414, 416]
[394, 396, 415, 417]
[414, 416]
[394, 396, 415, 417]
[418, 419]
[418, 419]
[418, 419, 420, 421, 422, 423]
[418, 419, 420, 421, 422, 423]
[418, 419, 420, 421, 422, 423]
[16]
[424, 425]
[424, 425]
[426]
[427, 428]
[427, 428]
[429, 430]
[429, 430]
[431, 432]
[431, 432]
[433]
[109, 257]
[126, 127, 128, 130, 131, 132, 230, 231, 232, 234, 235, 236, 258, 259, 260, 262, 263, 264]
[126, 127, 128, 130, 131, 132, 230, 231, 232, 234, 235, 236, 258, 259, 260, 262, 263, 264]
[126, 127, 128, 130, 131, 132, 230, 231, 232, 234, 235, 236, 258, 259, 260, 262, 263, 264]
[125, 129, 229, 233, 261, 265]
[126, 127, 128, 130, 131, 132, 230, 231, 232, 234, 235, 236, 258, 259, 260, 262, 263, 264]
[126, 127, 128, 130, 131, 132, 230, 231, 232, 234, 235, 236, 258, 259, 260, 262, 263, 264]
[126, 127, 128, 130, 131, 132, 230, 231, 232, 234, 235, 236, 258, 259, 260, 262, 263, 264]
[125, 129, 229, 233, 261, 265]
[133, 134, 135, 266, 267, 268, 296, 297, 298]
[133, 134, 135, 266, 267, 268, 296, 297, 298]
[133, 134, 135, 266, 267, 268, 296, 297, 298]
[136, 269, 299]
[137, 270, 300]
[138, 271, 301]
[139, 272, 302]
[140, 273, 303]
[141, 274, 304]
[142, 275, 305]
[143, 276, 306]
[144, 277, 307]
[145, 278, 308]
[146, 279, 309]
[147, 280, 310]
[124, 148, 281, 311]
[123, 149, 282, 312]
[122, 150, 283, 313]
[121, 151, 284, 314]
[120, 152, 285, 315]
[119, 153, 286, 316]
[118, 154, 287, 317]
[117, 155, 288, 318]
[116, 156, 289, 319]
[115, 157, 290, 320]
[114, 158, 291, 321]
[113, 159, 292, 322]
[110, 111, 112, 160, 161, 162, 293, 294, 295, 323, 324, 325]
[110, 111, 112, 160, 161, 162, 293, 294, 295, 323, 324, 325]
[110, 111, 112, 160, 161, 162, 293, 294, 295, 323, 324, 325]
