[42, 43]
[253, 318]
[111]
[8]
[9]
[10]
[11]
[12]
[13, 14]
[13, 14]
[15, 16]
[15, 16]
[17, 18]
[17, 18]
[19]
[20]
[21]
[22]
[8]
[10]
[8]
[10]
[11]
[12]
[11]
[12]
[9]
[9]
[27, 29]
[34, 46, 48, 55]
[35]
[35]
[39]
[37, 81, 82]
[37, 81, 82]
[39]
[35]
[41]
[312, 313]
[312, 313]
[44]
[44]
[44]
[44]
[44]
[44]
[44]
[44]
[44]
[44]
[44]
[44]
[44, 45]
[44, 45]
[44, 45]
[44, 45]
[44, 45]
[44, 45]
[44, 45]
[44, 45]
[44, 45]
[44, 45]
[44, 45]
[44, 45]
[13, 14, 15, 16, 17, 18, 19, 21, 46, 47, 60, 61, 62, 63]
[13, 14, 15, 16, 17, 18, 19, 21, 46, 47, 60, 61, 62, 63]
[109, 173, 275]
[46, 48]
[2, 114, 178]
[2, 109, 114, 173, 178, 275]
[53, 54]
[53, 54]
[3]
[17, 18, 111]
[111]
[57, 58]
[57, 58]
[33, 47, 50, 59]
[13, 14, 15, 16, 17, 18, 19, 21, 46, 47, 60, 61, 62, 63]
[13, 14, 15, 16, 17, 18, 19, 21, 46, 47, 60, 61, 62, 63]
[13, 14, 15, 16, 17, 18, 19, 21, 46, 47, 60, 61, 62, 63]
[13, 14, 15, 16, 17, 18, 19, 21, 46, 47, 60, 61, 62, 63]
[64]
[65]
[66]
[67]
[68]
[69]
[70]
[71]
[72]
[73]
[74]
[75]
[76]
[77]
[78]
[79]
[80]
[80]
[81, 82]
[81, 82]
[194, 195, 196, 197, 198]
[194, 195, 196, 197, 198]
[194, 195, 196, 197, 198]
[194, 195, 196, 197, 198]
[194, 195, 196, 197, 198]
[83, 84]
[83, 84]
[85, 199]
[86, 87, 88, 200, 201, 202, 250, 251, 252]
[86, 87, 88, 200, 201, 202, 250, 251, 252]
[86, 87, 88, 200, 201, 202, 250, 251, 252]
[89, 203, 249]
[90, 204, 248]
[91, 205, 247]
[92, 206, 246]
[93, 207, 245]
[94, 208, 244]
[95, 209, 243]
[96, 210, 242]
[97, 211, 241]
[98, 212, 240]
[99, 213, 239]
[100, 214, 238]
[101, 105, 179, 183, 215, 219]
[102, 103, 104, 106, 107, 108, 180, 181, 182, 184, 185, 186, 216, 217, 218, 220, 221, 222]
[102, 103, 104, 106, 107, 108, 180, 181, 182, 184, 185, 186, 216, 217, 218, 220, 221, 222]
[102, 103, 104, 106, 107, 108, 180, 181, 182, 184, 185, 186, 216, 217, 218, 220, 221, 222]
[101, 105, 179, 183, 215, 219]
[102, 103, 104, 106, 107, 108, 180, 181, 182, 184, 185, 186, 216, 217, 218, 220, 221, 222]
[102, 103, 104, 106, 107, 108, 180, 181, 182, 184, 185, 186, 216, 217, 218, 220, 221, 222]
[102, 103, 104, 106, 107, 108, 180, 181, 182, 184, 185, 186, 216, 217, 218, 220, 221, 222]
[223, 224, 225]
[223, 224, 225]
[223, 224, 225]
[226]
[227]
[228]
[229]
[230]
[231]
[232]
[233]
[234]
[235]
[236]
[237]
[100, 214, 238]
[99, 213, 239]
[98, 212, 240]
[97, 211, 241]
[96, 210, 242]
[95, 209, 243]
[94, 208, 244]
[93, 207, 245]
[92, 206, 246]
[91, 205, 247]
[90, 204, 248]
[89, 203, 249]
[86, 87, 88, 200, 201, 202, 250, 251, 252]
[86, 87, 88, 200, 201, 202, 250, 251, 252]
[86, 87, 88, 200, 201, 202, 250, 251, 252]
[115, 116]
[115, 116]
[]
[]
[]
[]
[253, 318]
[253, 318]
[110]
[110]
[110]
[337]
[119]
[120, 121, 122, 123, 124, 127, 128, 129, 130, 131, 132, 133, 134, 135, 136, 168, 169, 170, 171, 172]
[120, 121, 122, 123, 124, 127, 128, 129, 130, 131, 132, 133, 134, 135, 136, 168, 169, 170, 171, 172]
[120, 121, 122, 123, 124, 127, 128, 129, 130, 131, 132, 133, 134, 135, 136, 168, 169, 170, 171, 172]
[120, 121, 122, 123, 124, 127, 128, 129, 130, 131, 132, 133, 134, 135, 136, 168, 169, 170, 171, 172]
[120, 121, 122, 123, 124, 127, 128, 129, 130, 131, 132, 133, 134, 135, 136, 168, 169, 170, 171, 172]
[125]
[125, 126]
[120, 121, 122, 123, 124, 127, 128, 129, 130, 131, 132, 133, 134, 135, 136, 168, 169, 170, 171, 172]
[120, 121, 122, 123, 124, 127, 128, 129, 130, 131, 132, 133, 134, 135, 136, 168, 169, 170, 171, 172]
[120, 121, 122, 123, 124, 127, 128, 129, 130, 131, 132, 133, 134, 135, 136, 168, 169, 170, 171, 172]
[120, 121, 122, 123, 124, 127, 128, 129, 130, 131, 132, 133, 134, 135, 136, 168, 169, 170, 171, 172]
[120, 121, 122, 123, 124, 127, 128, 129, 130, 131, 132, 133, 134, 135, 136, 168, 169, 170, 171, 172]
[120, 121, 122, 123, 124, 127, 128, 129, 130, 131, 132, 133, 134, 135, 136, 168, 169, 170, 171, 172]
[120, 121, 122, 123, 124, 127, 128, 129, 130, 131, 132, 133, 134, 135, 136, 168, 169, 170, 171, 172]
[120, 121, 122, 123, 124, 127, 128, 129, 130, 131, 132, 133, 134, 135, 136, 168, 169, 170, 171, 172]
[120, 121, 122, 123, 124, 127, 128, 129, 130, 131, 132, 133, 134, 135, 136, 168, 169, 170, 171, 172]
[120, 121, 122, 123, 124, 127, 128, 129, 130, 131, 132, 133, 134, 135, 136, 168, 169, 170, 171, 172]
[137, 138, 139, 140, 141]
[137, 138, 139, 140, 141]
[137, 138, 139, 140, 141]
[137, 138, 139, 140, 141]
[137, 138, 139, 140, 141]
[142, 143, 144, 145, 146]
[142, 143, 144, 145, 146]
[142, 143, 144, 145, 146]
[142, 143, 144, 145, 146]
[142, 143, 144, 145, 146]
[147, 148, 149, 150, 151]
[147, 148, 149, 150, 151]
[147, 148, 149, 150, 151]
[147, 148, 149, 150, 151]
[147, 148, 149, 150, 151]
[152]
[153]
[154]
[155]
[156]
[157]
[158]
[159]
[160]
[161]
[162]
[163]
[164]
[165]
[166]
[167]
[120, 121, 122, 123, 124, 127, 128, 129, 130, 131, 132, 133, 134, 135, 136, 168, 169, 170, 171, 172]
[120, 121, 122, 123, 124, 127, 128, 129, 130, 131, 132, 133, 134, 135, 136, 168, 169, 170, 171, 172]
[120, 121, 122, 123, 124, 127, 128, 129, 130, 131, 132, 133, 134, 135, 136, 168, 169, 170, 171, 172]
[120, 121, 122, 123, 124, 127, 128, 129, 130, 131, 132, 133, 134, 135, 136, 168, 169, 170, 171, 172]
[120, 121, 122, 123, 124, 127, 128, 129, 130, 131, 132, 133, 134, 135, 136, 168, 169, 170, 171, 172]
[101, 105, 179, 183, 215, 219]
[102, 103, 104, 106, 107, 108, 180, 181, 182, 184, 185, 186, 216, 217, 218, 220, 221, 222]
[102, 103, 104, 106, 107, 108, 180, 181, 182, 184, 185, 186, 216, 217, 218, 220, 221, 222]
[102, 103, 104, 106, 107, 108, 180, 181, 182, 184, 185, 186, 216, 217, 218, 220, 221, 222]
[101, 105, 179, 183, 215, 219]
[102, 103, 104, 106, 107, 108, 180, 181, 182, 184, 185, 186, 216, 217, 218, 220, 221, 222]
[102, 103, 104, 106, 107, 108, 180, 181, 182, 184, 185, 186, 216, 217, 218, 220, 221, 222]
[102, 103, 104, 106, 107, 108, 180, 181, 182, 184, 185, 186, 216, 217, 218, 220, 221, 222]
[187]
[187, 188, 189]
[189]
[280, 281]
[339]
[347]
[290, 291]
[290, 291]
[290, 291]
[290, 291]
[120, 121, 122, 123, 124, 127, 128, 129, 130, 131, 132, 133, 134, 135, 136, 137, 138, 139, 140, 141, 142, 143, 144, 145, 146, 147, 148, 149, 150, 151, 168, 169, 170, 171, 172, 194, 195, 196, 197, 198]
[120, 121, 122, 123, 124, 127, 128, 129, 130, 131, 132, 133, 134, 135, 136, 137, 138, 139, 140, 141, 142, 143, 144, 145, 146, 147, 148, 149, 150, 151, 168, 169, 170, 171, 172, 194, 195, 196, 197, 198]
[92, 206, 229, 246]
[92, 206, 229, 246]
[60, 61]
[194, 195, 196, 197, 198]
[194, 195, 196, 197, 198]
[194, 195, 196, 197, 198]
[194, 195, 196, 197, 198]
[194, 195, 196, 197, 198]
[85, 199]
[102, 103, 104, 106, 107, 108, 180, 181, 182, 184, 185, 186, 216, 217, 218, 220, 221, 222]
[102, 103, 104, 106, 107, 108, 180, 181, 182, 184, 185, 186, 216, 217, 218, 220, 221, 222]
[102, 103, 104, 106, 107, 108, 180, 181, 182, 184, 185, 186, 216, 217, 218, 220, 221, 222]
[101, 105, 179, 183, 215, 219]
[102, 103, 104, 106, 107, 108, 180, 181, 182, 184, 185, 186, 216, 217, 218, 220, 221, 222]
[102, 103, 104, 106, 107, 108, 180, 181, 182, 184, 185, 186, 216, 217, 218, 220, 221, 222]
[102, 103, 104, 106, 107, 108, 180, 181, 182, 184, 185, 186, 216, 217, 218, 220, 221, 222]
[101, 105, 179, 183, 215, 219]
[223, 224, 225]
[223, 224, 225]
[223, 224, 225]
[226]
[227]
[228]
[229]
[230]
[231]
[232]
[233]
[234]
[235]
[236]
[237]
[100, 214, 238]
[99, 213, 239]
[98, 212, 240]
[97, 211, 241]
[96, 210, 242]
[95, 209, 243]
[94, 208, 244]
[93, 207, 245]
[92, 206, 246]
[91, 205, 247]
[90, 204, 248]
[89, 203, 249]
[86, 87, 88, 200, 201, 202, 250, 251, 252]
[86, 87, 88, 200, 201, 202, 250, 251, 252]
[86, 87, 88, 200, 201, 202, 250, 251, 252]
[223, 224, 225]
[223, 224, 225]
[223, 224, 225]
[226]
[227]
[228]
[229]
[230]
[231]
[232]
[233]
[234]
[235]
[236]
[237]
[100, 214, 238]
[99, 213, 239]
[98, 212, 240]
[97, 211, 241]
[96, 210, 242]
[95, 209, 243]
[94, 208, 244]
[93, 207, 245]
[92, 206, 246]
[91, 205, 247]
[90, 204, 248]
[89, 203, 249]
[86, 87, 88, 200, 201, 202, 250, 251, 252]
[86, 87, 88, 200, 201, 202, 250, 251, 252]
[86, 87, 88, 200, 201, 202, 250, 251, 252]
[38]
[254]
[256, 257]
[256, 257]
[344, 345]
[344, 345]
[286, 287, 288, 289, 294, 295]
[286, 287, 288, 289, 294, 295]
[290, 291]
[290, 291]
[120, 121, 122, 123, 124, 127, 128, 129, 130, 131, 132, 133, 134, 135, 136, 137, 138, 139, 140, 141, 142, 143, 144, 145, 146, 147, 148, 149, 150, 151, 168, 169, 170, 171, 172, 194, 195, 196, 197, 198]
[120, 121, 122, 123, 124, 127, 128, 129, 130, 131, 132, 133, 134, 135, 136, 137, 138, 139, 140, 141, 142, 143, 144, 145, 146, 147, 148, 149, 150, 151, 168, 169, 170, 171, 172, 194, 195, 196, 197, 198]
[92, 206, 229, 246]
[92, 206, 229, 246]
[261, 262, 297, 298]
[261, 262, 297, 298]
[261, 262, 297, 298]
[261, 262, 265, 266, 297, 298, 301, 302, 340, 341]
[261, 262, 265, 266, 297, 298, 301, 302, 340, 341]
[265, 266, 301, 302]
[265, 266, 301, 302]
[265, 266, 268, 269, 301, 302, 304, 305, 342, 343]
[265, 266, 268, 269, 301, 302, 304, 305, 342, 343]
[265, 266, 268, 269, 301, 302, 304, 305, 342, 343]
[1, 13, 14, 112, 176, 255, 274]
[6]
[277]
[312, 313]
[344, 345]
[344, 345]
[290, 291]
[290, 291]
[270, 271]
[270, 271]
[120, 121, 122, 123, 124, 127, 128, 129, 130, 131, 132, 133, 134, 135, 136, 137, 138, 139, 140, 141, 142, 143, 144, 145, 146, 147, 148, 149, 150, 151, 168, 169, 170, 171, 172, 194, 195, 196, 197, 198]
[120, 121, 122, 123, 124, 127, 128, 129, 130, 131, 132, 133, 134, 135, 136, 137, 138, 139, 140, 141, 142, 143, 144, 145, 146, 147, 148, 149, 150, 151, 168, 169, 170, 171, 172, 194, 195, 196, 197, 198]
[92, 206, 229, 246]
[92, 206, 229, 246]
[290, 291]
[290, 291]
[190, 191]
[190, 191]
[120, 121, 122, 123, 124, 127, 128, 129, 130, 131, 132, 133, 134, 135, 136, 137, 138, 139, 140, 141, 142, 143, 144, 145, 146, 147, 148, 149, 150, 151, 168, 169, 170, 171, 172, 194, 195, 196, 197, 198]
[120, 121, 122, 123, 124, 127, 128, 129, 130, 131, 132, 133, 134, 135, 136, 137, 138, 139, 140, 141, 142, 143, 144, 145, 146, 147, 148, 149, 150, 151, 168, 169, 170, 171, 172, 194, 195, 196, 197, 198]
[92, 206, 229, 246]
[92, 206, 229, 246]
[297, 298]
[297, 298]
[297, 298]
[261, 262, 265, 266, 297, 298, 301, 302, 340, 341]
[299]
[265, 266, 297, 298, 301, 302]
[265, 266, 297, 298, 301, 302]
[265, 266, 268, 269, 301, 302, 304, 305, 342, 343]
[265, 266, 268, 269, 301, 302, 304, 305, 342, 343]
[265, 266, 268, 269, 301, 302, 304, 305, 342, 343]
[290, 291]
[290, 291]
[282, 283]
[282, 283]
[120, 121, 122, 123, 124, 127, 128, 129, 130, 131, 132, 133, 134, 135, 136, 137, 138, 139, 140, 141, 142, 143, 144, 145, 146, 147, 148, 149, 150, 151, 168, 169, 170, 171, 172, 194, 195, 196, 197, 198]
[120, 121, 122, 123, 124, 127, 128, 129, 130, 131, 132, 133, 134, 135, 136, 137, 138, 139, 140, 141, 142, 143, 144, 145, 146, 147, 148, 149, 150, 151, 168, 169, 170, 171, 172, 194, 195, 196, 197, 198]
[92, 206, 229, 246]
[92, 206, 229, 246]
[312, 313]
[312, 313]
[192, 193]
[315]
[]
[]
[]
[]
[316]
[317]
[318]
[319]
[320]
[321]
[322, 323, 324, 325, 326, 327, 328, 329, 330, 331]
[322, 323, 324, 325, 326, 327, 328, 329, 330, 331]
[322, 323, 324, 325, 326, 327, 328, 329, 330, 331]
[322, 323, 324, 325, 326, 327, 328, 329, 330, 331]
[322, 323, 324, 325, 326, 327, 328, 329, 330, 331]
[322, 323, 324, 325, 326, 327, 328, 329, 330, 331]
[322, 323, 324, 325, 326, 327, 328, 329, 330, 331]
[322, 323, 324, 325, 326, 327, 328, 329, 330, 331]
[322, 323, 324, 325, 326, 327, 328, 329, 330, 331]
[322, 323, 324, 325, 326, 327, 328, 329, 330, 331]
[]
[]
[]
[]
[114, 178]
[114, 178]
[114, 178]
[114, 178]
[114, 178]
[34]
[332, 333]
[332, 333]
[338]
[340, 341]
[340, 341]
[342, 343]
[342, 343]
[344, 345]
[344, 345]
[37, 81, 82]
