0
0.20199309249791833
0.2605556710562624
0.20199309249791833
0.1908740661302035
0.2605556710562624
0.20199309249791833
0.1908740661302035
1.0
1.0
1.0
1.0
1.0
0.5031026124151314
0.5031026124151314
0.5031026124151314
0.5031026124151314
0.5031026124151314
0.5031026124151314
0.5031026124151314
0.7765145304745156
0.5031026124151314
0.7765145304745156
0.5797386715376658
0.5797386715376658
0.5797386715376658
0.5797386715376658
0.5797386715376658
0.5797386715376658
0.5797386715376658
0.5797386715376658
0.5797386715376658
0.5797386715376658
0.15064018498706508
0.15064018498706508
0.17889107755145162
0.11521554337793123
0
0.17578607839334617
0.23790309463326234
0.08340941143953932
0.09269789668627058
0
0
0.10599213135093251
0.10599213135093251
0.3563004293331381
0.3563004293331381
0.15064018498706508
0.1908740661302035
0.15064018498706508
0.1908740661302035
0.2773962289762415
0.11234277891542777
0.11234277891542777
0.15064018498706508
0.2773962289762415
0.11234277891542777
0.11234277891542777
0.15064018498706508
0.20199309249791836
0.20199309249791836
0.20199309249791836
0.20199309249791836
0
0
0
0
0
0
0
0
0
0
0
0
0
0
0
0
0.43161341897075156
0
0
0
0
0.2910691023819054
0
0
0
0
0
0
0
0
0
0
0
0
0
0
0
0
0
0
0
0
0
0
0
0.20199309249791833
0.1908740661302035
0.2605556710562624
0.20199309249791833
0.1908740661302035
0.2605556710562624
0.22576484600261607
0.22576484600261607
0.29526755538240534
0.20199309249791833
0
0
0
0
0
0
0
0
0
0
0
0
0
0
0
0
0
0
0
0
0
0
0
0
0
0
0
0
0
0
0
0
0
0
0
0
0
0
0
0
0
0
0
0
0
0
0
0
0
0
0
0
0
0
0.20199309249791833
0.1908740661302035
0.2605556710562624
0.20199309249791833
0.1908740661302035
0.2605556710562624
0
0
0
0
0
0
0
0
0
0
0
0
0
0
0
0
0
0
0
0
0.2910691023819054
0
0
0
0
0
0
0
0
0
0
0
0
0
0
0
0
0
0
0
0
0
0
0
0
0
0
0
0
0
0
0
0
0
0
0
0
0
0
0
0
0
0
0
0
0
0
0
0
0
0
0
0
0
0.4112070550676187
0.26055567105626243
0.20199309249791833
0.6026014674213717
0.6026014674213717
0
0
0
0
0
0
0
0
0
0
0
0
0
0
0
0
0.2605556710562624
0.20199309249791833
0.12536693798731732
0.2605556710562624
0
0
0
0
0
0
0
0
0
0
0
0
0
0
0
0
0
0
0
0
0
0
0
0
0
0
0
0
0
0
0
0
0
0
0
0
0
0.0986796179798696
0
0
0.1273595297947935
0
0
0
0
0
0
0
0
0
0
0
0
0
0
0
0.29526755538240534
0.29526755538240534
0.20199309249791833
0
0
0
0
0
0
0
0.07970251181266945
0.07970251181266945
0
0
0
