0.5031026124151314
0.6694188517266485
0.8019783064439234
1.0
1.0
1.0
1.0
1.0
1.0000000000000002
1.0000000000000002
1.0000000000000002
1.0
1.0000000000000002
1.0000000000000002
1.0000000000000002
1.0
1.0000000000000002
1.0
1.0000000000000002
1.0000000000000002
1.0000000000000002
1.0000000000000002
1.0000000000000002
1.0000000000000002
1.0000000000000002
1.0000000000000002
1.0000000000000002
1.0000000000000002
0.5031026124151314
0.5031026124151314
0.9239535357171462
0.716811741443062
0.7523197619890014
0.6029748160380572
0.6029748160380572
0.7523197619890014
0.716811741443062
0.8019783064439235
0.5684901084069616
0.5684901084069616
0.7523197619890014
0.7523197619890014
0.7168117414430619
0.7168117414430619
0.7168117414430619
0.7168117414430619
0.7168117414430619
0.7168117414430619
0.7168117414430619
0.7168117414430619
0.7168117414430619
0.7168117414430619
0.6029748160380572
0.6029748160380572
0.6029748160380572
0.6029748160380572
0.6029748160380572
0.6029748160380572
0.6029748160380572
0.6029748160380572
0.6029748160380572
0.6029748160380572
0.6029748160380572
0.6029748160380572
0.4112070550676187
0.4112070550676187
0.20199309249791836
0.3360969272762575
0.20199309249791833
0.6029748160380572
0.7168117414430619
0.7168117414430619
0.6694188517266485
0.6694188517266485
0.5031026124151314
0.7168117414430619
0.7168117414430619
0.6694188517266485
0.6694188517266485
0.5031026124151314
0.5031026124151314
0.5031026124151314
0.5031026124151314
0.5031026124151314
1.0
1.0
1.0
1.0
1.0
1.0
1.0
1.0
1.0
1.0
1.0
1.0
1.0
1.0
1.0
1.0000000000000002
0.6694188517266485
0.8763511049989043
0.6029748160380572
0.6029748160380572
1.0000000000000002
1.0000000000000002
1.0000000000000002
1.0000000000000002
1.0000000000000002
1.0
1.0
0.7523197619890014
1.0000000000000002
1.0000000000000002
1.0000000000000002
1.0
1.0000000000000002
1.0000000000000002
1.0000000000000002
1.0
1.0000000000000002
1.0000000000000002
1.0000000000000002
1.0
1.0
1.0
1.0
1.0
1.0
1.0
1.0
1.0
1.0
1.0
1.0
1.0
1.0
1.0
1.0
1.0
1.0
1.0
1.0
1.0
1.0
1.0
1.0
1.0000000000000002
1.0000000000000002
1.0000000000000002
0.43161341897075156
0.43161341897075156
0.33609692727625756
0.33609692727625756
0.33609692727625756
0.33609692727625756
0.5031026124151314
0.5031026124151314
0.20199309249791833
0.20199309249791833
0.20199309249791833
0.26055567105626243
0.5031026124151314
1.0000000000000002
1.0000000000000002
1.0000000000000002
1.0000000000000002
1.0000000000000002
1.0000000000000002
1.0000000000000002
1.0000000000000002
1.0000000000000002
1.0000000000000002
1.0000000000000002
1.0000000000000002
1.0000000000000002
1.0000000000000002
1.0000000000000002
1.0000000000000002
1.0000000000000002
1.0000000000000002
1.0000000000000002
1.0000000000000002
1.0000000000000002
1.0000000000000002
1.0000000000000002
1.0000000000000002
1.0000000000000002
1.0000000000000002
1.0000000000000002
1.0000000000000002
1.0000000000000002
1.0000000000000002
1.0000000000000002
1.0000000000000002
1.0000000000000002
1.0
1.0
1.0
1.0
1.0
1.0
1.0
1.0
1.0
1.0
1.0
1.0
1.0
1.0
1.0
1.0000000000000002
1.0000000000000002
1.0000000000000002
1.0000000000000002
1.0000000000000002
1.0
1.0000000000000002
1.0000000000000002
1.0000000000000002
1.0
1.0000000000000002
1.0000000000000002
1.0000000000000002
0.6029748160380572
0.4394041187849575
0.6029748160380572
0.5270002516393681
0.6029748160380572
0.6029748160380572
0.5922486215716684
0.5922486215716684
0.7025997416361692
0.7025997416361692
0.3563004293331381
0.3563004293331381
0.40298220897396103
0.40298220897396103
0.5031026124151314
1.0000000000000002
1.0000000000000002
1.0000000000000002
1.0000000000000002
1.0000000000000002
0.7523197619890014
1.0000000000000002
1.0000000000000002
1.0000000000000002
1.0
1.0000000000000002
1.0000000000000002
1.0000000000000002
1.0
1.0000000000000002
1.0000000000000002
1.0000000000000002
1.0
1.0
1.0
1.0
1.0
1.0
1.0
1.0
1.0
1.0
1.0
1.0
1.0
1.0
1.0
1.0
1.0
1.0
1.0
1.0
1.0
1.0
1.0
1.0
1.0000000000000002
1.0000000000000002
1.0000000000000002
1.0000000000000002
1.0000000000000002
1.0000000000000002
1.0
1.0
1.0
1.0
1.0
1.0
1.0
1.0
1.0
1.0
1.0
1.0
1.0
1.0
1.0
1.0
1.0
1.0
1.0
1.0
1.0
1.0
1.0
1.0
1.0000000000000002
1.0000000000000002
1.0000000000000002
0.5031026124151314
1.0000000000000002
1.0
1.0
0.8586557982260814
0.8586557982260814
1.0
1.0
1.0
1.0
1.0
1.0
1.0000000000000002
1.0000000000000002
1.0000000000000002
1.0000000000000002
1.0000000000000002
1.0000000000000002
1.0000000000000002
1.0000000000000002
1.0000000000000002
1.0000000000000002
1.0
1.0
0.20199309249791833
1.0000000000000002
1.0
0.716811741443062
0.716811741443062
0.6279041938452457
0.6279041938452457
0.7025997416361692
0.7025997416361692
0.4881715126795955
0.4881715126795955
0.40298220897396103
0.40298220897396103
0.6914890639979081
0.6914890639979081
0.7025997416361692
0.7025997416361692
0.3525158927680295
0.3525158927680295
0.5762992116029144
0.5762992116029144
0.8350499057520981
0.8350499057520981
0.49089112270955
0.716811741443062
0.716811741443062
0.5270002516393681
0.49089112270955
0.716811741443062
0.716811741443062
0.49089112270955
0.6279041938452457
0.6279041938452457
0.7025997416361692
0.7025997416361692
0.5762992116029144
0.5762992116029144
0.4767792392550708
0.4767792392550708
0.6029748160380572
0.6350012214071283
0.716811741443062
0.7799154245579976
0.33609692727625756
0.33609692727625756
0.33609692727625756
0.33609692727625756
1.0
1.0
1.0
1.0
1.0
1.0
1.0000000000000002
1.0000000000000002
1.0000000000000002
1.0000000000000002
1.0000000000000002
1.0000000000000002
1.0000000000000002
1.0000000000000002
1.0000000000000002
1.0000000000000002
0.33609692727625756
0.33609692727625756
0.33609692727625756
0.33609692727625756
0.5031026124151314
0.5031026124151314
0.20199309249791833
0.20199309249791833
0.20199309249791833
0.20199309249791836
0.5031026124151314
0.5031026124151314
0.5031026124151314
0.8477624970048976
0.8477624970048976
0.8477624970048976
0.8477624970048976
0.8477624970048976
0.8477624970048976
0.6694188517266485
0.7523197619890014
1.0000000000000002
1.0000000000000002
1.0000000000000002
1.0
1.0000000000000002
1.0000000000000002
1.0000000000000002
1.0
1.0000000000000002
1.0000000000000002
1.0000000000000002
1.0
1.0
1.0
1.0
1.0
1.0
1.0
1.0
1.0
1.0
1.0
1.0
1.0
1.0
1.0
1.0
1.0
1.0
1.0
1.0
1.0
1.0
1.0
1.0
1.0000000000000002
1.0000000000000002
1.0000000000000002
