[0]
[1776]
[2830]
[2]
[2830]
[1552, 2935]
[4493]
[25, 26, 964, 965, 966, 967, 1917, 1920, 1921, 1923, 1924, 1925, 1944, 1945, 1946, 1957, 1958, 1960, 1961, 1962, 1969, 4151, 4152, 4153, 4154, 4155, 4159, 4160, 4161, 4162, 4163]
[1357]
[20]
[21]
[22]
[23]
[24]
[2248]
[143, 286, 294, 471, 472, 524, 613, 670, 679, 684, 698, 818, 823, 1011, 1013, 1114, 1649, 2047, 2048, 2049, 2063, 2204, 2637, 2690, 2739, 2896, 3854, 4191, 4277, 4296, 4297, 4298, 4403, 4406, 4451, 4454]
[613, 670, 679, 684, 1114, 2637]
[3103]
[481]
[481]
[2249]
[2249]
[613, 670, 679, 684, 1114, 2637]
[3103]
[481]
[481]
[1456]
[25, 26, 964, 965, 966, 967, 1917, 1920, 1921, 1923, 1924, 1925, 1944, 1945, 1946, 1957, 1958, 1960, 1961, 1962, 1969, 4151, 4152, 4153, 4154, 4155, 4159, 4160, 4161, 4162, 4163]
[28]
[1499, 3868, 3884, 4105, 4108, 4324]
[30]
[31]
[32]
[33]
[40]
[41]
[42]
[44, 595, 1503]
[275, 414, 415, 428, 1112, 1518, 1533, 2049, 2553, 2769, 2850, 3976, 4455]
[679, 2637]
[2205, 2332]
[46]
[50, 51, 3781]
[49]
[52, 67, 69, 82, 1106, 1226, 1227, 1228, 1364, 1750, 1752, 1754, 1756, 1927, 2548, 2952, 3160, 3213, 3887, 3891, 4209]
[53, 2457, 2458]
[56]
[57]
[58]
[59]
[60]
[2249, 3776]
[61]
[4174]
[2249]
[2250, 2251, 2252]
[714, 2303, 2994]
[1341]
[64, 1059, 1683, 2527]
[65]
[66]
[52, 67, 69, 82, 1106, 1226, 1227, 1228, 1364, 1750, 1752, 1754, 1756, 1927, 2548, 2952, 3160, 3213, 3887, 3891, 4209]
[68]
[52, 67, 69, 82, 1106, 1226, 1227, 1228, 1364, 1750, 1752, 1754, 1756, 1927, 2548, 2952, 3160, 3213, 3887, 3891, 4209]
[70]
[71]
[72]
[73, 3624, 3642]
[74, 3649]
[75]
[3864]
[418, 599, 1092]
[2377]
[81]
[52, 67, 69, 82, 1106, 1226, 1227, 1228, 1364, 1750, 1752, 1754, 1756, 1927, 2548, 2952, 3160, 3213, 3887, 3891, 4209]
[1776]
[83]
[85, 86]
[85, 86]
[84]
[87]
[418]
[418]
[1521, 2211, 2237]
[1512]
[2211, 2237]
[288]
[159, 160, 3865, 3866, 3881, 3882]
[611]
[1256]
[1067, 1071]
[665, 1123]
[93]
[94]
[544, 1083, 1314, 2184, 2928, 2929, 3705, 3706, 3962]
[96]
[584, 634, 1733, 1775, 2669, 4074, 4093]
[97, 4213]
[98, 2533, 4214]
[99]
[100]
[101]
[102, 103]
[104, 105, 106, 107]
[104, 105, 106, 107]
[453, 454, 1413, 1502, 1827, 4171]
[453, 454, 1413, 1502, 1827, 4171]
[111, 1776]
[109]
[111]
[2237]
[1341, 1832]
[1341]
[346, 1600]
[346, 1600]
[4246]
[912, 1339, 1340]
[111, 4174]
[109]
[3260]
[115]
[117, 1311]
[117, 1311, 1527, 1528]
[4392]
[123, 322, 2944, 2946]
[1827]
[121, 3276]
[124, 125]
[124, 125]
[126, 127]
[126, 127]
[128]
[129]
[130, 138]
[2878]
[3631]
[133, 136, 201, 241, 893, 2972, 4006, 4007, 4049, 4050, 4051, 4052, 4413, 4414, 4415, 4416, 4417]
[134]
[192]
[193]
[135, 138]
[136]
[137, 139, 4327]
[138]
[137, 139, 4327]
[1766]
[147]
[148, 178, 274, 672, 851, 1504, 2179, 2636, 4012, 4377]
[1458, 4150]
[150]
[151]
[152]
[153, 360]
[154]
[155]
[88, 155, 156]
[156]
[156]
[1118, 1119, 1463, 1464]
[1118, 1119, 1463, 1464]
[1964, 4157]
[162]
[162]
[85, 86, 163, 543, 1495, 3230, 4147, 4342]
[164]
[165]
[166]
[166]
[166]
[167, 168]
[167, 168]
[169]
[170, 177, 1136]
[171]
[172]
[173, 174]
[173, 174]
[175, 176]
[175, 176]
[170, 177, 1136]
[1083, 1314, 2184, 2928, 2929, 3705, 3706, 3962]
[184]
[183, 185]
[183, 185]
[188, 189, 190, 191]
[188, 189, 190, 191]
[3903]
[195, 196, 197, 198]
[195, 196, 197, 198]
[195, 196, 197, 198]
[195, 196, 197, 198]
[199]
[2972]
[200]
[202]
[203]
[206]
[3906]
[420, 421]
[209, 210, 218, 219, 2286, 2287]
[209, 210, 218, 219, 2286, 2287]
[211, 220]
[213, 214, 215, 222, 223, 224, 1936, 1937, 1938, 2165, 2166, 2167, 2294, 2295, 2296]
[213, 214, 215, 222, 223, 224, 1936, 1937, 1938, 2165, 2166, 2167, 2294, 2295, 2296]
[213, 214, 215, 222, 223, 224, 1936, 1937, 1938, 2165, 2166, 2167, 2294, 2295, 2296]
[3085]
[2168, 2169]
[2168, 2169]
[213, 214, 215, 222, 223, 224, 1936, 1937, 1938, 2165, 2166, 2167, 2294, 2295, 2296]
[213, 214, 215, 222, 223, 224, 1936, 1937, 1938, 2165, 2166, 2167, 2294, 2295, 2296]
[213, 214, 215, 222, 223, 224, 1936, 1937, 1938, 2165, 2166, 2167, 2294, 2295, 2296]
[289]
[209, 210, 218, 219, 2286, 2287]
[209, 210, 218, 219, 2286, 2287]
[211, 220]
[213, 214, 215, 222, 223, 224, 1936, 1937, 1938, 2165, 2166, 2167, 2294, 2295, 2296]
[213, 214, 215, 222, 223, 224, 1936, 1937, 1938, 2165, 2166, 2167, 2294, 2295, 2296]
[213, 214, 215, 222, 223, 224, 1936, 1937, 1938, 2165, 2166, 2167, 2294, 2295, 2296]
[3085]
[2168, 2169]
[2168, 2169]
[213, 214, 215, 222, 223, 224, 1936, 1937, 1938, 2165, 2166, 2167, 2294, 2295, 2296]
[213, 214, 215, 222, 223, 224, 1936, 1937, 1938, 2165, 2166, 2167, 2294, 2295, 2296]
[213, 214, 215, 222, 223, 224, 1936, 1937, 1938, 2165, 2166, 2167, 2294, 2295, 2296]
[289]
[4441]
[4441]
[227, 2544, 3270]
[228]
[201]
[229]
[230]
[231]
[232]
[233]
[232, 234, 254, 255, 256, 2972]
[521]
[3233]
[240]
[133, 136, 201, 241, 254, 255, 256, 257, 893, 2972, 4005, 4006, 4007, 4049, 4050, 4051, 4052, 4413, 4414, 4415, 4416, 4417]
[242, 243]
[242, 243]
[244]
[245]
[246]
[247]
[249, 250]
[249, 250]
[251]
[252]
[253]
[254, 255, 256]
[257]
[3903]
[3903]
[2356, 3903]
[3903]
[258]
[2187]
[3702]
[671, 1260, 1316, 1693, 2181, 2639, 2738]
[309, 1261]
[3604]
[3566]
[3953]
[3725]
[259, 260]
[259, 260]
[262]
[268]
[1451, 1549, 1590, 2528, 2835, 2887, 2889, 3769, 3771, 3773, 3907, 4103, 4106, 4281, 4367, 4485]
[269]
[270]
[271, 1007]
[272]
[593]
[148, 178, 274, 672, 851, 1504, 2179, 2636, 4012, 4377]
[2851, 3925, 4379, 4405]
[844, 1086, 2353, 2856, 3572]
[844, 1086, 2353, 2856, 3572]
[2837]
[278, 280]
[3725]
[278, 280]
[281]
[282]
[290, 579, 828, 835, 3644, 4077]
[291]
[1099]
[63]
[1735, 4381]
[451, 2933]
[295]
[1078, 3995]
[2350]
[3179]
[3179]
[297]
[297]
[298]
[298]
[1552, 2935]
[1552, 2935]
[298]
[298]
[305]
[1094, 2635, 2640, 2641, 3283]
[144, 307, 432, 503, 522, 523, 669, 842, 843, 1084, 1096, 1259, 1532, 1712, 2186, 2203, 2247, 2480, 2554, 2600, 2925, 2927, 3669, 3674, 3701, 3709, 3870, 3927, 4073, 4080, 4084, 4271, 4275, 4291, 4309, 4310]
[1097, 1815]
[312]
[314, 507, 641, 3679]
[316]
[362, 508, 1027, 1544, 3093, 3680, 3740, 3743, 3748]
[3309, 3416, 3439, 3453]
[2053, 3298, 3301, 3309, 3416, 3439, 3453, 3474, 3476, 3482, 3485, 3499, 3501, 3504]
[2056, 2057, 3333, 3347, 3365, 3366, 3398, 3475, 3500]
[2056, 2057, 3333, 3347, 3365, 3366, 3398, 3475, 3500]
[539]
[822, 827]
[2056, 2057, 3333, 3347, 3365, 3366, 3398, 3475, 3500]
[4262]
[324, 3815, 3817]
[325, 3816, 3818]
[389, 390, 401, 402]
[389, 390, 401, 402]
[329]
[330]
[331]
[332]
[333]
[2693]
[2693]
[2530]
[2299, 2782]
[337, 376, 2801]
[783]
[87]
[2237]
[1451, 1549, 1590, 2528, 2835, 2887, 2889, 3769, 3771, 3773, 3907, 4103, 4106, 4281, 4367, 4485]
[1695, 1696, 2227, 2228, 4361, 4363]
[785, 4029]
[342]
[343]
[344]
[345]
[346, 1600]
[570, 1148, 1212, 2440, 2456, 3279, 3280, 4389]
[352]
[570, 1148, 1212, 2440, 2456, 3279, 3280, 4389]
[348]
[3195]
[148, 178, 274, 672, 851, 1504, 2179, 2636, 4012, 4377]
[3201, 3202, 3203]
[153, 360]
[151, 281, 674]
[151, 281, 674]
[153, 360]
[153, 360]
[128, 361, 849, 1173, 1507, 2122, 2590, 3071, 3165, 3167, 3196, 3197, 3198, 3201, 3202, 3203, 3281, 3791, 3828, 4002, 4003, 4350, 4471]
[128, 1173, 2122, 3071, 3165, 3167, 3196, 3197, 3198, 3201, 3202, 3203, 3281, 3791, 3828, 4350, 4471]
[128, 1173, 2122, 3071, 3165, 3167, 3196, 3197, 3198, 3201, 3202, 3203, 3281, 3791, 3828, 4350, 4471]
[128, 1173, 2122, 3071, 3165, 3167, 3196, 3197, 3198, 3201, 3202, 3203, 3281, 3791, 3828, 4350, 4471]
[358]
[236, 237, 239, 252, 325, 358, 383, 2133, 2885, 3796, 3798, 3800, 3802, 3804, 3806, 3808, 3810, 3812, 3814, 3816, 3818, 4494]
[362, 508, 1027, 1544, 3093, 3680, 3740, 3743, 3748]
[363]
[364]
[362, 508, 1027, 1544, 3093, 3680, 3740, 3743, 3748]
[365]
[366]
[367]
[368, 1546, 3097, 3747]
[373]
[370]
[371]
[372]
[2687]
[3903]
[3903]
[3903]
[3903]
[1671]
[2350, 3903]
[738]
[2350, 3903]
[686, 687, 1265, 3546, 3547, 4044]
[2455, 3629]
[783, 3615, 3950]
[1372, 2680, 2682, 2684, 4244]
[309, 378, 379, 1036, 1037, 1261, 1373, 1374, 2517, 2518, 2519, 2520, 2681, 2683, 2685, 4233]
[378, 379, 673, 1036, 1037, 1317, 1373, 1374, 1573, 2517, 2518, 2519, 2520, 2681, 2683, 2685, 4233]
[380, 504, 1248]
[1451, 1549, 1590, 2528, 2835, 2887, 2889, 3769, 3771, 3773, 3907, 4103, 4106, 4281, 4367, 4485]
[381]
[1300]
[1083, 1314, 2184, 2928, 2929, 3705, 3706, 3962]
[2661]
[880]
[406]
[1118, 1119, 1463, 1464]
[4198]
[1118, 1119, 1463, 1464]
[1513]
[1093, 3973]
[1094]
[143, 286, 294, 307, 524, 669, 698, 818, 823, 1011, 1013, 1084, 1096, 1259, 1649, 2047, 2048, 2049, 2063, 2204, 2554, 2600, 2690, 2739, 2896, 3701, 3854, 3927, 4191, 4277, 4296, 4297, 4298, 4403, 4406, 4451, 4454]
[1094]
[962]
[513, 1520, 3639]
[1058]
[1058]
[2303]
[4260, 4261]
[3950]
[1302, 1304]
[1298]
[425]
[1786]
[273, 308, 830, 1250, 1428, 2467, 2644, 2718, 2795, 3731, 3777, 4238, 4248, 4293, 4299, 4307, 4312]
[431]
[444]
[442, 2282, 2938, 2954, 3569]
[880]
[2902, 2903]
[1552, 2935]
[1121]
[2363, 2364, 2365, 2366, 2367, 2368, 2369, 2370]
[1185]
[444]
[148, 178, 274, 672, 851, 1504, 2179, 2636, 4012, 4377]
[578, 3994]
[1824, 3173, 4190]
[1083, 1314, 2184, 2928, 2929, 3705, 3706, 3962]
[405]
[777, 778]
[1093, 3973]
[181, 182]
[181, 182]
[1510]
[407]
[407]
[1508]
[1508]
[3586]
[407]
[463]
[3604]
[465]
[466]
[467]
[468]
[611]
[471, 472]
[471, 472]
[468]
[471, 472]
[471, 472]
[414, 415, 428, 597, 616, 766, 1279, 1283, 1533, 2183, 2629, 3189, 4455]
[474]
[4441]
[1450]
[1450]
[496, 4442]
[496, 4442]
[476, 482]
[479, 485, 496, 1081, 1465, 1832, 2157, 3826, 4339, 4442]
[474]
[376, 1540, 1554, 1565, 2106, 2454, 3011, 3915, 4282, 4283, 4284, 4285]
[2635, 2640, 2641, 3283]
[489]
[490]
[491]
[492]
[493]
[494]
[477, 478]
[498, 1116, 1117, 1522, 1529]
[493, 495]
[494]
[1210]
[2530]
[501]
[4122, 4124, 4125]
[2902, 2903]
[536, 1459]
[314, 507, 641, 3679]
[505, 506]
[2102]
[1442]
[2053, 3298, 3301, 3309, 3416, 3439, 3453, 3474, 3476, 3482, 3485, 3499, 3501, 3504]
[80, 512, 925, 2113, 2529, 2536, 2537, 2836, 2886, 2888, 3205, 3234, 3235, 3638, 3770, 3772, 3774, 3906, 4104, 4107, 4280, 4366, 4387, 4388]
[513, 1520, 3639]
[3309, 3342, 3381, 3416, 3439, 3453, 3483, 3505, 3510]
[3309, 3342, 3381, 3416, 3439, 3453, 3483, 3505, 3510]
[3406, 3511]
[518]
[199]
[611]
[686, 687, 1280, 4066]
[536, 1459]
[536, 1459]
[524]
[525, 749, 2757, 3964]
[526, 2581]
[527]
[811, 812, 2846]
[3776]
[451, 2347, 2933, 3854, 3859, 4091, 4094]
[4100]
[3857]
[755, 4000, 4198]
[3874]
[2349]
[1552, 2935]
[2349]
[1332, 2936, 3857]
[3858]
[4385]
[3287]
[1332, 2936, 3857]
[3860, 3861, 3862, 3863]
[536, 1459]
[537]
[683]
[539]
[540]
[541]
[542]
[543]
[4323]
[545]
[546]
[547, 549]
[547, 549]
[548]
[1695, 1696, 2227, 2228]
[781]
[781]
[346, 1600, 4100]
[1162]
[1162]
[555, 556]
[555, 556]
[1341]
[437, 440, 4338]
[3776]
[309, 1261]
[940]
[433, 434, 437, 563, 4333, 4338]
[435, 565]
[437, 4338]
[567]
[568]
[433, 434, 437, 563, 4333, 4338]
[433, 434, 437, 563, 4333, 4338]
[433, 434, 437, 563, 4333, 4338]
[569, 2486, 3659]
[570, 2456, 3279, 3280]
[571]
[572]
[420, 421, 1311]
[420, 421, 1311]
[575]
[576]
[578, 3994]
[290, 579, 828, 835, 3644, 4077]
[580, 581]
[580, 581]
[582]
[583, 2683]
[584, 634, 1733, 1775, 2669, 4074, 4093]
[632]
[586]
[587]
[588, 591]
[588]
[592, 635, 1744, 1781, 1784, 2674]
[3701]
[310, 2924, 3571]
[597, 616, 766, 1283, 2183]
[596, 690, 695, 831, 1060, 1651, 1814, 2629, 2769, 3701, 3703, 4247, 4249, 4295, 4308]
[2635, 2640, 2641, 3283]
[598, 2633]
[3780]
[307, 669, 1084, 1096, 1259, 2355, 2554, 2600, 3701, 3927]
[1271]
[1271]
[3058]
[1094, 3776]
[44, 273, 308, 326, 502, 595, 698, 830, 1250, 1427, 1428, 1503, 1506, 2467, 2644, 2661, 2718, 2795, 3175, 3731, 3777, 4238, 4248, 4293, 4299, 4307, 4312]
[275, 2850]
[604, 2472]
[605]
[606]
[4240, 4241]
[4240, 4241]
[3188, 3287]
[588]
[1513]
[1513]
[1094]
[1290]
[1812]
[275, 2850]
[143, 286, 294, 524, 698, 818, 823, 1011, 1013, 1649, 2047, 2048, 2049, 2063, 2204, 2690, 2739, 2896, 3854, 4191, 4277, 4296, 4297, 4298, 4403, 4406, 4451, 4454]
[1280, 2249, 4066]
[1060, 1814]
[307, 669, 2600, 3927]
[415]
[473, 488, 1531, 1816]
[2635, 2640, 2641, 3283]
[148, 178, 274, 672, 851, 1504, 2179, 2636, 4012, 4377]
[42, 44, 96, 326, 502, 595, 698, 1012, 1289, 1427, 1503, 1506, 1668, 1818, 2661, 2768, 3175, 3176, 3617, 3671, 3820, 3921, 3929, 3977, 4091, 4292, 4305, 4311]
[45, 144, 306, 432, 503, 522, 523, 596, 842, 843, 1532, 1655, 1668, 1712, 1813, 2186, 2203, 2247, 2480, 2895, 2925, 2927, 3669, 3674, 3709, 3870, 3924, 4073, 4080, 4084, 4271, 4275, 4291, 4309, 4310, 4404]
[2049]
[273, 307, 308, 669, 830, 1084, 1096, 1250, 1259, 1428, 2467, 2554, 2600, 2644, 2718, 2795, 3701, 3731, 3777, 3927, 4238, 4248, 4293, 4299, 4307, 4312]
[273, 308, 830, 1085, 1097, 1250, 1428, 1815, 2467, 2480, 2644, 2718, 2795, 3703, 3731, 3777, 4238, 4248, 4293, 4299, 4307, 4312]
[473, 488, 1531, 1816]
[673, 691, 843, 1317, 1573, 1817, 2467, 4238]
[310, 2924, 3571]
[597, 616, 766, 1283, 2183]
[633, 2675]
[1280, 4066]
[2628, 4290]
[1286, 2601, 2808, 2853]
[1282]
[4067]
[1604]
[3776]
[585, 639]
[640]
[314, 507, 641, 3679]
[477, 478]
[3598]
[3683]
[3297, 3477]
[3342, 3381, 3406, 3483, 3505, 3510]
[1124, 2696, 2697, 2716, 3017, 3606]
[1540, 2106, 2454]
[822, 827]
[344]
[653]
[654]
[265, 337, 376, 3011, 3759]
[337, 3759]
[2530]
[781]
[479, 1657, 1658]
[1451, 1549, 1590, 2528, 2835, 2887, 2889, 3769, 3771, 3773, 3907, 4103, 4106, 4281, 4367, 4485]
[660]
[661]
[119]
[483, 484]
[253]
[664]
[3613]
[667]
[1664]
[668]
[2049]
[777, 778]
[777, 778]
[1523, 1524]
[1523, 1524]
[498, 1116, 1117, 1522, 1529]
[880]
[671, 1260, 1316, 1693, 2181, 2639, 2738]
[148, 178, 274, 672, 851, 1504, 2179, 2636, 4012, 4377]
[4013, 4014]
[2635, 2640, 2641, 3283]
[693, 1284, 1575, 2805, 3190]
[1576, 2807]
[143, 286, 294, 524, 698, 818, 823, 1011, 1013, 1649, 2047, 2048, 2049, 2063, 2204, 2690, 2739, 2896, 3854, 4191, 4277, 4296, 4297, 4298, 4403, 4406, 4451, 4454]
[1009, 1288, 1578, 2602, 3192]
[4068]
[143, 286, 294, 524, 698, 818, 823, 1011, 1013, 1532, 1649, 2047, 2048, 2049, 2063, 2204, 2690, 2739, 2810, 2896, 3854, 4191, 4277, 4296, 4297, 4298, 4403, 4406, 4451, 4454]
[621, 2632]
[621, 2632]
[148, 178, 274, 672, 851, 1504, 2179, 2636, 4012, 4377]
[273, 308, 830, 1250, 1428, 2467, 2644, 2718, 2795, 3731, 3777, 4238, 4248, 4293, 4299, 4307, 4312]
[2635, 2640, 2641, 3283]
[1083, 1314, 2184, 2928, 2929, 3705, 3706, 3962]
[2635, 2640, 2641, 3283]
[2690]
[89, 90]
[700]
[4441]
[1830, 1831, 4195, 4196]
[700]
[1830, 1831, 4195, 4196]
[702]
[703]
[2376]
[705]
[707]
[3675]
[1705, 3615, 3950]
[711]
[1103]
[712, 724]
[1103]
[2530]
[1341]
[3974]
[717, 718]
[97, 4213]
[98, 2533, 4214]
[4001]
[724]
[725]
[726]
[378, 395, 396, 2248]
[2470]
[2256, 3104]
[569, 1184, 2693]
[2256]
[569, 1184, 2693]
[569, 1184, 2693]
[815]
[583]
[746]
[747]
[748]
[202, 2964, 3151, 4490]
[748]
[]
[1644, 1645, 4004, 4263]
[749, 2757, 3964]
[750]
[3058]
[3058]
[758]
[154, 566, 1415, 3858]
[781]
[3828]
[3828]
[788]
[789]
[1552, 2935]
[1552, 2935]
[792, 793]
[792, 793]
[794]
[794]
[2946]
[1446]
[801]
[2868, 2869]
[279, 1963]
[673, 1317, 1573]
[1576, 2807]
[4067]
[98, 1102, 2532, 2533, 4214]
[1627, 1628, 1695, 1696, 2227, 2228]
[279, 1963]
[4202]
[4323]
[4323]
[50, 51, 1499, 3781, 3868, 3884, 4324]
[50, 51, 1499, 3781, 3868, 3884, 4324]
[50, 51, 1499, 3781, 3868, 3884, 4324]
[3867, 4204]
[829]
[829]
[2203]
[144, 310, 432, 503, 522, 523, 842, 843, 1532, 1712, 2186, 2203, 2247, 2480, 2924, 2925, 2927, 3571, 3669, 3674, 3709, 3870, 4073, 4080, 4084, 4271, 4275, 4291, 4309, 4310]
[2470]
[3058]
[846]
[847, 3627]
[848]
[849]
[148, 178, 274, 672, 851, 1504, 2179, 2636, 4012, 4377]
[359, 852]
[853, 854, 855]
[853, 854, 855]
[853, 854, 855]
[856]
[376]
[885]
[536, 1459, 4323]
[159, 160, 3865, 3866, 3881, 3882]
[1499, 3868, 3884, 4324]
[1462]
[267]
[2635, 2640, 2641, 3283]
[309, 1261]
[143, 286, 294, 524, 698, 818, 823, 1011, 1013, 1318, 1602, 1649, 2047, 2048, 2049, 2063, 2204, 2690, 2739, 2896, 3854, 4191, 4277, 4296, 4297, 4298, 4403, 4406, 4451, 4454]
[695, 1287, 4291]
[4067]
[4057]
[3776]
[144, 427, 432, 503, 522, 523, 842, 843, 1532, 1712, 2186, 2203, 2247, 2480, 2925, 2927, 3669, 3674, 3709, 3870, 4073, 4080, 4084, 4271, 4275, 4291, 4309, 4310, 4409]
[3085]
[892]
[133, 136, 201, 241, 254, 255, 256, 257, 893, 2972, 4005, 4006, 4007, 4049, 4050, 4051, 4052, 4413, 4414, 4415, 4416, 4417]
[894]
[896, 897]
[896, 897]
[900, 901]
[900, 901]
[898, 899]
[898, 899]
[904, 905]
[904, 905]
[902, 903, 906, 907]
[902, 903, 906, 907]
[906, 907]
[906, 907]
[908]
[2788]
[910]
[912]
[913]
[2538, 2539]
[4254, 4257, 4429, 4430]
[809]
[1430]
[2866]
[80, 2836, 3205, 3234, 3235]
[917, 3559]
[918, 3560]
[919, 920, 3561, 3562]
[919, 920, 3561, 3562]
[922, 3564, 4402]
[922, 3564]
[923]
[924]
[925]
[926]
[1451, 1549, 1590, 2528, 2835, 2887, 2889, 3769, 3771, 3773, 3907, 4103, 4106, 4281, 4367, 4485]
[1451, 1549, 1590, 2528, 2835, 2887, 2889, 3769, 3771, 3773, 3907, 4103, 4106, 4281, 4367, 4485]
[929]
[1451, 1549, 1590, 2528, 2835, 2887, 2889, 3769, 3771, 3773, 3907, 4103, 4106, 4281, 4367, 4485]
[931]
[932]
[940]
[3860, 3861, 3862, 3863]
[1210]
[936, 937]
[939]
[940]
[941]
[942]
[950]
[951]
[953]
[954]
[955, 963]
[126, 127, 2623, 2959, 2960]
[126, 127, 2623, 2959, 2960]
[126, 127, 2623, 2959, 2960]
[126, 127, 2623, 2959, 2960]
[126, 127, 2623, 2959, 2960]
[956]
[957]
[958]
[126, 127, 2623, 2959, 2960]
[126, 127, 2623, 2959, 2960]
[959]
[126, 127, 2623, 2959, 2960]
[3885, 4203]
[847, 3627]
[2982]
[126, 127, 2623, 2959, 2960]
[955, 963]
[126, 127, 2623, 2959, 2960]
[3605]
[25, 26, 964, 965, 966, 967, 1917, 1920, 1921, 1923, 1924, 1925, 1944, 1945, 1946, 1957, 1958, 1960, 1961, 1962, 1969, 4151, 4152, 4153, 4154, 4155, 4159, 4160, 4161, 4162, 4163]
[969, 975, 1001, 1746, 1913, 1915, 1916]
[977]
[126, 127, 2623, 2959, 2960]
[970]
[969, 975, 1001, 1746, 1913, 1915, 1916]
[971]
[972]
[973]
[974]
[969, 975, 1001, 1746, 1913, 1915, 1916]
[25, 26, 964, 965, 966, 967, 1917, 1920, 1921, 1923, 1924, 1925, 1944, 1945, 1946, 1957, 1958, 1960, 1961, 1962, 1969, 4151, 4152, 4153, 4154, 4155, 4159, 4160, 4161, 4162, 4163]
[976]
[977]
[3854]
[978]
[979]
[1664]
[468]
[4100]
[2936, 3857]
[4199]
[981, 1070]
[514, 515]
[701, 945, 970, 980, 982, 1507, 1512, 2244, 2475, 2477, 2663, 2664, 2665]
[477, 478]
[4441]
[970, 980, 982]
[984]
[985]
[986]
[988]
[989]
[990]
[991]
[992]
[995]
[987]
[993]
[994]
[996]
[997]
[2276]
[2277]
[2278]
[2279]
[2281]
[2280]
[3903]
[3903]
[1832]
[1004]
[3903]
[1008]
[536, 1459]
[4068]
[2855, 4069]
[2635, 2640, 2641, 3283]
[144, 432, 503, 522, 523, 842, 843, 1010, 1532, 1533, 1712, 2186, 2203, 2247, 2352, 2480, 2925, 2927, 3669, 3674, 3709, 3870, 4070, 4073, 4080, 4084, 4271, 4275, 4291, 4307, 4309, 4310]
[3665, 4294]
[2635, 2640, 2641, 3283]
[890, 4072]
[1654]
[273, 275, 308, 830, 1112, 1250, 1428, 1518, 2049, 2467, 2553, 2644, 2718, 2769, 2795, 2850, 3731, 3777, 3976, 4238, 4248, 4293, 4299, 4307, 4312]
[143, 286, 294, 307, 524, 669, 698, 818, 823, 1011, 1013, 1084, 1096, 1259, 1649, 2047, 2048, 2049, 2063, 2204, 2554, 2600, 2690, 2739, 2896, 3701, 3854, 3927, 4191, 4277, 4296, 4297, 4298, 4403, 4406, 4451, 4454]
[143, 286, 294, 471, 472, 524, 613, 670, 679, 684, 698, 818, 823, 1011, 1013, 1114, 1649, 2047, 2048, 2049, 2063, 2204, 2637, 2690, 2739, 2896, 3854, 4191, 4277, 4296, 4297, 4298, 4403, 4406, 4451, 4454]
[143, 286, 294, 524, 673, 691, 698, 818, 823, 843, 1011, 1013, 1317, 1573, 1649, 1817, 2047, 2048, 2049, 2063, 2204, 2467, 2690, 2739, 2896, 3854, 4191, 4238, 4277, 4296, 4297, 4298, 4403, 4406, 4451, 4454]
[143, 286, 294, 524, 597, 616, 698, 766, 818, 823, 1011, 1013, 1279, 1283, 1649, 2047, 2048, 2049, 2063, 2183, 2204, 2629, 2690, 2739, 2896, 3189, 3854, 4191, 4277, 4296, 4297, 4298, 4403, 4406, 4451, 4454]
[143, 286, 294, 524, 694, 698, 818, 823, 1011, 1013, 1286, 1577, 1649, 2047, 2048, 2049, 2063, 2186, 2204, 2601, 2690, 2739, 2808, 2853, 2896, 3854, 4191, 4247, 4277, 4296, 4297, 4298, 4403, 4406, 4451, 4454]
[2352, 4070]
[273, 308, 830, 1250, 1428, 2467, 2644, 2718, 2795, 3731, 3777, 4238, 4248, 4293, 4299, 4307, 4312]
[148, 178, 274, 672, 851, 1504, 2179, 2636, 4012, 4377]
[143, 286, 294, 471, 472, 524, 613, 670, 679, 684, 698, 818, 823, 1011, 1013, 1114, 1649, 2047, 2048, 2049, 2063, 2204, 2637, 2690, 2739, 2896, 3854, 4191, 4277, 4296, 4297, 4298, 4403, 4406, 4451, 4454]
[309, 1261]
[414, 415, 428, 1533, 1603, 2468, 2555, 2662, 3603, 4453, 4455]
[2914]
[3058]
[483, 484, 2155, 2156]
[582]
[407]
[539]
[2649]
[822, 827]
[755, 4000, 4198]
[485]
[3903]
[3903]
[1372, 2520, 2680, 2682, 2684, 4244]
[378, 379, 1036, 1037, 1373, 1374, 2517, 2518, 2519, 2520, 2681, 2683, 2685, 4233]
[310, 378, 379, 614, 615, 1036, 1037, 1373, 1374, 2517, 2518, 2519, 2520, 2681, 2683, 2685, 2924, 3571, 4233]
[380, 1248]
[346, 1600, 4100]
[346, 1600, 4100]
[346, 1600, 4100]
[1038, 1039]
[346, 1600, 4100]
[346, 1600, 4100]
[346, 1600, 4100]
[346, 1600, 4100]
[346, 1600, 4100]
[2455, 3629]
[1049]
[1161]
[1051]
[1052]
[1055, 1718, 1725, 1906]
[1056]
[1055, 1718, 1725, 1906]
[1056]
[1057]
[4045]
[1163, 1305]
[1451, 1549, 1590, 2528, 2835, 2887, 2889, 3769, 3771, 3773, 3907, 4103, 4106, 4281, 4367, 4485]
[640, 3180]
[1072]
[1073]
[149, 594, 1490, 3821, 3855, 3871, 4317]
[596, 690, 695, 831, 1060, 1651, 1814, 2629, 2769, 3701, 3703, 4247, 4249, 4295, 4308]
[811, 812, 2846]
[3776]
[610, 1113]
[670]
[1280, 4066]
[1318]
[1098]
[1099]
[1100]
[2868, 2869]
[2790]
[4254, 4257, 4429, 4430]
[52, 67, 69, 82, 1106, 1226, 1227, 1228, 1364, 1750, 1752, 1754, 1756, 1927, 2548, 2952, 3160, 3213, 3887, 3891, 4209]
[1107, 1108, 1153, 1761, 2404, 2406, 2433, 2439]
[1107, 1108, 1151, 1153, 1761, 2404, 2406, 2433, 2439]
[1104]
[1104]
[1109, 1796]
[1109, 1796]
[1124, 2696]
[167, 168, 1127, 1128, 1547, 1548, 2626, 2627]
[167, 168, 1127, 1128, 1547, 1548, 2626, 2627]
[2733, 2734, 2740, 2741]
[2733, 2734, 2740, 2741]
[1133, 1134]
[1133, 1134]
[1320, 1547, 1548]
[1320, 1547, 1548]
[167, 168, 391, 392, 1125, 1126, 1129, 1130, 1133, 1134, 2735, 2736]
[167, 168, 391, 392, 1125, 1126, 1129, 1130, 1133, 1134, 2735, 2736]
[385, 386, 399, 400, 1125, 1126, 2626, 2627, 2731, 2732]
[385, 386, 399, 400, 1125, 1126, 2626, 2627, 2731, 2732]
[1135]
[170, 177, 1136]
[1135]
[1138]
[1142]
[494, 497]
[4174]
[1144, 1151]
[1050, 1146, 1161, 1252, 1338, 1400, 1404, 1405, 1717, 1722, 1903, 2173]
[2790]
[570, 1148, 1212, 2440, 2456, 3279, 3280, 4389]
[1145]
[1516]
[2788]
[1407]
[1144, 1151]
[1152]
[3157]
[3157]
[1155]
[1156, 1164]
[1157]
[1158]
[1159]
[1161]
[2790]
[1366]
[547, 548, 549, 2865, 2867, 4076, 4112]
[1160]
[1161]
[1162]
[1162]
[1163]
[1164]
[1165]
[1166]
[955, 963, 1167, 1168]
[1167]
[79]
[1171, 1172]
[1171, 1172]
[128, 1173, 2122, 3071, 3165, 3167, 3196, 3197, 3198, 3201, 3202, 3203, 3208, 3209, 3210, 3223, 3224, 3225, 3281, 3791, 3828, 4147, 4225, 4226, 4229, 4350, 4471]
[3144, 4148]
[4315, 4331, 4332]
[1191]
[1640]
[2141]
[2141]
[2843]
[1200]
[1201]
[1200]
[1201]
[608, 609]
[1203]
[3584, 3585, 4117, 4118, 4119, 4120]
[2655]
[3885, 4203]
[1211]
[1148, 1212]
[3761]
[346, 1600, 3048]
[1208]
[1209]
[2354, 2471]
[2472]
[3780]
[3780]
[1213]
[1214]
[3780]
[1657, 1658, 3048]
[2403]
[1215]
[2915]
[1215]
[]
[3780]
[292]
[2271]
[1222]
[1216, 1217]
[1215, 1216, 1217]
[1218]
[2111]
[1221]
[2425]
[1223]
[1224, 2270]
[1225, 1234]
[52, 67, 69, 82, 1106, 1226, 1227, 1228, 1364, 1750, 1752, 1754, 1756, 1927, 2548, 2952, 3160, 3213, 3887, 3891, 4209]
[52, 67, 69, 82, 1106, 1226, 1227, 1228, 1364, 1750, 1752, 1754, 1756, 1927, 2548, 2952, 3160, 3213, 3887, 3891, 4209]
[52, 67, 69, 82, 1106, 1226, 1227, 1228, 1364, 1750, 1752, 1754, 1756, 1927, 2548, 2952, 3160, 3213, 3887, 3891, 4209]
[52, 67, 69, 82, 1106, 1226, 1227, 1228, 1364, 1750, 1752, 1754, 1756, 1927, 2548, 2952, 3160, 3213, 3887, 3891, 4209]
[3828]
[4250]
[1230, 1231]
[1230, 1231]
[1242]
[1233, 1235, 1325, 1630, 3212]
[1235]
[1214, 1225, 1234, 1235, 1236, 1240]
[1237]
[1238]
[1239]
[1240]
[1241]
[1242]
[1243]
[1244]
[1245]
[1246]
[499, 500, 802, 1251]
[1338, 1400, 1404, 1717, 1722, 1903, 2173]
[1338, 1400, 1404, 1717, 1722, 1903, 2173]
[2790]
[878]
[1255]
[79]
[3770]
[603, 2771]
[79]
[2554]
[673, 1317, 1573]
[1602]
[597, 616, 766, 1283, 2183]
[1264, 1266, 1270, 1272]
[4441]
[1264, 1266, 1270, 1272]
[1267]
[211, 220, 1933, 2162, 2292]
[1158, 2425]
[1213, 1262, 1274, 1276, 1322, 2079, 2463, 2464, 2466, 2510, 2514, 2515, 2565, 3890]
[1275]
[1276]
[1277]
[1280, 4066]
[1280, 4066]
[1083, 1314, 2184, 2928, 2929, 3705, 3706, 3962]
[3730]
[273, 308, 830, 1250, 1428, 2467, 2644, 2718, 2795, 3731, 3777, 4238, 4248, 4293, 4299, 4307, 4312, 4411]
[596, 690, 695, 831, 1060, 1651, 1814, 2629, 2769, 3701, 3703, 4247, 4249, 4295, 4308]
[3864]
[1295]
[1357]
[1031]
[1031]
[3917]
[1451, 1549, 1590, 2528, 2835, 2887, 2889, 3769, 3771, 3773, 3907, 4103, 4106, 4281, 4367, 4485]
[3917]
[1451, 1549, 1590, 2528, 2835, 2887, 2889, 3769, 3771, 3773, 3907, 4103, 4106, 4281, 4367, 4485]
[1303]
[1451, 1549, 1590, 2528, 2835, 2887, 2889, 3769, 3771, 3773, 3907, 4103, 4106, 4281, 4367, 4485]
[1527, 1528]
[1300, 1527, 1528]
[1307]
[1307, 1313]
[1527, 1528]
[3906]
[1451, 1549, 1590, 2528, 2835, 2887, 2889, 3769, 3771, 3773, 3907, 4103, 4106, 4281, 4367, 4485]
[1219, 2878]
[262, 446]
[2515]
[1323]
[1324]
[1107, 2513]
[2460]
[149, 594, 1490, 3821, 3855, 3871, 4317]
[306, 1813, 3924, 4404]
[1327, 3775, 4278]
[1328]
[3864]
[797, 2086]
[1657, 1658]
[1680]
[1329, 1819, 3778]
[1330, 1334, 1821, 3779]
[1331]
[1332]
[1333]
[1330, 1334, 1821, 3779]
[1258, 1337]
[1338, 1400, 1404, 1717, 1722, 1903, 2173]
[1339, 1340]
[1339, 1340]
[1339, 1340]
[1347]
[1348]
[1349]
[1350]
[3917]
[1339, 1340]
[1347]
[1451, 1549, 1590, 2528, 2835, 2887, 2889, 3769, 3771, 3773, 3907, 4103, 4106, 4281, 4367, 4485]
[1348]
[596, 690, 692, 695, 831, 1060, 1320, 1651, 1814, 2628, 2629, 2769, 2925, 3701, 3703, 4247, 4249, 4290, 4295, 4308, 4406]
[1576, 2807]
[1287]
[4067]
[4068]
[2635, 2640, 2641, 3283]
[273, 308, 830, 1250, 1428, 1634, 2467, 2644, 2718, 2795, 2812, 3708, 3731, 3777, 4238, 4248, 4293, 4299, 4307, 4312]
[42, 96, 1012, 1289, 1668, 1818, 2768, 3176, 3617, 3671, 3820, 3921, 3929, 3977, 4091, 4292, 4305, 4309, 4311]
[1280, 4066]
[52, 67, 69, 82, 1106, 1226, 1227, 1228, 1364, 1750, 1752, 1754, 1756, 1927, 2548, 2952, 3160, 3213, 3887, 3891, 4209]
[1365]
[1366]
[547, 548, 549, 2865, 2867, 4076, 4112]
[1367, 1368, 1369, 1370]
[1367, 1368, 1369, 1370]
[1367, 1368, 1369, 1370]
[1367, 1368, 1369, 1370]
[1371]
[1289, 1372, 3176]
[1373]
[1374, 2685]
[1375]
[1376]
[1377]
[1378, 1379]
[1378, 1379]
[1380]
[1381]
[1388]
[1389]
[1328]
[4113]
[1392]
[64, 927, 1059, 1158, 1310, 1360, 1683, 2425, 2527, 4251, 4396]
[378, 379, 1036, 1037, 1373, 1374, 2517, 2518, 2519, 2520, 2681, 2683, 2685, 4233]
[1479]
[4397]
[2227, 2228]
[1338, 1400, 1404, 1717, 1722, 1903, 2173]
[2790]
[3584, 3585, 4117, 4118, 4119, 4120]
[1338, 1400, 1404, 1717, 1722, 1903, 2173]
[1338, 1400, 1404, 1717, 1722, 1903, 2173]
[2790]
[2788]
[449, 1409, 4169]
[1824, 3173, 4190]
[544]
[1411, 1412]
[1411, 1412]
[1827]
[836, 1414]
[154, 1415, 3858]
[1416, 1417]
[1416, 1417]
[1148, 1212]
[1148, 1212]
[1419]
[749, 2757, 3964]
[1421]
[2881]
[2881]
[2881]
[1058]
[1423, 1425]
[1424, 1426]
[2851, 3925, 4379, 4405]
[1280, 4066]
[890, 4072]
[1449]
[1450]
[1429]
[1300, 1311, 1527, 1528]
[1311]
[3048]
[1435, 3932]
[1436, 1445]
[1434, 3021, 3292, 4177]
[1435, 3932]
[1439]
[1440]
[1441]
[1442]
[1443]
[1442]
[1436, 1445]
[3297, 3477]
[3749]
[3095, 3739]
[1448]
[1449]
[1450]
[1451, 1549, 1590, 2528, 2835, 2887, 2889, 3769, 3771, 3773, 3907, 4103, 4106, 4281, 4367, 4485]
[1454, 4266]
[1455, 4267]
[1452, 1453]
[1452, 1453]
[2479, 3923, 4452]
[536, 1459]
[1664]
[4197]
[4198]
[2771]
[2771]
[1664]
[2771]
[2771]
[1664]
[1466, 1467, 1468, 1469]
[1466, 1467, 1468, 1469]
[1466, 1467, 1468, 1469]
[1466, 1467, 1468, 1469]
[822, 827]
[2733, 2734, 2740, 2741]
[2733, 2734, 2740, 2741]
[169]
[1472]
[1472]
[1139]
[169]
[169]
[1139]
[64, 4251]
[1451, 1549, 1590, 2528, 2835, 2887, 2889, 3769, 3771, 3773, 3907, 4103, 4106, 4281, 4367, 4485]
[1475]
[311, 598, 621, 844, 891, 1061, 1086, 2205, 2241, 2242, 2332, 2353, 2632, 2699, 2700, 2856, 3232, 3572, 3732, 3736, 4058, 4059, 4081, 4314]
[1476, 1477]
[1476, 1477]
[195, 196, 197, 198, 2730, 2814]
[2063, 2351, 4057, 4293]
[2063, 2351, 4057, 4293]
[292]
[1824, 3173, 4190]
[1830, 1831, 4195, 4196]
[1827]
[1830, 1831, 4195, 4196]
[102, 103]
[102, 103]
[102, 103]
[1489]
[2479, 3923, 4452]
[1493]
[1494]
[1495]
[2155, 2156]
[1664]
[2155, 2156]
[148, 178, 274, 672, 851, 1504, 2179, 2636, 4012, 4377]
[1505]
[1508]
[1509]
[1510]
[1511]
[236, 237, 239, 252, 325, 383, 1505, 2133, 2885, 3796, 3798, 3800, 3802, 3804, 3806, 3808, 3810, 3812, 3814, 3816, 3818, 4494]
[4091]
[1552, 2935]
[1964, 2349, 4157]
[451, 2347, 2933, 3854, 3859, 4091, 4094]
[4097, 4098]
[4246]
[1515]
[1083, 1314, 2184, 2928, 2929, 3705, 3706, 3962]
[1085, 1097, 1815, 2480, 3703]
[686, 687]
[1576, 2807]
[2635, 2640, 2641, 3283]
[680]
[680]
[680]
[1537]
[2726]
[483, 484]
[686, 687, 1265, 3546, 3547, 4044]
[1538]
[1539]
[1540, 2106, 2454]
[1512]
[3146, 4030, 4353, 4355]
[1539]
[1539]
[391, 392, 1547, 1548]
[391, 392, 1547, 1548]
[1451, 1549, 1590, 2528, 2835, 2887, 2889, 3769, 3771, 3773, 3907, 4103, 4106, 4281, 4367, 4485]
[1550, 1551]
[1550, 1551]
[4240, 4241]
[4240, 4241]
[1540, 2106, 2454]
[1540, 2106, 2454]
[2299, 2782, 4426]
[1540, 2106, 2454]
[16, 17, 19, 21, 25, 26, 27, 28, 34, 36, 37, 38, 39, 798, 964, 965, 966, 967, 968, 978, 979, 984, 985, 986, 987, 988, 989, 990, 991, 992, 993, 994, 995, 996, 997, 998, 999, 1000, 1456, 1728, 1729, 1747, 1748, 1763, 1764, 1765, 1767, 1908, 1909, 1910, 1911, 1912, 1914, 1917, 1918, 1919, 1920, 1921, 1922, 1923, 1924, 1925, 1926, 1931, 1932, 1935, 1940, 1941, 1942, 1943, 1944, 1945, 1946, 1947, 1957, 1958, 1960, 1961, 1962, 1969, 2276, 2277, 2278, 2279, 2280, 2281, 2597, 2598, 2756, 2783, 2784, 2785, 2786, 2787, 2820, 2953, 2973, 2974, 3637, 3894, 3989, 3991, 4151, 4152, 4153, 4154, 4155, 4159, 4160, 4161, 4162, 4163, 4164, 4212]
[16, 17, 19, 21, 25, 26, 27, 28, 34, 36, 37, 38, 39, 798, 964, 965, 966, 967, 968, 978, 979, 984, 985, 986, 987, 988, 989, 990, 991, 992, 993, 994, 995, 996, 997, 998, 999, 1000, 1456, 1728, 1729, 1747, 1748, 1763, 1764, 1765, 1767, 1908, 1909, 1910, 1911, 1912, 1914, 1917, 1918, 1919, 1920, 1921, 1922, 1923, 1924, 1925, 1926, 1931, 1932, 1935, 1940, 1941, 1942, 1943, 1944, 1945, 1946, 1947, 1957, 1958, 1960, 1961, 1962, 1969, 2276, 2277, 2278, 2279, 2280, 2281, 2597, 2598, 2756, 2783, 2784, 2785, 2786, 2787, 2820, 2953, 2973, 2974, 3637, 3894, 3989, 3991, 4151, 4152, 4153, 4154, 4155, 4159, 4160, 4161, 4162, 4163, 4164, 4212]
[1559]
[1562]
[3123]
[657]
[2237]
[335, 1540, 1554, 1565, 1704, 2106, 2454, 3083, 3915, 4282, 4283, 4284, 4285]
[2902, 2903]
[1562, 1566]
[1567]
[1568]
[3953]
[3915]
[536, 1459]
[2635, 2640, 2641, 3283]
[143, 286, 294, 524, 698, 818, 823, 1011, 1013, 1649, 2047, 2048, 2049, 2063, 2204, 2690, 2739, 2896, 3854, 4191, 4277, 4296, 4297, 4298, 4403, 4406, 4451, 4454]
[2635, 2640, 2641, 3283]
[536, 1459]
[310, 2924, 3571]
[1280, 4066]
[1009, 1288, 1578, 2602, 3192]
[4057]
[1280, 4066]
[3604]
[1697]
[467, 804, 1660, 2253, 4385]
[1664]
[1255]
[2110]
[420, 421]
[2899]
[467, 804, 1660, 2253, 4385]
[1255]
[811, 812, 2846]
[306, 1813, 3924, 4404]
[2851, 3925, 4379, 4405]
[584, 634, 1733, 1775, 2669, 4074, 4093]
[2472]
[44, 326, 502, 595, 698, 1427, 1503, 1506, 2661, 3175]
[811, 812, 2846]
[811, 812, 2846]
[1506]
[29]
[1776]
[592, 635, 1744, 1781, 1784, 2674]
[1588]
[1451, 1549, 1590, 2528, 2835, 2887, 2889, 3769, 3771, 3773, 3907, 4103, 4106, 4281, 4367, 4485]
[1451, 1549, 1590, 2528, 2835, 2887, 2889, 3769, 3771, 3773, 3907, 4103, 4106, 4281, 4367, 4485]
[1591, 1594]
[1593]
[513, 1520, 3639]
[1591, 1594]
[1099]
[1099]
[2529, 2536, 2537, 3772, 3774, 4104, 4107, 4366]
[1432, 3765]
[1599]
[1451, 1549, 1590, 2528, 2835, 2887, 2889, 3769, 3771, 3773, 3907, 4103, 4106, 4281, 4367, 4485]
[1607]
[414, 415, 428, 504, 1474, 1533, 2630, 2806, 2852, 4455]
[1694]
[42, 96, 429, 1012, 1289, 1638, 1668, 1818, 2768, 3176, 3617, 3671, 3820, 3921, 3929, 3977, 4091, 4292, 4305, 4311]
[144, 432, 503, 522, 523, 842, 843, 1532, 1712, 2186, 2203, 2247, 2480, 2925, 2927, 3669, 3674, 3709, 3870, 4073, 4080, 4084, 4271, 4275, 4291, 4309, 4310]
[2635, 2640, 2641, 3283]
[2470]
[1611, 1612]
[1611, 1612]
[1213, 1262, 1274, 1276, 1322, 2079, 2463, 2464, 2466, 2510, 2514, 2515, 2565, 3890]
[1614]
[1275, 1613, 1614, 2206, 2272, 2395, 2396, 2403, 2426, 2579, 2642]
[1083, 1314, 2184, 2928, 2929, 3705, 3706, 3962]
[200]
[1615]
[2596, 3918]
[1247]
[3287]
[815, 1032, 1034]
[1352]
[755, 4000, 4198]
[755, 4000, 4198]
[1617]
[3227]
[3078, 3162, 3163, 3166, 3168]
[1621]
[1621]
[1622, 3070, 3228, 4008, 4011]
[1623]
[1624]
[1625]
[1626]
[1627, 1628]
[1627, 1628]
[1630]
[1657, 1658]
[1632]
[704]
[1280, 4066]
[1817]
[597, 616, 766, 1283, 2183]
[1083, 1314, 2184, 2928, 2929, 3705, 3706, 3962]
[3776]
[596, 690, 695, 831, 1060, 1651, 1814, 2063, 2351, 2629, 2769, 3701, 3703, 4057, 4247, 4249, 4293, 4295, 4308]
[143, 286, 294, 524, 698, 818, 823, 1010, 1011, 1013, 1533, 1649, 2047, 2048, 2049, 2063, 2204, 2352, 2690, 2739, 2896, 3854, 4070, 4191, 4277, 4296, 4297, 4298, 4307, 4403, 4406, 4451, 4454]
[890, 4072]
[416, 2772]
[844, 1086, 2353, 2856, 3572]
[416, 2772]
[3287]
[3903]
[3903]
[3903]
[3955]
[3955]
[3708]
[889]
[3776]
[1280, 4066]
[143, 286, 294, 524, 698, 818, 823, 1011, 1013, 1649, 2047, 2048, 2049, 2063, 2204, 2690, 2739, 2896, 3854, 4191, 4277, 4296, 4297, 4298, 4403, 4406, 4451, 4454]
[2635, 2640, 2641, 3283]
[2635, 2640, 2641, 3283]
[149, 594, 1490, 3821, 3855, 3871, 4317]
[1094]
[1653]
[1083, 1314, 2184, 2928, 2929, 3705, 3706, 3962]
[307, 669, 1084, 1096, 1259, 2554, 2600, 3701, 3927]
[2331, 3288, 3289, 3290, 3291, 4075]
[4323]
[3885, 4203]
[797, 2086]
[797, 2086]
[413, 1659, 4335, 4341]
[159, 160, 3865, 3866, 3881, 3882]
[159, 160, 3865, 3866, 3881, 3882]
[1666, 2955]
[2656, 2951]
[536, 1459]
[1669]
[1670]
[1671]
[1676, 1677]
[1676, 1677]
[1671, 1674, 1675]
[1671, 1674, 1675]
[1674, 1675]
[1674, 1675]
[1676, 1677]
[1676, 1677]
[1678]
[4333]
[4333]
[309, 1261]
[1684]
[1687, 1688]
[1685]
[1685]
[1552, 2935]
[1803, 1804, 1805, 1806]
[1687, 1688]
[1690]
[1689]
[1689]
[1688]
[309, 1261]
[310, 2924, 3571]
[693, 1284, 2805, 3190]
[1646, 2813, 4071]
[3730]
[1007, 4039]
[1007, 4039]
[1007, 4039]
[1007, 4039]
[1007, 1153, 1891, 1892, 4039]
[781, 847, 2297, 2299, 2372, 2530, 2724, 2782, 3627, 3953, 4426, 4427]
[2704]
[1706]
[137, 139, 4327]
[4328]
[1707, 1983, 1986, 1988, 1990, 2032, 2035, 2037, 2039, 2041, 2043]
[1707, 1983, 1986, 1988, 1990, 2032, 2035, 2037, 2039, 2041, 2043]
[2073]
[596, 690, 695, 831, 1060, 1651, 1814, 2629, 2769, 3701, 3703, 4247, 4249, 4295, 4308]
[311, 489, 598, 621, 844, 1061, 1086, 2205, 2332, 2353, 2632, 2699, 2856, 3232, 3572, 3732, 4058, 4059, 4081, 4314]
[1714]
[1715]
[2149, 2150, 2151]
[]
[1716]
[2114]
[1055, 1718, 1725, 1906]
[1719, 1720]
[1719, 1720]
[407]
[1723, 1904]
[1724, 1905]
[1719, 1720]
[17, 19, 798, 1728, 1729, 1747, 1763, 1767, 1908, 1909, 1912, 1919, 1922, 1931, 1932, 1935, 1942, 1943, 2783, 2785, 2820]
[1730]
[1731]
[584, 634, 1733, 1775, 2669, 4074, 4093]
[1737, 1738]
[1739, 1743, 1783, 1790]
[592, 635, 1744, 1781, 1784, 2674]
[1737, 1738]
[1739, 1743, 1783, 1790]
[592, 635, 1744, 1781, 1784, 2674]
[1742]
[1739, 1743, 1783, 1790]
[592, 635, 1744, 1781, 1784, 2674]
[544]
[1739, 1743, 1783, 1790]
[592, 635, 1744, 1781, 1784, 2674]
[2479, 3923, 4452]
[1749, 1751, 1753, 1755]
[52, 67, 69, 82, 1106, 1226, 1227, 1228, 1364, 1750, 1752, 1754, 1756, 1927, 2548, 2952, 3160, 3213, 3887, 3891, 4209]
[3885, 4203]
[416, 2772]
[42]
[2479, 3923, 4452]
[1749, 1751, 1753, 1755]
[52, 67, 69, 82, 1106, 1226, 1227, 1228, 1364, 1750, 1752, 1754, 1756, 1927, 2548, 2952, 3160, 3213, 3887, 3891, 4209]
[3864]
[1664]
[797, 2086, 3631, 3885, 4203]
[797, 2086, 3631, 3885, 4203]
[306, 1813, 3924, 4404]
[1749, 1751, 1753, 1755]
[52, 67, 69, 82, 1106, 1226, 1227, 1228, 1364, 1750, 1752, 1754, 1756, 1927, 2548, 2952, 3160, 3213, 3887, 3891, 4209]
[1657, 1658]
[1094]
[1094]
[1654]
[1749, 1751, 1753, 1755]
[52, 67, 69, 82, 1106, 1226, 1227, 1228, 1364, 1750, 1752, 1754, 1756, 1927, 2548, 2952, 3160, 3213, 3887, 3891, 4209]
[568]
[1290]
[1657, 1658]
[1657, 1658]
[1757]
[1758]
[1759]
[1760]
[969, 975, 1001, 1746, 1913, 1915, 1916]
[969, 975, 1001, 1746, 1913, 1915, 1916]
[16, 17, 19, 21, 25, 26, 27, 28, 34, 36, 37, 38, 39, 798, 964, 965, 966, 967, 968, 978, 979, 984, 985, 986, 987, 988, 989, 990, 991, 992, 993, 994, 995, 996, 997, 998, 999, 1000, 1456, 1728, 1729, 1747, 1748, 1763, 1764, 1765, 1767, 1908, 1909, 1910, 1911, 1912, 1914, 1917, 1918, 1919, 1920, 1921, 1922, 1923, 1924, 1925, 1926, 1931, 1932, 1935, 1940, 1941, 1942, 1943, 1944, 1945, 1946, 1947, 1957, 1958, 1960, 1961, 1962, 1969, 2276, 2277, 2278, 2279, 2280, 2281, 2597, 2598, 2756, 2783, 2784, 2785, 2786, 2787, 2820, 2953, 2973, 2974, 3637, 3894, 3989, 3991, 4151, 4152, 4153, 4154, 4155, 4159, 4160, 4161, 4162, 4163, 4164, 4212]
[969, 975, 1001, 1746, 1913, 1915, 1916]
[16, 17, 19, 21, 25, 26, 27, 28, 34, 36, 37, 38, 39, 798, 964, 965, 966, 967, 968, 978, 979, 984, 985, 986, 987, 988, 989, 990, 991, 992, 993, 994, 995, 996, 997, 998, 999, 1000, 1456, 1728, 1729, 1747, 1748, 1763, 1764, 1765, 1767, 1908, 1909, 1910, 1911, 1912, 1914, 1917, 1918, 1919, 1920, 1921, 1922, 1923, 1924, 1925, 1926, 1931, 1932, 1935, 1940, 1941, 1942, 1943, 1944, 1945, 1946, 1947, 1957, 1958, 1960, 1961, 1962, 1969, 2276, 2277, 2278, 2279, 2280, 2281, 2597, 2598, 2756, 2783, 2784, 2785, 2786, 2787, 2820, 2953, 2973, 2974, 3637, 3894, 3989, 3991, 4151, 4152, 4153, 4154, 4155, 4159, 4160, 4161, 4162, 4163, 4164, 4212]
[1761]
[1762]
[1833]
[1833]
[1833]
[1764]
[16, 1748, 1765]
[34]
[186, 187, 1768]
[584, 634, 1733, 1775, 2669, 4074, 4093]
[719, 720, 1769, 1770, 2445]
[719, 720, 1769, 1770, 2445]
[2338]
[1771]
[592, 635, 1744, 1781, 1784, 2674]
[1772]
[584, 634, 1733, 1775, 1778, 2669, 4074, 4093]
[592, 635, 1744, 1781, 1784, 2674]
[4083]
[4083]
[584, 634, 1733, 1775, 2669, 4074, 4093]
[1778]
[1779]
[1780]
[592, 635, 1744, 1781, 1784, 2674]
[1782]
[1739, 1743, 1783, 1790]
[592, 635, 1744, 1781, 1784, 2674]
[1786]
[1788, 1789]
[1788, 1789]
[1739, 1743, 1783, 1790]
[592, 635, 1744, 1781, 1784, 2674]
[1791]
[1792]
[1793, 4480]
[1795]
[1796]
[1797, 1798]
[1799, 1800, 1801, 1802]
[1799, 1800, 1801, 1802]
[1799, 1800, 1801, 1802]
[1799, 1800, 1801, 1802]
[1803, 1804, 1805, 1806]
[1803, 1804, 1805, 1806]
[1803, 1804, 1805, 1806]
[1803, 1804, 1805, 1806]
[1807, 1808]
[1807, 1808]
[1809]
[1810]
[1704, 3083]
[1327, 3775, 4278]
[306, 1813, 3924, 4404]
[3701]
[679, 2637]
[1574, 1601, 2203]
[1280, 4066]
[1474, 2630, 2806, 2852]
[2635, 2640, 2641, 3283]
[273, 308, 694, 830, 1250, 1286, 1428, 1577, 2186, 2467, 2601, 2644, 2718, 2795, 2808, 2853, 3731, 3777, 4238, 4247, 4248, 4293, 4299, 4307, 4312]
[676, 3974]
[1822, 2306]
[544]
[1824, 3173, 4190]
[3854]
[1825]
[1826]
[1827]
[840]
[840]
[3179]
[3179]
[1830, 1831, 4195, 4196]
[1830, 1831, 4195, 4196]
[1552, 2935]
[1832]
[1833]
[1683, 2527]
[1835, 1838]
[2394]
[1875, 1880, 1882, 1886, 1889, 1895, 1900]
[1835, 1838]
[1845]
[1846]
[1847, 1852, 1870]
[1848, 1853, 1871]
[1850, 1855, 2419, 2420]
[1850, 1855, 2419, 2420]
[1851, 1856, 1872]
[1847, 1852, 1870]
[1848, 1853, 1871]
[1850, 1855, 2419, 2420]
[1850, 1855, 2419, 2420]
[1851, 1856, 1872]
[1857, 1858]
[1857, 1858]
[79]
[79]
[1803, 1804, 1805, 1806]
[1803, 1804, 1805, 1806]
[2413]
[1865]
[1803, 1804, 1805, 1806]
[1803, 1804, 1805, 1806]
[1432, 3765]
[1432, 3765]
[1847, 1852, 1870]
[1848, 1853, 1871]
[1851, 1856, 1872]
[1683, 2527]
[2453]
[346, 1600]
[1703]
[3155]
[1875, 1880, 1882, 1886, 1889, 1895, 1900]
[1683, 2527]
[2453]
[1683, 2527]
[2453]
[346, 1600, 3860, 3861, 3862, 3863, 4100]
[2763]
[1875, 1880, 1882, 1886, 1889, 1895, 1900]
[1683, 2527]
[1683, 2527]
[2453]
[346, 1600]
[2465]
[3156]
[3048]
[1875, 1880, 1882, 1886, 1889, 1895, 1900]
[1683, 2527]
[2453]
[1896]
[2394]
[1703]
[1875, 1880, 1882, 1886, 1889, 1895, 1900]
[1683, 2527]
[1901, 1902]
[1901, 1902]
[407]
[1723, 1904]
[1724, 1905]
[1719, 1720]
[969, 975, 1001, 1746, 1913, 1915, 1916]
[969, 975, 1001, 1746, 1913, 1915, 1916]
[1911]
[16, 1748, 1765]
[969, 975, 1001, 1746, 1913, 1915, 1916]
[969, 975, 1001, 1746, 1913, 1915, 1916]
[25, 26, 964, 965, 966, 967, 1917, 1920, 1921, 1923, 1924, 1925, 1944, 1945, 1946, 1957, 1958, 1960, 1961, 1962, 1969, 4151, 4152, 4153, 4154, 4155, 4159, 4160, 4161, 4162, 4163]
[52, 67, 69, 82, 1106, 1226, 1227, 1228, 1364, 1750, 1752, 1754, 1756, 1927, 2548, 2952, 3160, 3213, 3887, 3891, 4209]
[1928]
[124, 125]
[498]
[4265]
[498]
[1928]
[1940]
[16, 1748, 1765]
[25, 26, 964, 965, 966, 967, 1917, 1920, 1921, 1923, 1924, 1925, 1944, 1945, 1946, 1957, 1958, 1960, 1961, 1962, 1969, 4151, 4152, 4153, 4154, 4155, 4159, 4160, 4161, 4162, 4163]
[1918, 1947]
[34]
[2196, 2849]
[916]
[638]
[1311]
[1951]
[1952]
[3909]
[1953]
[2250, 2251, 2252]
[1954]
[1776]
[1971]
[1972, 1973, 2013, 2014, 2015, 2016, 2017, 2018, 2020, 2022, 2028, 2029, 3836, 3838, 3840, 3842]
[1971, 1974, 1981, 1993, 1995, 2012, 2023, 2027, 2044, 2050, 2061, 2062, 2064, 2307, 2309, 2330, 3835]
[2034, 2036, 2042]
[2034, 2036, 2042]
[2034, 2036, 2042]
[2034, 2036, 2042]
[2034, 2036, 2042]
[2034, 2036, 2042]
[2034, 2036, 2042]
[2034, 2036, 2042]
[2034, 2036, 2042]
[2034, 2036, 2042]
[1975, 1976]
[1975, 1976]
[1975, 1976]
[1979]
[1980]
[1974]
[1975, 1976]
[1977, 1978]
[1979]
[1980]
[1981]
[1997, 2030]
[1982, 1985, 1987, 1989, 1992, 2020, 2034, 2036, 2042, 3838, 3842]
[1983, 1986, 1988, 1990, 2032, 2035, 2037, 2039, 2041, 2043]
[1999]
[2001]
[2000, 2004, 2008, 2010, 3844, 3845]
[2007, 3848, 3849]
[2009, 3850, 3851]
[2011]
[2020, 2034, 2036, 2042, 3838, 3842]
[2031]
[2005, 2006, 2007, 3846, 3848, 3849]
[1982, 1985, 1987, 1989, 1992]
[1707, 1983, 1986, 1988, 1990, 2032, 2035, 2037, 2039, 2041, 2043]
[2003, 2004, 3843, 3844, 3845]
[1993]
[1994, 2020, 2034, 2036, 2042, 3838, 3842]
[1995]
[1997, 2030, 3847]
[1997, 2030]
[1998, 2045]
[1999]
[2001]
[2001]
[2001]
[2003, 2075, 3843]
[2004, 3844, 3845]
[2005, 2006, 3846]
[2005, 2006, 3846]
[2007, 3848, 3849]
[2009, 3850, 3851]
[2009, 3850, 3851]
[2011]
[2011]
[2020, 3838, 3842]
[2020, 3838, 3842]
[2020, 3838, 3842]
[3299, 3300, 3346, 3352, 3415, 3438, 3452]
[2012]
[2020, 3838, 3842]
[2020, 3838, 3842]
[2020, 3838, 3842]
[2020, 3838, 3842]
[1996, 2033, 2065, 3839]
[2020, 3838, 3842]
[2020, 3838, 3842]
[2020, 3838, 3842]
[2023]
[1998, 2024, 2045, 2051, 2066]
[1998, 2045]
[1999]
[2027]
[1972, 1973, 2013, 2014, 2015, 2016, 2017, 2018, 2020, 2022, 2028, 2029, 3836, 3838, 3840, 3842]
[1997, 2030]
[2034, 2036, 2042]
[1707, 1983, 1986, 1988, 1990, 2032, 2035, 2037, 2039, 2041, 2043]
[1999]
[2001]
[1972, 1973, 2013, 2014, 2015, 2016, 2017, 2018, 2020, 2022, 2028, 2029, 3836, 3838, 3840, 3842]
[2004, 3844, 3845]
[2007, 3848, 3849]
[2009, 3850, 3851]
[2011]
[2005, 2006, 2007, 2034, 2036, 2042, 2311, 3846, 3848, 3849]
[2008]
[3847]
[2003, 2004, 3843, 3844, 3845]
[1971, 1974, 1981, 1993, 1995, 2012, 2023, 2027, 2044, 2050, 2061, 2062, 2064, 2307, 2309, 2330, 3835]
[2020, 3838, 3842]
[1997, 2030]
[1997, 2030]
[2020, 3838, 3842]
[1998, 2045]
[1999]
[2001]
[2001]
[2020, 3838, 3842]
[2003, 3843]
[2005, 2006, 3846]
[2008, 2009, 3850, 3851]
[2009, 3850, 3851]
[2010, 2011]
[2011]
[4403]
[2050]
[1998, 2045]
[1999]
[2053, 3298, 3301, 3474, 3476, 3482, 3485, 3499, 3501, 3504]
[2054, 2058]
[2055]
[3398, 3500]
[3398, 3500]
[2054, 2058]
[2055]
[2055]
[1462]
[2061]
[2062]
[4451]
[2064]
[1997, 2030]
[1998, 2045]
[1999, 2011, 2034, 2036, 2042, 2067, 2069, 2071]
[1999]
[2001]
[2003, 3843]
[2004, 3844, 3845]
[2005, 2006, 3846]
[2007, 3848, 3849]
[2009, 3850, 3851]
[2011]
[2034, 2036, 2042]
[4174]
[2078]
[2079]
[2083]
[2080]
[2083]
[2081]
[2083]
[497, 1182, 2080, 2081, 2082]
[850]
[2086]
[4045]
[3613]
[686, 687, 1265, 3546, 3547, 4044]
[3131]
[1413, 1502, 4171]
[1776]
[2091]
[1776]
[1776]
[2094]
[2095]
[233, 257, 2097, 2098, 4020, 4231]
[1457, 2098, 3220]
[2115]
[2099]
[2099]
[2102]
[2103]
[337, 376]
[4433]
[1540, 2106, 2454]
[3584, 3585, 4117, 4118, 4119, 4120]
[2870, 2871]
[159, 160, 3865, 3866, 3881, 3882]
[407]
[916]
[3594]
[4201]
[1827, 4201]
[4201]
[3903]
[2878]
[450, 1732]
[1735, 4381]
[1735, 4381]
[4287, 4289]
[513, 1520, 3639]
[1776]
[2116]
[1776]
[1776]
[2119, 2125]
[2120]
[2121]
[2122]
[2124]
[2119, 2125]
[1280, 4066]
[1280, 4066]
[2126, 3693]
[850]
[2131]
[2132]
[2133]
[445, 447]
[2134, 3910]
[2135]
[2633]
[2137]
[501]
[501]
[501]
[501]
[501]
[501]
[501]
[2147]
[2148]
[2149, 2150]
[2149, 2150]
[2151]
[2152]
[2153]
[2154]
[2155, 2156]
[2155, 2156]
[2157]
[1571]
[1058]
[1300]
[1521]
[1338, 1400, 1404, 1717, 1722, 1903, 2173]
[1719, 1720]
[1719, 1720]
[2177]
[2635, 2640, 2641, 3283]
[144, 432, 503, 522, 523, 842, 843, 1532, 1534, 1712, 2186, 2203, 2247, 2480, 2925, 2927, 3669, 3674, 3709, 3870, 4073, 4080, 4084, 4271, 4275, 4291, 4309, 4310]
[148, 178, 274, 672, 851, 1504, 2179, 2636, 4012, 4377]
[42, 96, 427, 1012, 1289, 1668, 1818, 2768, 3176, 3617, 3671, 3820, 3921, 3929, 3977, 4091, 4292, 4305, 4311, 4409]
[1606, 1636]
[3058]
[143, 286, 294, 524, 698, 818, 823, 1011, 1013, 1649, 2047, 2048, 2049, 2063, 2204, 2690, 2739, 2896, 3854, 4191, 4277, 4296, 4297, 4298, 4403, 4406, 4451, 4454]
[2635, 2640, 2641, 3283]
[2187]
[680]
[537]
[2190]
[1191, 2191, 2192]
[1191, 2191, 2192]
[2196, 2849]
[2197, 2198]
[2197, 2198]
[2199]
[3903]
[1776]
[1776]
[2201]
[143, 286, 294, 504, 524, 698, 818, 823, 1011, 1013, 1474, 1649, 2047, 2048, 2049, 2063, 2204, 2630, 2690, 2739, 2806, 2852, 2896, 3854, 4191, 4277, 4296, 4297, 4298, 4403, 4406, 4451, 4454]
[4291]
[143, 286, 294, 524, 698, 818, 823, 1011, 1013, 1649, 2047, 2048, 2049, 2063, 2204, 2690, 2739, 2896, 3854, 4068, 4191, 4249, 4277, 4296, 4297, 4298, 4403, 4406, 4451, 4454]
[2855, 4069]
[42, 96, 1012, 1289, 1668, 1818, 2768, 3176, 3617, 3671, 3820, 3921, 3929, 3977, 4091, 4292, 4305, 4311]
[891, 2205, 2332]
[422, 877, 2691, 2701, 3626, 3640, 3641, 3722]
[1579, 2855, 3345, 3358, 4069, 4271, 4292, 4305]
[1267]
[2395]
[2207, 2210, 3602]
[2207, 2210]
[2207, 2210]
[2211]
[2212, 2213]
[2212, 2213]
[2214]
[3903]
[3903]
[3903]
[3903]
[3903]
[2152]
[2152]
[2395]
[2217, 2273]
[3278, 3886]
[1499, 3868, 3884, 4324]
[2218, 2221, 2224]
[2219, 2222, 2225]
[2218, 2221, 2224]
[2219, 2222, 2225]
[2220, 2223, 2226]
[2218, 2221, 2224]
[2219, 2222, 2225]
[2220, 2223, 2226]
[2218, 2221, 2224]
[2219, 2222, 2225]
[2220, 2223, 2226]
[1949]
[1949]
[1558]
[3048]
[1614]
[1558]
[3159]
[1558]
[1614]
[2237]
[2238]
[2239]
[2240]
[2244]
[1667, 2245]
[2821, 2822]
[2821, 2822]
[326, 1427, 2821, 2822, 3175]
[326, 1427, 2821, 2822, 3175]
[306, 469, 470, 1373, 1813, 2821, 2822, 3924, 4404]
[306, 469, 470, 1373, 1813, 2821, 2822, 3924, 4404]
[1374, 2685, 2821, 2822, 2851, 3925, 4379, 4405]
[1374, 2685, 2821, 2822, 2851, 3925, 4379, 4405]
[378, 395, 396, 2248, 2821, 2822]
[378, 395, 396, 2248, 2821, 2822]
[880, 2821, 2822]
[880, 2821, 2822]
[679, 1036, 2518, 2637, 2821, 2822]
[679, 1036, 2518, 2637, 2821, 2822]
[671, 1260, 1316, 1693, 2181, 2520, 2639, 2738, 2821, 2822]
[671, 1260, 1316, 1693, 2181, 2520, 2639, 2738, 2821, 2822]
[309, 1261, 2821, 2822]
[2248]
[2254]
[2256]
[2255]
[2256, 2799]
[3903]
[3903]
[3903]
[2258, 2259]
[2258, 2259, 2260, 2261]
[2258, 2259, 2260, 2261, 2262]
[2258, 2260, 2261]
[2258, 2260, 2261]
[2263]
[498, 1116, 1117, 1522, 1529]
[498, 569, 1116, 1117, 1184, 1522, 1529, 2693]
[498, 569, 1116, 1117, 1184, 1522, 1529, 2693]
[481]
[1179, 1180]
[2264]
[2265]
[2266]
[2267]
[957, 1168]
[957, 1168]
[1240]
[2272, 2426]
[2395]
[2273]
[2827, 2828]
[2274]
[195, 196, 197, 198, 2730, 2814]
[195, 196, 197, 198, 2730, 2814]
[2275]
[2282]
[1714, 3558]
[1714]
[2285]
[2285]
[2282]
[2285]
[2285]
[209, 210, 218, 219, 2286, 2287]
[209, 210, 218, 219, 2286, 2287]
[2288]
[2289]
[2289, 2290]
[2291]
[2292]
[2293]
[213, 214, 215, 222, 223, 224, 1936, 1937, 1938, 2165, 2166, 2167, 2294, 2295, 2296]
[213, 214, 215, 222, 223, 224, 1936, 1937, 1938, 2165, 2166, 2167, 2294, 2295, 2296]
[213, 214, 215, 222, 223, 224, 1936, 1937, 1938, 2165, 2166, 2167, 2294, 2295, 2296]
[216, 217, 225, 226]
[781, 847, 2297, 2299, 2372, 2530, 2724, 2782, 3627, 3953, 4426, 4427]
[1627, 1628]
[692, 1320, 2628, 2925, 4290, 4406]
[3759]
[89, 90]
[682, 2300]
[2301]
[2302]
[2307]
[2309]
[2003, 2004, 2034, 2036, 2042, 2310, 3843, 3844, 3845]
[2005, 2006, 2007, 2034, 2036, 2042, 2311, 3846, 3848, 3849]
[2034, 2036, 2042]
[143, 286, 294, 524, 698, 818, 823, 1011, 1013, 1649, 2047, 2048, 2049, 2063, 2204, 2690, 2739, 2896, 3854, 4191, 4277, 4296, 4297, 4298, 4403, 4406, 4451, 4454]
[414, 415, 428, 1533, 4455]
[143, 286, 294, 524, 698, 818, 823, 1011, 1013, 1649, 2047, 2048, 2049, 2063, 2204, 2690, 2739, 2896, 3854, 4191, 4277, 4296, 4297, 4298, 4403, 4406, 4451, 4454]
[414, 415, 428, 1533, 4455]
[143, 286, 294, 524, 698, 818, 823, 1011, 1013, 1649, 2047, 2048, 2049, 2063, 2204, 2690, 2739, 2896, 3854, 4191, 4277, 4296, 4297, 4298, 4403, 4406, 4451, 4454]
[414, 415, 428, 1533, 4455]
[143, 286, 294, 524, 698, 818, 823, 1011, 1013, 1649, 2047, 2048, 2049, 2063, 2204, 2690, 2739, 2896, 3854, 4191, 4277, 4296, 4297, 4298, 4403, 4406, 4451, 4454]
[414, 415, 428, 1533, 4455]
[143, 286, 294, 524, 698, 818, 823, 1011, 1013, 1649, 2047, 2048, 2049, 2063, 2204, 2690, 2739, 2896, 3854, 4191, 4277, 4296, 4297, 4298, 4403, 4406, 4451, 4454]
[143, 286, 294, 524, 698, 818, 823, 1011, 1013, 1649, 2047, 2048, 2049, 2063, 2204, 2690, 2739, 2896, 3854, 4191, 4277, 4296, 4297, 4298, 4403, 4406, 4451, 4454]
[414, 415, 428, 1533, 4455]
[2635, 2640, 2641, 3283]
[144, 432, 503, 522, 523, 842, 843, 1532, 1712, 2186, 2203, 2247, 2480, 2925, 2927, 3669, 3674, 3709, 3870, 4073, 4080, 4084, 4271, 4275, 4291, 4309, 4310]
[414, 415, 428, 1533, 4455]
[143, 286, 294, 524, 698, 818, 823, 1011, 1013, 1649, 2047, 2048, 2049, 2063, 2204, 2690, 2739, 2896, 3854, 4191, 4277, 4296, 4297, 4298, 4403, 4406, 4451, 4454]
[2635, 2640, 2641, 3283]
[2330]
[44, 326, 502, 595, 698, 1427, 1503, 1506, 2661, 3175]
[811, 812, 2846]
[306, 1813, 3924, 4404]
[2331, 3288, 3289, 3290, 3291, 4075]
[2331]
[2332]
[2666]
[2339]
[2340]
[2341]
[2342, 2345]
[2343]
[2343, 2344]
[2343]
[2343]
[2342, 2345]
[2343]
[2347]
[2348]
[2349]
[2350]
[582]
[3776]
[143, 286, 294, 307, 524, 669, 698, 818, 823, 1011, 1013, 1084, 1096, 1259, 1649, 2047, 2048, 2049, 2063, 2204, 2554, 2600, 2690, 2739, 2896, 3701, 3854, 3927, 4191, 4277, 4296, 4297, 4298, 4403, 4406, 4451, 4454]
[679, 2637]
[273, 308, 415, 830, 1250, 1428, 2202, 2467, 2638, 2644, 2718, 2795, 3731, 3777, 4238, 4248, 4293, 4299, 4307, 4312]
[143, 286, 294, 524, 698, 818, 823, 1011, 1013, 1603, 1649, 2047, 2048, 2049, 2063, 2204, 2468, 2555, 2662, 2690, 2739, 2896, 3603, 3854, 4191, 4277, 4296, 4297, 4298, 4403, 4406, 4451, 4453, 4454]
[2810]
[2470]
[2472]
[1597]
[2365, 2366, 2369, 2370]
[2365, 2366, 2369, 2370]
[2365, 2366, 2369, 2370]
[2365, 2366, 2369, 2370]
[1512]
[2363, 2364, 2365, 2366, 2367, 2368, 2369, 2370]
[4016]
[1094, 2635, 2640, 2641, 3283]
[513, 1520, 3639]
[783]
[781, 847, 2297, 2299, 2372, 2530, 2724, 2782, 3627, 3953, 4426, 4427]
[1094]
[1513]
[1058]
[3719]
[629]
[2376]
[1735, 4381]
[271]
[2378]
[2107]
[2197, 2198]
[1478]
[2380]
[2381]
[1543]
[3309, 3416, 3439, 3453]
[1450]
[407]
[2386]
[1735, 4381]
[44, 144, 326, 432, 502, 503, 522, 523, 595, 698, 842, 843, 1427, 1503, 1506, 1532, 1712, 2186, 2203, 2247, 2480, 2661, 2925, 2927, 3175, 3669, 3674, 3709, 3870, 4073, 4080, 4084, 4271, 4275, 4291, 4309, 4310]
[2249]
[144, 307, 432, 503, 522, 523, 669, 842, 843, 1084, 1096, 1259, 1532, 1712, 2186, 2203, 2247, 2480, 2554, 2600, 2925, 2927, 3669, 3674, 3701, 3709, 3870, 3927, 4073, 4080, 4084, 4271, 4275, 4291, 4309, 4310]
[144, 432, 503, 522, 523, 842, 843, 1278, 1532, 1712, 2186, 2203, 2204, 2247, 2469, 2480, 2925, 2927, 3669, 3674, 3709, 3870, 4073, 4080, 4084, 4271, 4275, 4291, 4309, 4310]
[144, 310, 432, 503, 522, 523, 842, 843, 1532, 1712, 2186, 2203, 2247, 2480, 2924, 2925, 2927, 3571, 3669, 3674, 3709, 3870, 4073, 4080, 4084, 4271, 4275, 4291, 4309, 4310]
[4406]
[144, 432, 503, 522, 523, 693, 842, 843, 1284, 1532, 1575, 1712, 2186, 2203, 2247, 2480, 2805, 2925, 2927, 3190, 3669, 3674, 3709, 3870, 4073, 4080, 4084, 4271, 4275, 4291, 4309, 4310]
[144, 432, 503, 504, 522, 523, 842, 843, 1474, 1532, 1712, 2186, 2203, 2247, 2480, 2630, 2806, 2852, 2925, 2927, 3669, 3674, 3709, 3870, 4073, 4080, 4084, 4271, 4275, 4291, 4309, 4310]
[2393]
[2394]
[2395]
[2206, 2396]
[2397]
[2398]
[2725, 2729]
[1275, 1613, 1614, 2206, 2272, 2395, 2396, 2403, 2426, 2579, 2642]
[2235]
[1326, 2405, 2558, 2559]
[2235]
[2409, 2411]
[3906]
[2409, 2411]
[3906]
[4105, 4108]
[2416, 2417]
[2416, 2417]
[2418]
[1850, 1855, 2419, 2420]
[1850, 1855, 2419, 2420]
[2422, 2423]
[2422, 2423]
[475, 3048]
[1347]
[1158]
[2206, 2396]
[2428]
[2431]
[2273]
[1809]
[1809]
[2433, 2439]
[557, 558, 1099, 2267, 2764]
[2441]
[499, 500, 550, 802, 1251]
[2443]
[2445]
[2448]
[4201]
[1555, 2531]
[1290]
[1210]
[1540, 2106, 2454]
[570, 2456, 3279, 3280]
[53, 2457, 2458]
[2458]
[1667, 2245]
[2546]
[1241, 1328, 1390, 2462]
[1213, 1262, 1274, 1276, 1322, 2079, 2463, 2464, 2466, 2510, 2514, 2515, 2565, 3890]
[1213, 1262, 1274, 1276, 1322, 2079, 2463, 2464, 2466, 2510, 2514, 2515, 2565, 3890]
[2236]
[1213, 1262, 1274, 1276, 1322, 2079, 2463, 2464, 2466, 2510, 2514, 2515, 2565, 3890]
[596, 619, 690, 695, 831, 1060, 1285, 1651, 1814, 2185, 2629, 2631, 2769, 2926, 3701, 3703, 4247, 4249, 4295, 4308]
[42, 96, 694, 1012, 1286, 1289, 1577, 1668, 1818, 2186, 2601, 2768, 2808, 2853, 3176, 3617, 3671, 3820, 3921, 3929, 3977, 4091, 4247, 4292, 4305, 4311]
[844, 1086, 2353, 2856, 3572]
[2354, 2471]
[2472]
[2473, 2474]
[2473, 2474]
[2475, 2477]
[2476, 2478]
[694, 1286, 1577, 2186, 2601, 2808, 2853, 3043, 4247]
[694, 1009, 1131, 1132, 1282, 1286, 1288, 1577, 1578, 2186, 2601, 2602, 2808, 2853, 3192, 3341, 3354, 3372, 3537, 4247]
[4087]
[2476, 2478]
[2470]
[844, 1086, 2353, 2856, 3572]
[4437]
[2472]
[680]
[537, 1063, 1064, 1535, 1536, 3057]
[2484, 2485]
[2484, 2485]
[2484, 2485]
[2484, 2485]
[850]
[513, 1520, 3639]
[513, 1520, 3639]
[275, 2850]
[2635, 2640, 2641, 3283]
[2495]
[2505]
[498, 1116, 1117, 1522, 1529]
[498, 1116, 1117, 1522, 1529]
[458]
[498, 1116, 1117, 1522, 1529]
[498, 1116, 1117, 1522, 1529]
[498, 1116, 1117, 1522, 1529]
[2882, 2883]
[680]
[2470]
[570, 2456, 3279, 3280]
[570, 2456, 3279, 3280]
[1213, 1262, 1274, 1276, 1322, 2079, 2463, 2464, 2466, 2510, 2514, 2515, 2565, 3180, 3890]
[2511]
[2514]
[1213, 1262, 1274, 1276, 1322, 2079, 2463, 2464, 2466, 2510, 2514, 2515, 2565, 3890]
[4253]
[498, 1116, 1117, 1522, 1529]
[3058]
[379]
[378, 379, 880, 1036, 1037, 1373, 1374, 2517, 2518, 2519, 2520, 2681, 2683, 2685, 4233]
[2517]
[1036, 2518]
[2899]
[1381]
[1381]
[4235]
[4236]
[353]
[1664]
[2526]
[1158, 1310, 2425, 2527]
[1451, 1549, 1590, 2528, 2835, 2887, 2889, 3769, 3771, 3773, 3907, 4103, 4106, 4281, 4367, 4485]
[2529, 2536, 2537, 3772, 3774, 4104, 4107, 4366]
[2530]
[1540, 2106, 2454]
[2532]
[98, 2533, 4214]
[2534]
[2535]
[2529, 2536, 2537, 3772, 3774, 4104, 4107, 4366]
[2529, 2536, 2537, 3772, 3774, 4104, 4107, 4366]
[2542]
[1451, 1549, 1590, 2528, 2835, 2887, 2889, 3769, 3771, 3773, 3907, 4103, 4106, 4281, 4367, 4485]
[1451, 1549, 1590, 2528, 2835, 2887, 2889, 3769, 3771, 3773, 3907, 4103, 4106, 4281, 4367, 4485]
[1298]
[547, 548, 549, 638, 2865, 2867, 4076, 4112]
[2248]
[473, 488, 1531, 1816]
[2854]
[2545]
[1325]
[2547]
[52, 67, 69, 82, 1106, 1226, 1227, 1228, 1364, 1750, 1752, 1754, 1756, 1927, 2548, 2952, 3160, 3213, 3887, 3891, 4209]
[2549]
[1836, 2465, 2546, 4393]
[1082, 3174, 4237]
[880]
[1602]
[693, 1284, 2805, 3190]
[2453]
[2556]
[2557]
[70]
[70]
[2486, 2561, 2562, 3659]
[2560]
[648, 649]
[2562]
[2486, 2561, 2562, 3659]
[2565]
[227, 2544, 3220, 3270]
[2942, 2943]
[118]
[117, 1521]
[117]
[2568, 2569]
[528, 2635, 2640, 2641, 3283]
[3776]
[1275, 1613, 1614, 2206, 2272, 2395, 2396, 2403, 2426, 2579, 2642]
[2580]
[3903]
[3903]
[3903]
[526, 2581]
[2591]
[2591]
[2582]
[2584, 2585, 2586]
[3287]
[977, 1666, 2955]
[2595]
[2597]
[2596]
[2598]
[2248]
[2628, 4290]
[2599]
[2635, 2640, 2641, 3283]
[1083, 1314, 2184, 2928, 2929, 3705, 3706, 3962]
[858]
[3776]
[2604]
[449, 1409, 4169]
[4174]
[755, 4000, 4198]
[102, 103]
[840]
[840]
[1413, 1502, 4171]
[455, 3875]
[4067]
[2809, 3707]
[2810]
[889]
[621, 2632]
[2742]
[2742]
[1516]
[1727]
[1727]
[1727]
[1488]
[1083, 1314, 2184, 2928, 2929, 3705, 3706, 3962]
[143, 286, 294, 524, 698, 818, 823, 1011, 1013, 1649, 2047, 2048, 2049, 2063, 2204, 2690, 2739, 2896, 3854, 4191, 4277, 4296, 4297, 4298, 4403, 4406, 4451, 4454]
[3701]
[2635, 2640, 2641, 3283]
[2635, 2640, 2641, 3283]
[1010, 1533, 2352, 4070, 4307]
[141, 143, 286, 294, 524, 698, 818, 823, 1011, 1013, 1634, 1649, 2047, 2048, 2049, 2063, 2204, 2690, 2739, 2812, 2896, 3708, 3854, 4191, 4277, 4296, 4297, 4298, 4403, 4406, 4451, 4454]
[1275, 1613, 1614, 2206, 2272, 2395, 2396, 2403, 2426, 2579, 2642]
[4102]
[2529, 2536, 2537, 3772, 3774, 4104, 4107, 4366]
[2195]
[2658]
[2659]
[1540, 1554, 1565, 2106, 2454, 3915, 4282, 4283, 4284, 4285]
[2656]
[2657]
[811, 812, 2846]
[307, 669, 2600, 3927]
[1602]
[414, 415, 428, 695, 1287, 1533, 4291, 4455]
[584, 634, 1733, 1775, 2669, 4074, 4093]
[2670, 2671]
[2670, 2671]
[2672]
[2673]
[592, 635, 1744, 1781, 1784, 2674]
[633, 2675]
[2679]
[1372]
[1373]
[2684]
[1374, 2685]
[378, 379, 611, 1036, 1037, 1373, 1374, 2517, 2518, 2519, 2520, 2681, 2683, 2685, 4233]
[379]
[1488]
[450, 1732]
[1110]
[2878]
[279, 1963]
[1032, 1034, 1118, 1119, 1463, 1464]
[833, 834]
[833, 834]
[290, 579, 828, 835, 3644, 4077]
[2724, 4427]
[1540, 1554, 1565, 2106, 2454, 3915, 4282, 4283, 4284, 4285]
[2530]
[1540, 2106, 2454]
[2687]
[87]
[2724, 4426, 4427]
[3953]
[332]
[1451, 1549, 1590, 2528, 2835, 2887, 2889, 3769, 3771, 3773, 3907, 4103, 4106, 4281, 4367, 4485]
[1451, 1549, 1590, 2528, 2835, 2887, 2889, 3769, 3771, 3773, 3907, 4103, 4106, 4281, 4367, 4485]
[781, 847, 2297, 2299, 2372, 2530, 2724, 2782, 3627, 3953, 4426, 4427]
[2299, 2782]
[1248, 1532, 2810, 3357]
[]
[1085, 1097, 1815, 2480, 3703]
[42, 96, 1012, 1289, 1668, 1818, 2718, 2768, 3176, 3617, 3671, 3820, 3921, 3929, 3977, 4091, 4292, 4305, 4311]
[2719]
[2770]
[2720]
[2722, 2723]
[2722, 2723]
[1450]
[2647]
[1572]
[2725, 2729]
[2726]
[2727]
[2728]
[2725, 2729]
[195, 196, 197, 198, 2730, 2814]
[2745, 2746]
[2745, 2746]
[321, 2747]
[2748]
[405]
[2749]
[2754]
[2751]
[2752]
[2753]
[2754]
[1098]
[603]
[407]
[3725]
[2757]
[2267, 2764]
[2759]
[2762]
[2761]
[159, 160, 3865, 3866, 3881, 3882]
[2763]
[2765]
[2267, 2764]
[1110]
[1083, 1314, 2184, 2928, 2929, 3705, 3706, 3962]
[2635, 2640, 2641, 3283]
[1097, 1815]
[1602]
[844, 1086, 2353, 2856, 3572]
[4437]
[2770]
[2770]
[1118, 1119, 1463, 1464]
[781, 847, 2297, 2299, 2372, 2530, 2724, 2782, 3627, 3953, 4426, 4427]
[1280, 4066]
[437, 440, 4338]
[1735, 3776, 4381]
[326, 1427, 3175]
[777, 778]
[433, 434, 437, 563, 4333, 4338]
[433, 434, 437, 563, 4333, 4338]
[436]
[436]
[3856]
[777, 778]
[777, 778]
[4444]
[4336, 4340]
[4336, 4340]
[137, 139, 192, 746, 4327]
[193, 747, 2816, 2817, 4328]
[137, 139, 192, 746, 4327]
[193, 747, 2816, 2817, 4328]
[781, 847, 2297, 2299, 2372, 2530, 2724, 2782, 3627, 3953, 4426, 4427]
[2784]
[2786]
[2787]
[2788]
[4385]
[2790]
[3780]
[2792]
[2793]
[2574]
[3058]
[4307]
[1646, 2813, 4071]
[2635, 2640, 2641, 3283]
[273, 308, 830, 1250, 1428, 2467, 2644, 2718, 2795, 3668, 3731, 3777, 4238, 4248, 4293, 4299, 4307, 4312]
[2699, 4081]
[2699, 4081]
[1581, 2789, 4082]
[1582, 4380]
[1583]
[1583]
[1583]
[1575]
[2854]
[3776]
[4057]
[2635, 2640, 2641, 3283]
[1646, 2813, 4071]
[1280, 4066]
[890, 4072]
[1280, 4066]
[800]
[2814]
[2815]
[2816]
[2817]
[2818]
[2831]
[2832]
[2833]
[2834]
[1451, 1549, 1590, 2528, 2835, 2887, 2889, 3769, 3771, 3773, 3907, 4103, 4106, 4281, 4367, 4485]
[80, 2836, 3205, 3234, 3235]
[2837]
[1111]
[2842]
[159, 160, 3865, 3866, 3881, 3882]
[3860, 3861, 3862, 3863]
[3860, 3861, 3862, 3863]
[159, 160, 3865, 3866, 3881, 3882]
[159, 160, 3865, 3866, 3881, 3882]
[1499, 3868, 3884, 4324]
[2866]
[4174]
[2196, 2849]
[2896]
[671, 1260, 1316, 1693, 2181, 2639, 2738]
[309, 1261]
[2628, 4290]
[597, 616, 766, 1283, 2183]
[4057]
[2635, 2640, 2641, 3283]
[3665, 4294]
[890, 4072]
[97, 4213]
[98, 2533, 4214]
[2859]
[2860]
[2870, 2871]
[2870, 2871]
[2452]
[1341, 1735, 4381]
[1341, 1735, 4381]
[2864]
[1830, 1831, 4195, 4196]
[1341, 1735, 4381]
[1257]
[2452]
[1830, 1831, 4195, 4196]
[2452]
[2530]
[655]
[2857]
[2858]
[299]
[2860]
[63, 2452, 3063]
[2872]
[2872]
[1079, 1080]
[1079, 1080]
[1078, 3995]
[1079, 1080]
[2864]
[2873]
[2874]
[2875]
[1099]
[2877]
[797, 3761, 3885, 4203]
[2881]
[2882, 2883]
[2882, 2883]
[2363, 2364, 2365, 2366, 2367, 2368, 2369, 2370]
[2363, 2364, 2365, 2366, 2367, 2368, 2369, 2370]
[80, 512, 925, 2113, 2529, 2536, 2537, 2836, 2886, 2888, 3205, 3234, 3235, 3638, 3770, 3772, 3774, 3906, 4104, 4107, 4280, 4366, 4387, 4388]
[513, 1520, 3639]
[629]
[1451, 1549, 1590, 2528, 2835, 2887, 2889, 3769, 3771, 3773, 3907, 4103, 4106, 4281, 4367, 4485]
[2890, 2894]
[159, 160, 3865, 3866, 3881, 3882]
[2890, 2894]
[2890, 2894]
[2906]
[199]
[227, 2544, 3270]
[1393, 1394, 1395, 1396, 1615, 1616, 2970, 3271]
[2908]
[2909]
[2910]
[2912, 2920]
[2911]
[2913]
[2915]
[29]
[2916, 2917, 2918]
[2916, 2917, 2918]
[2916, 2917, 2918]
[497, 1182, 2923]
[2920]
[2921]
[2922]
[2923]
[1009, 1288, 1578, 2602, 3192]
[4067, 4084, 4455]
[4057]
[143, 286, 294, 524, 698, 818, 823, 1011, 1013, 1649, 2047, 2048, 2049, 2063, 2204, 2690, 2739, 2896, 3854, 4191, 4277, 4296, 4297, 4298, 4403, 4406, 4451, 4454]
[144, 432, 503, 522, 523, 842, 843, 1010, 1532, 1533, 1712, 2186, 2203, 2247, 2352, 2480, 2925, 2927, 3669, 3674, 3709, 3870, 4070, 4073, 4080, 4084, 4271, 4275, 4291, 4307, 4309, 4310]
[2635, 2640, 2641, 3283]
[3708]
[4309]
[1011]
[442, 2938, 2954, 3569]
[1219]
[195, 196, 197, 198, 2730, 2814]
[270]
[2949]
[1552, 2935]
[2950]
[1667, 2245, 2951]
[1830, 1831, 4195, 4196]
[3048]
[1290]
[2953]
[442, 2938, 2954, 3569]
[137, 139, 192, 746, 4327]
[746]
[747]
[746]
[2958]
[137, 139, 192, 746, 4327]
[193, 747, 2816, 2817, 4328]
[2959, 2960]
[2959, 2960]
[346, 1600]
[2965, 2966]
[2965, 2966]
[2965, 2966]
[1631, 2969]
[2968]
[2969]
[1393, 1394, 1395, 1396, 1615, 1616, 2970, 3271]
[447, 2971]
[3874, 4016]
[2972]
[2973]
[2974]
[2942, 2943, 2982]
[2608]
[2983, 2993]
[2985, 2986]
[2985, 2986]
[2984]
[2987, 2992]
[2988]
[2989]
[2997]
[2997]
[2998]
[3002]
[3001]
[3001]
[2999]
[7, 3003, 3277]
[128, 1173, 2122, 3071, 3165, 3167, 3196, 3197, 3198, 3201, 3202, 3203, 3208, 3209, 3210, 3223, 3224, 3225, 3281, 3791, 3828, 4147, 4225, 4226, 4229, 4350, 4471]
[3144, 4148]
[3860, 3861, 3862, 3863]
[1552, 2935]
[3014]
[3009]
[3014]
[375, 709, 1540, 1555, 1704, 2106, 2454, 2455, 2531, 2689, 2698, 3011, 3013, 3083, 3628, 3629, 3675, 4032]
[3012]
[375, 709, 1540, 1555, 1704, 2106, 2454, 2455, 2531, 2689, 2698, 3011, 3013, 3083, 3628, 3629, 3675, 4032]
[3012]
[3015]
[3016, 3019]
[781, 2530]
[3018, 3020]
[268, 633, 1683, 2675, 3016, 3019]
[1434, 3021, 3292, 4177]
[2053, 3298, 3301, 3474, 3476, 3482, 3485, 3499, 3501, 3504]
[2053, 3298, 3301, 3474, 3476, 3482, 3485, 3499, 3501, 3504]
[1434, 3021, 3292, 4177]
[2053, 3298, 3301, 3474, 3476, 3482, 3485, 3499, 3501, 3504]
[1434, 3021, 3292, 4177]
[2053, 3298, 3301, 3474, 3476, 3482, 3485, 3499, 3501, 3504]
[3023, 3028]
[2053, 3298, 3301, 3474, 3476, 3482, 3485, 3499, 3501, 3504]
[2053, 3298, 3301, 3474, 3476, 3482, 3485, 3499, 3501, 3504]
[1434, 3021, 3292, 4177]
[2053, 3298, 3301, 3474, 3476, 3482, 3485, 3499, 3501, 3504]
[1670]
[327, 328]
[3039, 3040, 3041, 3042]
[3039, 3040, 3041, 3042]
[3039, 3040, 3041, 3042]
[3043]
[3039, 3040, 3041, 3042]
[3044]
[3004, 3006]
[3046]
[3047]
[3049]
[3050]
[3227]
[1618, 1619, 1620]
[1618, 1619, 1620]
[1622, 3070, 3228, 4008, 4011]
[3072, 3217, 3282]
[3073, 3074]
[3230]
[3076]
[1621]
[3078, 3162, 3163, 3166, 3168]
[3084]
[3084]
[3086, 3088]
[3087, 3089]
[3090]
[3091]
[3092]
[362, 508, 1027, 1544, 3093, 3680, 3740, 3743, 3748]
[3094]
[3096, 3742]
[368, 3097]
[3100]
[3101]
[3108, 3109]
[3108, 3109]
[3108, 3109]
[939, 3108, 3109]
[3108, 3109]
[3106, 3107]
[3106, 3107]
[3507, 3508]
[4122, 4124, 4125]
[3112]
[3113]
[3114, 3115]
[3114, 3115]
[3119]
[195, 196, 197, 198, 2730, 2814]
[736, 737]
[195, 196, 197, 198, 2730, 2814]
[3141]
[3132]
[3132]
[3132]
[2976, 3132]
[2976, 3132]
[763, 3101]
[3132]
[3141]
[3141]
[516, 3132]
[3132]
[3134, 3136]
[126, 127, 2959, 2960]
[3141]
[3141]
[4147]
[977, 1666, 2955]
[4147]
[2976, 2980]
[3153]
[3154]
[3155]
[3156]
[3157]
[3158]
[3159]
[52, 67, 69, 82, 1106, 1226, 1227, 1228, 1364, 1750, 1752, 1754, 1756, 1927, 2548, 2952, 3160, 3213, 3887, 3891, 4209]
[3161]
[3078, 3162, 3163, 3166, 3168]
[1618, 1619, 1620]
[3078, 3162, 3163, 3166, 3168]
[3171]
[4122, 4124, 4125]
[3172]
[584, 634, 1733, 1775, 2669, 4074, 4093]
[404]
[451, 2933]
[1094]
[326, 1427, 3175]
[2634, 2839]
[306, 1813, 3924, 4404]
[629, 3177]
[1830, 1831, 4195, 4196]
[3183]
[3184, 3185]
[3184, 3185]
[3186]
[3187]
[3188]
[611]
[2643, 3191]
[143, 286, 294, 524, 698, 818, 823, 1011, 1013, 1574, 1601, 1649, 2047, 2048, 2049, 2063, 2203, 2204, 2690, 2739, 2896, 3854, 4191, 4277, 4296, 4297, 4298, 4403, 4406, 4451, 4454]
[273, 308, 692, 830, 1250, 1320, 1428, 2467, 2628, 2644, 2718, 2795, 2925, 3731, 3777, 4238, 4248, 4290, 4293, 4299, 4307, 4312, 4406]
[1286, 2601, 2808, 2853]
[1083, 1314, 2184, 2928, 2929, 3705, 3706, 3962]
[1083, 1314, 2184, 2928, 2929, 3705, 3706, 3962]
[2770]
[1432, 3765]
[80, 2836, 3205, 3234, 3235]
[4147]
[3221]
[1830, 1831, 4195, 4196]
[3211]
[1341, 4193, 4194]
[52, 67, 69, 82, 1106, 1226, 1227, 1228, 1364, 1750, 1752, 1754, 1756, 1927, 2548, 2952, 3160, 3213, 3887, 3891, 4209]
[3069, 3169, 3214, 4009]
[1618, 1619, 1620]
[3216]
[3072, 3217, 3282]
[498, 1116, 1117, 1522, 1529, 1622, 3070, 3219, 3228, 3230, 4008, 4011, 4224, 4228]
[3219, 4224, 4228]
[1457, 2098, 3220]
[1457, 2098, 3220]
[2155, 2156]
[4218]
[3230]
[1032, 1034]
[1603, 2468, 2555, 2662, 3603, 4453]
[144, 432, 503, 522, 523, 693, 842, 843, 1284, 1532, 1575, 1712, 2186, 2203, 2247, 2480, 2805, 2925, 2927, 3190, 3669, 3674, 3709, 3870, 4073, 4080, 4084, 4271, 4275, 4291, 4309, 4310]
[2855, 4069]
[596, 690, 695, 831, 1060, 1651, 1814, 2629, 2769, 3701, 3703, 4247, 4249, 4295, 4308]
[536, 1459]
[3058]
[1776]
[3233]
[80, 2836, 3205, 3234, 3235]
[80, 2836, 3205, 3234, 3235]
[195, 196, 197, 198, 2730, 2814]
[195, 196, 197, 198, 2730, 2814]
[195, 196, 197, 198, 2730, 2814]
[195, 196, 197, 198, 2730, 2814]
[3249]
[3250, 3251, 3252]
[3250, 3251, 3252]
[3250, 3251, 3252]
[3253, 3254]
[3253, 3254]
[3262]
[3262]
[3262]
[3263, 3264]
[3263, 3264]
[3260]
[3261]
[3262]
[3263, 3264]
[3263, 3264]
[3265, 3266, 3267]
[3265, 3266, 3267]
[3265, 3266, 3267]
[3268, 3269]
[3268, 3269]
[201, 227, 2544, 3270]
[201, 1393, 1394, 1395, 1396, 1615, 1616, 2970, 3271]
[3272]
[3272]
[3274]
[3275]
[3276]
[3277]
[3278]
[137, 139, 192, 746, 4327]
[193, 747, 2816, 2817, 4328]
[346, 1600]
[346, 1600]
[3071, 3165, 3167, 3281]
[3072, 3217, 3282]
[2098]
[2635, 2640, 2641, 3283]
[3284, 3285, 3286]
[3284, 3285, 3286]
[3284, 3285, 3286]
[829, 4204]
[2635, 2640, 2641, 3283]
[2635, 2640, 2641, 3283]
[143, 286, 294, 524, 698, 818, 823, 1011, 1013, 1649, 2047, 2048, 2049, 2063, 2204, 2690, 2739, 2896, 3854, 4191, 4277, 4296, 4297, 4298, 4403, 4406, 4451, 4454]
[2635, 2640, 2641, 3283]
[2635, 2640, 2641, 3283]
[143, 286, 294, 524, 698, 818, 823, 1011, 1013, 1649, 2047, 2048, 2049, 2063, 2204, 2690, 2739, 2896, 3854, 4191, 4277, 4296, 4297, 4298, 4403, 4406, 4451, 4454]
[143, 286, 294, 524, 698, 818, 823, 1011, 1013, 1649, 2047, 2048, 2049, 2063, 2204, 2690, 2739, 2896, 3854, 4191, 4277, 4296, 4297, 4298, 4403, 4406, 4451, 4454]
[143, 286, 294, 524, 698, 818, 823, 1011, 1013, 1649, 2047, 2048, 2049, 2063, 2204, 2690, 2739, 2896, 3854, 4191, 4277, 4296, 4297, 4298, 4403, 4406, 4451, 4454]
[1434, 3021, 3292, 4177]
[2331, 3288, 3289, 3290, 3291, 4075]
[2331, 3288, 3289, 3290, 3291, 4075]
[2331, 3288, 3289, 3290, 3291, 4075]
[2331, 3288, 3289, 3290, 3291, 4075]
[2331, 3288, 3289, 3290, 3291, 4075]
[2331, 3288, 3289, 3290, 3291, 4075]
[2331, 3288, 3289, 3290, 3291, 4075]
[2383]
[2053, 3298, 3301, 3474, 3476, 3482, 3485, 3499, 3501, 3504]
[2053, 3298, 3301, 3474, 3476, 3482, 3485, 3499, 3501, 3504]
[1440]
[1440]
[2053, 3298, 3301, 3474, 3476, 3482, 3485, 3499, 3501, 3504]
[1440]
[1440]
[1440]
[1440]
[1440]
[2053, 3298, 3301, 3474, 3476, 3482, 3485, 3499, 3501, 3504]
[1440]
[917, 3559]
[918, 3560]
[919, 920, 3561, 3562]
[919, 920, 3561, 3562]
[922, 3564, 4402]
[922, 3564]
[2899]
[3548, 3551]
[2899]
[1705]
[3548, 3551]
[3550]
[1476, 1477]
[3548, 3551]
[3552, 3553]
[3552, 3553]
[3554]
[3547]
[2899]
[3565]
[2267, 2764]
[2267, 2764]
[1094]
[442, 2938, 2954, 3569]
[444, 498, 762, 1627, 1628, 1766, 3568]
[444, 498, 762, 1627, 1628, 1766, 3568]
[2724, 3953, 4427]
[2248]
[2554]
[1030]
[3708]
[331]
[332]
[3588]
[1562]
[451, 469, 470, 2149, 2150, 2933, 3590, 3591]
[451, 469, 470, 2149, 2150, 2933, 3590, 3591]
[3592]
[2151, 3593]
[3594]
[3595, 3596]
[3595, 3596]
[2472, 3604]
[3605]
[3953]
[3611]
[3607, 3608]
[2899]
[3611]
[3612]
[2899]
[2899]
[2899]
[4392]
[880]
[1205, 3916]
[847, 3627]
[1965]
[2902, 2903]
[2902, 2903]
[2793]
[1205, 2704]
[3906]
[847, 3627]
[73, 3624, 3642]
[3625]
[336]
[847, 3627]
[2689, 3628, 4032]
[2299, 2530, 2782]
[3635, 4479, 4482]
[3636]
[89, 90]
[3630]
[407]
[3630]
[755, 4000, 4198]
[3631, 3632, 4146]
[3631]
[3263, 3264]
[2888, 3638]
[513, 1520, 3639]
[3719]
[2888, 3638]
[513, 1520, 3639]
[782, 1571, 1705, 2104, 2691, 2701]
[73, 3624, 3642]
[3643]
[290, 579, 828, 835, 3644, 4077]
[3645]
[781, 847, 2297, 2299, 2372, 2530, 2724, 2782, 3627, 3953, 4426, 4427]
[781, 847, 2297, 2299, 2372, 2530, 2724, 2782, 3627, 3953, 4426, 4427]
[407]
[3648]
[74, 3649]
[477, 478]
[3650, 3651]
[3652]
[340]
[48, 2334]
[2800]
[2801]
[3656, 3657]
[2801]
[3660]
[3663]
[35, 638, 1171, 1172, 1773, 1949, 2865]
[4306]
[2635, 2640, 2641, 3283]
[42, 96, 1012, 1289, 1649, 1668, 1818, 2768, 3176, 3617, 3671, 3820, 3921, 3929, 3977, 4091, 4292, 4305, 4311]
[3980]
[273, 308, 830, 831, 841, 1250, 1428, 2467, 2644, 2718, 2795, 3666, 3731, 3777, 4238, 4248, 4293, 4299, 4307, 4312]
[2635, 2640, 2641, 3283]
[144, 432, 503, 522, 523, 842, 843, 1532, 1712, 2186, 2203, 2247, 2480, 2925, 2927, 3669, 3674, 3709, 3870, 4073, 4080, 4084, 4271, 4275, 4291, 4309, 4310]
[3058]
[863, 864]
[375, 709, 2698]
[3676]
[3677]
[314, 507, 641, 3679]
[362, 508, 1027, 1544, 3093, 3680, 3740, 3743, 3748]
[3681]
[3598]
[3683]
[1441]
[797, 2056, 2057, 2086, 3333, 3347, 3365, 3366, 3398, 3475, 3500, 3685]
[3400]
[643, 3687]
[3688]
[1437]
[3691, 3692]
[3691, 3692]
[3693]
[3694, 3695]
[3694, 3695]
[3696]
[3697]
[3698]
[3699]
[3776]
[42, 96, 1012, 1289, 1603, 1668, 1818, 2468, 2555, 2662, 2768, 3176, 3603, 3617, 3671, 3820, 3921, 3929, 3977, 4091, 4292, 4305, 4311, 4453]
[273, 308, 597, 616, 766, 830, 1250, 1279, 1283, 1428, 2183, 2467, 2629, 2644, 2718, 2795, 3189, 3731, 3777, 4238, 4248, 4293, 4299, 4307, 4312]
[619, 1285, 2185, 2631, 2926]
[1083, 1314, 2184, 2928, 2929, 3705, 3706, 3962]
[1083, 1314, 2184, 2928, 2929, 3705, 3706, 3962]
[1280, 4066]
[2635, 2640, 2641, 3283]
[1083, 1314, 2184, 2928, 2929, 3705, 3706, 3962]
[859]
[1286, 2601, 2808, 2853]
[4067]
[3776]
[42, 96, 1012, 1289, 1532, 1668, 1818, 2768, 2810, 3176, 3617, 3671, 3820, 3921, 3929, 3977, 4091, 4292, 4305, 4311]
[3058]
[3776]
[3708]
[4309]
[143, 286, 294, 427, 524, 698, 818, 823, 1011, 1013, 1649, 2047, 2048, 2049, 2063, 2204, 2690, 2739, 2896, 3854, 4191, 4277, 4296, 4297, 4298, 4403, 4406, 4409, 4451, 4454]
[3717]
[498, 1116, 1117, 1522, 1529]
[498, 1116, 1117, 1522, 1529]
[536, 1459]
[1205, 3916]
[376, 1540, 1554, 1565, 2106, 2454, 3011, 3915, 4282, 4283, 4284, 4285]
[3724]
[1380]
[1380]
[407]
[498, 1116, 1117, 1522, 1529]
[112, 3830, 3831]
[2635, 2640, 2641, 3283]
[3702]
[496, 4442]
[496, 4442]
[1286, 2601, 2808, 2853]
[1083, 1314, 2184, 2928, 2929, 3705, 3706, 3962]
[1009, 1282, 1288, 1578, 2602, 3192]
[148, 178, 274, 672, 851, 1504, 2179, 2636, 4012, 4377]
[4273, 4296, 4408]
[4073]
[3755]
[4254, 4257, 4429, 4430]
[3757]
[1598, 3758]
[3903]
[2356, 3903]
[3903]
[3903]
[1766, 3864]
[3760]
[2905, 2961, 3761]
[3762]
[3763]
[3764]
[1078, 3995]
[449, 1409, 4169]
[295]
[544]
[3594]
[1, 407, 4174]
[1, 407, 4174]
[297]
[297]
[458]
[458]
[4174]
[4174]
[458]
[458]
[4174]
[1458, 4150]
[1083, 1094, 1314, 2184, 2928, 2929, 3705, 3706, 3962]
[45, 143, 286, 294, 306, 524, 596, 698, 818, 823, 1011, 1013, 1649, 1655, 1668, 1813, 2047, 2048, 2049, 2063, 2204, 2690, 2739, 2895, 2896, 3854, 3924, 4191, 4277, 4296, 4297, 4298, 4403, 4404, 4406, 4451, 4454]
[2049]
[307, 669, 2600, 3927]
[279, 1963]
[279, 1963]
[1964, 4157]
[474]
[475]
[475]
[477, 478]
[1302, 1304]
[1302, 1304]
[2857]
[1451, 1549, 1590, 2528, 2835, 2887, 2889, 3769, 3771, 3773, 3907, 4103, 4106, 4281, 4367, 4485]
[3770]
[1451, 1549, 1590, 2528, 2835, 2887, 2889, 3769, 3771, 3773, 3907, 4103, 4106, 4281, 4367, 4485]
[2529, 2536, 2537, 3772, 3774, 4104, 4107, 4366]
[1451, 1549, 1590, 2528, 2835, 2887, 2889, 3769, 3771, 3773, 3907, 4103, 4106, 4281, 4367, 4485]
[2529, 2536, 2537, 3772, 3774, 4104, 4107, 4366]
[1333]
[3058]
[1094, 3776]
[1329, 1819, 3778]
[1330, 1334, 1821, 3779]
[3780]
[1092]
[1331, 3782]
[3783]
[3784, 3785]
[3784, 3785]
[1333]
[1330, 1334, 1821, 3779]
[1330, 1334, 1499, 1821, 3779, 3787, 3788, 3789, 3790, 3868, 3884, 4324]
[3784, 3785]
[3784, 3785]
[1827]
[662]
[48, 2334]
[4174]
[3793]
[3794]
[235, 3795, 3797]
[236, 237, 3796, 3798]
[235, 3795, 3797]
[236, 237, 3796, 3798]
[3799, 3801, 3803]
[3800, 3802, 3804]
[3799, 3801, 3803]
[3800, 3802, 3804]
[3799, 3801, 3803]
[3800, 3802, 3804]
[3805]
[3806]
[3807]
[3808]
[3809]
[3813]
[3814]
[324, 3815, 3817]
[325, 3816, 3818]
[324, 3815, 3817]
[325, 3816, 3818]
[325, 3816, 3818]
[1074, 1408, 3819]
[3776]
[149, 594, 1490, 3821, 3855, 3871, 4317]
[3822]
[3823, 3824]
[3823, 3824]
[3825]
[1081, 3826]
[3827]
[3828]
[3829]
[3830, 3831]
[3830, 3831]
[3832]
[3833, 3834]
[3833, 3834]
[1839, 1840, 1841, 1842, 1843, 1844, 4326]
[878]
[3852]
[3854]
[1458, 4150]
[3856]
[3857]
[1552, 2935]
[1552, 2935]
[3859]
[3858]
[981, 1070]
[981, 1070]
[3864]
[1118, 1119, 1463, 1464]
[1118, 1119, 1463, 1464]
[1964, 4157]
[1461]
[759, 3867]
[544]
[149, 594, 1490, 3821, 3855, 3871, 4317]
[3872]
[3873]
[840]
[840]
[455, 3875]
[3874, 4202]
[1500, 1501, 3876, 3877, 3878, 3879]
[1500, 1501, 3876, 3877, 3878, 3879]
[3880]
[159, 160, 3865, 3866, 3881, 3882]
[159, 160, 3865, 3866, 3881, 3882]
[3883]
[1499, 3868, 3884, 4324]
[3864]
[161]
[52, 67, 69, 82, 1106, 1226, 1227, 1228, 1364, 1750, 1752, 1754, 1756, 1927, 2548, 2952, 3160, 3213, 3887, 3891, 4209]
[3888]
[3889]
[3890]
[52, 67, 69, 82, 1106, 1226, 1227, 1228, 1364, 1750, 1752, 1754, 1756, 1927, 2548, 2952, 3160, 3213, 3887, 3891, 4209]
[3892]
[3894]
[547, 548, 549, 2865, 2867, 4076, 4112]
[3768]
[1300]
[1527, 1528]
[3901]
[3902]
[3903]
[1083, 1314, 2184, 2928, 2929, 3705, 3706, 3962]
[1280, 4066]
[3776]
[686, 687]
[414, 415, 428, 673, 691, 843, 1317, 1533, 1573, 1817, 2467, 4238, 4455]
[831, 837, 841, 3666]
[841, 1778]
[1521]
[80, 512, 925, 2113, 2529, 2536, 2537, 2836, 2886, 2888, 3205, 3234, 3235, 3638, 3770, 3772, 3774, 3906, 4104, 4107, 4280, 4366, 4387, 4388]
[4254, 4257, 4429, 4430]
[878]
[1094]
[2591]
[591]
[1094, 1512]
[275, 2850]
[3908]
[3909]
[1264, 1266, 1270, 1272]
[3943]
[3943]
[1523, 1524]
[3912, 3913]
[3912, 3913]
[1786]
[418]
[1205, 3916]
[1540, 1554, 1565, 2106, 2454, 3915, 4282, 4283, 4284, 4285]
[3918]
[1300, 1527, 1528]
[1078, 3995]
[407]
[3833, 3834]
[3822]
[3920]
[3776, 4323]
[148, 178, 274, 672, 851, 1504, 2179, 2636, 4012, 4377]
[44, 595, 1503]
[1654]
[4385]
[1097, 1815]
[2635, 2640, 2641, 3283]
[3928]
[1474, 2630, 2806, 2852]
[2299, 2782]
[2801]
[3951]
[3915]
[2769]
[1083, 1314, 2184, 2928, 2929, 3705, 3706, 3962]
[273, 308, 830, 1250, 1428, 2467, 2644, 2718, 2795, 3731, 3777, 4238, 4248, 4293, 4299, 4307, 4312]
[1083, 1314, 2184, 2928, 2929, 3705, 3706, 3962]
[273, 308, 830, 1250, 1428, 2467, 2644, 2718, 2795, 3731, 3777, 4238, 4248, 4293, 4299, 4307, 4312]
[1083, 1314, 2184, 2928, 2929, 3705, 3706, 3962]
[671, 1260, 1316, 1693, 2181, 2639, 2738]
[2635, 2640, 2641, 3283]
[832]
[3963]
[3964]
[1552, 2935]
[1552, 2935]
[1029]
[3182]
[1265]
[3776]
[414, 415, 428, 1533, 4455]
[2249, 3776]
[613, 1114]
[273, 308, 504, 830, 1250, 1428, 1474, 2467, 2630, 2644, 2718, 2795, 2806, 2852, 3731, 3777, 4238, 4248, 4293, 4299, 4307, 4312]
[1083, 1314, 2184, 2928, 2929, 3705, 3706, 3962]
[1280, 4066]
[54]
[54]
[1959]
[1959]
[536, 1459]
[536, 1459]
[536, 1459]
[536, 1459]
[3982, 3983]
[3982, 3983]
[767]
[537, 3057, 4380]
[537, 3057, 3986, 3987, 4380]
[537, 3057, 3986, 3987, 4380]
[1543, 2380, 2382]
[3260]
[3989]
[3990]
[3991]
[578, 3994]
[1078, 3995]
[3996, 3997]
[3996, 3997]
[3999]
[4000]
[4001]
[4002, 4003]
[4002, 4003]
[3998]
[199, 892]
[893]
[199, 318, 4140]
[2285]
[199, 221, 4016]
[241]
[4006, 4007]
[4006, 4007]
[1622, 3070, 3228, 4008, 4011]
[3069, 3169, 3214, 4009]
[1622, 3070, 3228, 4008, 4011]
[4010]
[1622, 3070, 3228, 4008, 4011]
[1622, 3070, 3228, 4008, 4011]
[4486]
[4016]
[4017]
[4018]
[4018]
[4021]
[4021]
[4023]
[341]
[1162]
[1302, 1304, 1432, 3765]
[418]
[418]
[4031]
[375, 709, 2698]
[1572]
[1458, 4150]
[149, 594, 1490, 3821, 3855, 3871, 4317]
[4036]
[815, 1032, 1034]
[1736]
[279, 1963]
[279, 1963]
[1083, 1314, 2184, 2928, 2929, 3705, 3706, 3962]
[4041]
[4044]
[4044]
[4047]
[4047]
[4047]
[850]
[4048]
[4049, 4050, 4051, 4052, 4413, 4414, 4415, 4416, 4417]
[4049, 4050, 4051, 4052, 4413, 4414, 4415, 4416, 4417]
[4049, 4050, 4051, 4052, 4413, 4414, 4415, 4416, 4417]
[4049, 4050, 4051, 4052, 4413, 4414, 4415, 4416, 4417]
[2363, 2364, 2365, 2366, 2367, 2368, 2369, 2370]
[2363, 2364, 2365, 2366, 2367, 2368, 2369, 2370]
[164, 232, 233, 893, 4004, 4263]
[4049, 4050, 4051, 4052, 4413, 4414, 4415, 4416, 4417]
[4053]
[4054]
[4055, 4056]
[4055, 4056]
[2644]
[4272]
[2635, 2640, 2641, 3283]
[1638]
[45, 306, 596, 1655, 1668, 1813, 2895, 3924, 4404]
[584, 634, 1733, 1775, 2669, 4074, 4093]
[880]
[673, 1317, 1573]
[1574, 1601, 2203]
[2635, 2640, 2641, 3283]
[2635, 2640, 2641, 3283]
[1094]
[536, 1459, 2249]
[2635, 2640, 2641, 3283]
[2896]
[4406]
[1111]
[1111]
[309, 1261]
[309, 1261]
[4124]
[4124]
[4122, 4124, 4125]
[4122, 4124, 4125]
[4122, 4124, 4125]
[4122, 4124, 4125]
[4057]
[4122, 4124, 4125]
[4122, 4124, 4125]
[1604]
[1604]
[2386, 4096]
[2455, 3629]
[3584, 3585, 4117, 4118, 4119, 4120]
[2532]
[98, 2533, 4214]
[2725, 2729]
[1451, 1549, 1590, 2528, 2835, 2887, 2889, 3769, 3771, 3773, 3907, 4103, 4106, 4281, 4367, 4485]
[4102]
[4105, 4108]
[1451, 1549, 1590, 2528, 2835, 2887, 2889, 3769, 3771, 3773, 3907, 4103, 4106, 4281, 4367, 4485]
[2529, 2536, 2537, 3772, 3774, 4104, 4107, 4366]
[4105, 4108]
[1451, 1549, 1590, 2528, 2835, 2887, 2889, 3769, 3771, 3773, 3907, 4103, 4106, 4281, 4367, 4485]
[2529, 2536, 2537, 3772, 3774, 4104, 4107, 4366]
[304, 543, 1735, 3201, 3202, 3203, 4381]
[4109, 4110]
[4076]
[2755]
[513, 1520, 3639]
[547, 548, 549, 2865, 2867, 4076, 4112]
[547, 548, 549, 2865, 2867, 4076, 4112]
[4115]
[4116]
[3584, 3585, 4117, 4118, 4119, 4120]
[3584, 3585, 4117, 4118, 4119, 4120]
[3584, 3585, 4117, 4118, 4119, 4120]
[3584, 3585, 4117, 4118, 4119, 4120]
[4121]
[4122, 4124, 4125]
[4122, 4124, 4125]
[4122, 4124, 4125]
[407]
[4127]
[134]
[1393, 1394, 1395, 1396, 1615, 1616, 2970, 3271]
[128, 1173, 2122, 3071, 3165, 3167, 3196, 3197, 3198, 3201, 3202, 3203, 3281, 3791, 3828, 4128, 4350, 4471]
[4128]
[4129]
[4130]
[4131, 4143]
[4132]
[128, 1173, 2122, 3071, 3165, 3167, 3196, 3197, 3198, 3201, 3202, 3203, 3281, 3791, 3828, 4128, 4350, 4471]
[4133]
[1352, 3100, 4262]
[4133]
[1118, 1119, 1463, 1464]
[4142]
[4131, 4143]
[121, 981, 1070]
[4145]
[407]
[25, 26, 964, 965, 966, 967, 1917, 1920, 1921, 1923, 1924, 1925, 1944, 1945, 1946, 1957, 1958, 1960, 1961, 1962, 1969, 4151, 4152, 4153, 4154, 4155, 4159, 4160, 4161, 4162, 4163]
[4164]
[4165]
[2053, 3298, 3301, 3474, 3476, 3482, 3485, 3499, 3501, 3504]
[4167]
[2053, 3298, 3301, 3357, 3474, 3476, 3482, 3485, 3499, 3501, 3504]
[4167, 4179, 4181, 4187]
[4165]
[1440]
[4167, 4179, 4181, 4187]
[4165]
[3321]
[1824, 3173, 4190]
[4201]
[1827]
[1832]
[1735, 4381]
[4201]
[1434, 3021, 3292, 4177]
[3325, 3332, 3389]
[4179]
[3325, 3332, 3389]
[4181]
[2053, 3298, 3301, 3474, 3476, 3482, 3485, 3499, 3501, 3504]
[1440]
[1440]
[1440]
[1440]
[4167, 4179, 4181, 4187]
[1440]
[2053, 3298, 3301, 3474, 3476, 3482, 3485, 3499, 3501, 3504]
[3350, 3403, 3412, 3418, 3431, 3435, 3441, 3449, 3455, 3464, 3468, 3472, 3489, 3491, 3495, 3497]
[1440]
[3428]
[2347]
[3725]
[451, 2347, 2933, 3854, 3859, 4091, 4094]
[3725]
[1162]
[1162]
[2425, 4174]
[4097, 4098]
[4097, 4098]
[451, 2347, 2933, 3854, 3859, 4091, 4094]
[981, 1070, 4202]
[3867]
[759, 3867]
[759, 3867]
[2878, 3869]
[2878, 3869]
[3776]
[1552, 2935]
[1674, 1675]
[4207]
[4207, 4208, 4210, 4211]
[1321, 4078]
[1321, 4078]
[1321, 4078]
[2149, 2150, 3567]
[2149, 2150, 3567]
[706]
[2155, 2156]
[2155, 2156]
[268, 633, 1683, 2675]
[2155, 2156]
[2155, 2156]
[16, 17, 19, 21, 25, 26, 27, 28, 34, 36, 37, 38, 39, 798, 964, 965, 966, 967, 968, 978, 979, 984, 985, 986, 987, 988, 989, 990, 991, 992, 993, 994, 995, 996, 997, 998, 999, 1000, 1456, 1728, 1729, 1747, 1748, 1763, 1764, 1765, 1767, 1908, 1909, 1910, 1911, 1912, 1914, 1917, 1918, 1919, 1920, 1921, 1922, 1923, 1924, 1925, 1926, 1931, 1932, 1935, 1940, 1941, 1942, 1943, 1944, 1945, 1946, 1947, 1957, 1958, 1960, 1961, 1962, 1969, 2276, 2277, 2278, 2279, 2280, 2281, 2597, 2598, 2756, 2783, 2784, 2785, 2786, 2787, 2820, 2953, 2973, 2974, 3637, 3894, 3989, 3991, 4151, 4152, 4153, 4154, 4155, 4159, 4160, 4161, 4162, 4163, 4164, 4212]
[16, 17, 19, 21, 25, 26, 27, 28, 34, 36, 37, 38, 39, 798, 964, 965, 966, 967, 968, 978, 979, 984, 985, 986, 987, 988, 989, 990, 991, 992, 993, 994, 995, 996, 997, 998, 999, 1000, 1456, 1728, 1729, 1747, 1748, 1763, 1764, 1765, 1767, 1908, 1909, 1910, 1911, 1912, 1914, 1917, 1918, 1919, 1920, 1921, 1922, 1923, 1924, 1925, 1926, 1931, 1932, 1935, 1940, 1941, 1942, 1943, 1944, 1945, 1946, 1947, 1957, 1958, 1960, 1961, 1962, 1969, 2276, 2277, 2278, 2279, 2280, 2281, 2597, 2598, 2756, 2783, 2784, 2785, 2786, 2787, 2820, 2953, 2973, 2974, 3637, 3894, 3989, 3991, 4151, 4152, 4153, 4154, 4155, 4159, 4160, 4161, 4162, 4163, 4164, 4212]
[16, 17, 19, 21, 25, 26, 27, 28, 34, 36, 37, 38, 39, 798, 964, 965, 966, 967, 968, 978, 979, 984, 985, 986, 987, 988, 989, 990, 991, 992, 993, 994, 995, 996, 997, 998, 999, 1000, 1456, 1728, 1729, 1747, 1748, 1763, 1764, 1765, 1767, 1908, 1909, 1910, 1911, 1912, 1914, 1917, 1918, 1919, 1920, 1921, 1922, 1923, 1924, 1925, 1926, 1931, 1932, 1935, 1940, 1941, 1942, 1943, 1944, 1945, 1946, 1947, 1957, 1958, 1960, 1961, 1962, 1969, 2276, 2277, 2278, 2279, 2280, 2281, 2597, 2598, 2756, 2783, 2784, 2785, 2786, 2787, 2820, 2953, 2973, 2974, 3637, 3894, 3989, 3991, 4151, 4152, 4153, 4154, 4155, 4159, 4160, 4161, 4162, 4163, 4164, 4212]
[16, 17, 19, 21, 25, 26, 27, 28, 34, 36, 37, 38, 39, 798, 964, 965, 966, 967, 968, 978, 979, 984, 985, 986, 987, 988, 989, 990, 991, 992, 993, 994, 995, 996, 997, 998, 999, 1000, 1456, 1728, 1729, 1747, 1748, 1763, 1764, 1765, 1767, 1908, 1909, 1910, 1911, 1912, 1914, 1917, 1918, 1919, 1920, 1921, 1922, 1923, 1924, 1925, 1926, 1931, 1932, 1935, 1940, 1941, 1942, 1943, 1944, 1945, 1946, 1947, 1957, 1958, 1960, 1961, 1962, 1969, 2276, 2277, 2278, 2279, 2280, 2281, 2597, 2598, 2756, 2783, 2784, 2785, 2786, 2787, 2820, 2953, 2973, 2974, 3637, 3894, 3989, 3991, 4151, 4152, 4153, 4154, 4155, 4159, 4160, 4161, 4162, 4163, 4164, 4212]
[4001]
[2422, 2423, 2868, 2869, 2870, 2871, 3507, 3508]
[2422, 2423, 2868, 2869, 2870, 2871, 3507, 3508]
[4218]
[4219]
[4220]
[89, 90]
[4222]
[4223, 4227]
[3219, 4224, 4228]
[4225, 4229]
[701, 945, 1507, 1512, 2244, 2475, 2477, 2663, 2664, 2665, 3208, 3209, 3210, 3223, 3224, 3225, 4147, 4225, 4226, 4229]
[4223, 4227]
[3219, 4224, 4228]
[4225, 4229]
[257]
[319, 1397, 1398]
[4230]
[4230]
[4231]
[4232]
[378, 379, 405, 1036, 1037, 1373, 1374, 2517, 2518, 2519, 2520, 2680, 2681, 2683, 2685, 4233]
[4234]
[4235]
[4236]
[803, 3700]
[2635, 2640, 2641, 3283]
[2810]
[414, 415, 428, 1533, 4455]
[378, 379, 1036, 1037, 1373, 1374, 2517, 2518, 2519, 2520, 2681, 2683, 2685, 4233]
[141, 142, 145, 377, 378, 379, 380, 1035, 1036, 1037, 1247, 1248, 1249, 1372, 1373, 1374, 2517, 2518, 2519, 2520, 2680, 2681, 2682, 2683, 2684, 2685, 4233, 4244]
[557, 558]
[4057]
[3776]
[273, 308, 830, 1011, 1250, 1428, 2467, 2644, 2718, 2795, 3665, 3709, 3731, 3777, 4238, 4248, 4293, 4294, 4299, 4307, 4310, 4312]
[914, 1088, 1089, 1160]
[4252]
[1258, 1337]
[4397]
[4397]
[1432, 3765]
[1432, 3765]
[4262]
[2961, 2962, 2963]
[4263]
[902, 903, 906, 907]
[902, 903, 906, 907]
[1454, 4266]
[1455, 4267]
[1280, 4066]
[3665, 4294]
[144, 432, 503, 522, 523, 842, 843, 1532, 1712, 2186, 2203, 2247, 2480, 2925, 2927, 3669, 3674, 3709, 3870, 4073, 4080, 4084, 4271, 4275, 4291, 4309, 4310]
[1605]
[2635, 2640, 2641, 3283]
[2635, 2640, 2641, 3283]
[2605, 4276]
[143, 286, 294, 524, 698, 818, 823, 1011, 1013, 1649, 2047, 2048, 2049, 2063, 2204, 2690, 2739, 2896, 3854, 4191, 4277, 4296, 4297, 4298, 4403, 4406, 4451, 4454]
[1083, 1314, 2184, 2928, 2929, 3705, 3706, 3962]
[144, 432, 503, 522, 523, 842, 843, 1532, 1711, 1712, 2186, 2203, 2247, 2480, 2925, 2927, 3669, 3674, 3709, 3870, 4073, 4080, 4084, 4271, 4275, 4291, 4309, 4310]
[4279]
[4280]
[1451, 1549, 1590, 2528, 2835, 2887, 2889, 3769, 3771, 3773, 3907, 4103, 4106, 4281, 4367, 4485]
[714, 3949]
[714, 1540, 1554, 1565, 2106, 2454, 3915, 4282, 4283, 4284, 4285]
[336, 1540, 1554, 1565, 2106, 2454, 3915, 4282, 4283, 4284, 4285]
[714, 1540, 1554, 1565, 2106, 2454, 3915, 4282, 4283, 4284, 4285]
[4283, 4284]
[415, 2202, 2638]
[843]
[536, 1459]
[619, 1285, 2185, 2631, 2926]
[1576, 2807]
[1286, 2601, 2808, 2853]
[1287]
[276]
[42, 96, 613, 670, 679, 684, 1012, 1114, 1289, 1668, 1818, 2637, 2768, 3176, 3617, 3671, 3820, 3921, 3929, 3977, 4091, 4292, 4305, 4311]
[1602]
[144, 432, 503, 504, 522, 523, 842, 843, 1474, 1532, 1712, 2186, 2203, 2247, 2480, 2630, 2806, 2852, 2925, 2927, 3669, 3674, 3709, 3870, 4073, 4080, 4084, 4271, 4275, 4291, 4309, 4310]
[536, 1459]
[536, 1459]
[1280, 4066]
[1083, 1314, 2184, 2928, 2929, 3705, 3706, 3962]
[144, 432, 503, 522, 523, 842, 843, 1532, 1634, 1712, 2186, 2203, 2247, 2480, 2812, 2925, 2927, 3669, 3674, 3708, 3709, 3870, 4073, 4080, 4084, 4271, 4275, 4291, 4309, 4310]
[1280, 4066]
[4296]
[143, 286, 294, 427, 524, 698, 818, 823, 1011, 1013, 1649, 2047, 2048, 2049, 2063, 2204, 2690, 2739, 2896, 3854, 4191, 4277, 4296, 4297, 4298, 4403, 4406, 4409, 4451, 4454]
[2810]
[2699, 4081]
[2699, 4081]
[1581, 2789, 4082]
[1582, 4380]
[4301]
[4302]
[1280, 4066]
[273, 308, 694, 830, 1250, 1286, 1428, 1577, 2186, 2467, 2601, 2644, 2718, 2795, 2808, 2853, 3731, 3777, 4238, 4247, 4248, 4293, 4299, 4307, 4312]
[144, 432, 503, 522, 523, 842, 843, 1532, 1712, 2186, 2203, 2247, 2480, 2809, 2854, 2925, 2927, 3669, 3674, 3707, 3709, 3870, 4073, 4080, 4084, 4248, 4271, 4275, 4291, 4309, 4310]
[144, 432, 503, 522, 523, 842, 843, 1532, 1712, 2186, 2203, 2247, 2480, 2925, 2927, 3669, 3674, 3709, 3870, 4068, 4073, 4080, 4084, 4249, 4271, 4275, 4291, 4309, 4310]
[1083, 1314, 2184, 2928, 2929, 3705, 3706, 3962]
[1280, 4066]
[1083, 1314, 2184, 2928, 2929, 3705, 3706, 3962]
[2635, 2640, 2641, 3283]
[1635]
[1606, 1636]
[4316]
[1094, 2635, 2640, 2641, 3283]
[4318]
[4319]
[4320]
[4321]
[1094]
[1094]
[588]
[4321, 4325]
[4326]
[137, 139, 4327]
[4328]
[437, 440, 4338]
[1333]
[273, 308, 415, 830, 1250, 1428, 2202, 2467, 2638, 2644, 2718, 2795, 3731, 3777, 4238, 4248, 4293, 4299, 4307, 4312]
[596, 671, 690, 695, 831, 842, 1060, 1068, 1260, 1316, 1651, 1693, 1814, 2181, 2629, 2639, 2738, 2769, 3701, 3703, 3704, 4247, 4249, 4295, 4308]
[4329]
[273, 308, 504, 830, 1250, 1428, 1474, 2467, 2630, 2644, 2718, 2795, 2806, 2852, 3731, 3777, 4238, 4248, 4293, 4299, 4307, 4312]
[536, 1459]
[144, 432, 503, 522, 523, 842, 843, 1532, 1712, 2186, 2203, 2247, 2480, 2925, 2927, 3669, 3674, 3709, 3870, 4073, 4080, 4084, 4271, 4275, 4291, 4309, 4310]
[4273, 4296, 4408]
[4274]
[4342]
[4343]
[4344, 4349]
[4345, 4347]
[4343]
[2155, 2156]
[4345, 4347]
[4343]
[4346, 4348]
[2155, 2156]
[1118, 1119, 1463, 1464]
[701, 945, 1507, 1512, 2244, 2475, 2477, 2663, 2664, 2665]
[4351]
[3864]
[3146, 4030, 4353, 4355]
[4441]
[195, 196, 197, 198, 2730, 2814]
[886]
[886]
[3152]
[498, 1116, 1117, 1522, 1529]
[121, 3276]
[119, 253, 2748]
[121, 3276]
[3146, 4030, 4353, 4355]
[3922]
[159, 160, 3865, 3866, 3881, 3882]
[159, 160, 3865, 3866, 3881, 3882]
[211, 220]
[3864]
[3864]
[2107]
[159, 160, 3865, 3866, 3881, 3882]
[3903]
[2873]
[2635, 2640, 2641, 3283]
[2635, 2640, 2641, 3283]
[582]
[3058]
[1481]
[1482]
[1482]
[1482]
[1609]
[1481]
[1482]
[2529, 2536, 2537, 3772, 3774, 4104, 4107, 4366]
[1451, 1549, 1590, 2528, 2835, 2887, 2889, 3769, 3771, 3773, 3907, 4103, 4106, 4281, 4367, 4485]
[4262]
[4368]
[1393, 1394, 1395, 1396, 1457, 1615, 1616, 2970, 3271]
[2635, 2640, 2641, 3283]
[596, 690, 695, 831, 1060, 1651, 1814, 2629, 2769, 3701, 3703, 4247, 4249, 4295, 4308]
[273, 308, 830, 1250, 1428, 2467, 2644, 2718, 2795, 3731, 3777, 4238, 4248, 4293, 4299, 4307, 4312]
[680]
[680]
[537, 1064, 1536, 3057]
[537, 1064, 1536, 3057]
[4323]
[2851, 3925, 4379, 4405]
[4315, 4331, 4332]
[4380]
[1191, 2191, 2192]
[2688]
[4323]
[161]
[161]
[161]
[3867]
[3058]
[2479, 3923, 4452]
[3726, 3885, 4203]
[1664]
[1664]
[2771]
[504]
[2633]
[3058]
[1300]
[4389]
[4390]
[4391]
[4392]
[4393]
[2404, 2406, 4394]
[4395]
[4396]
[4397]
[4398]
[922, 3564, 4402]
[918, 922, 3560, 3564, 4402]
[917, 3559]
[922, 3564]
[4402]
[2047]
[2851, 3925, 4379, 4405]
[2249]
[2635, 2640, 2641, 3283]
[42, 96, 1012, 1289, 1668, 1818, 2768, 3176, 3617, 3671, 3820, 3921, 3929, 3977, 4091, 4292, 4305, 4311]
[2854]
[2810]
[2635, 2640, 2641, 3283]
[2635, 2640, 2641, 3283]
[3903]
[3233]
[2962, 2963]
[326, 1427, 3175]
[44, 326, 502, 595, 698, 1427, 1503, 1506, 2661, 3175]
[3287]
[4049, 4050, 4051, 4052, 4413, 4414, 4415, 4416, 4417]
[4049, 4050, 4051, 4052, 4413, 4414, 4415, 4416, 4417]
[4049, 4050, 4051, 4052, 4413, 4414, 4415, 4416, 4417]
[4049, 4050, 4051, 4052, 4413, 4414, 4415, 4416, 4417]
[4049, 4050, 4051, 4052, 4413, 4414, 4415, 4416, 4417]
[4418]
[526, 2581, 2582, 4419, 4420]
[4419, 4420]
[4419, 4420]
[4421]
[4422, 4423, 4424, 4425]
[4422, 4423, 4424, 4425]
[4422, 4423, 4424, 4425]
[4422, 4423, 4424, 4425]
[781, 2530]
[451, 2933]
[2350]
[2421]
[1552, 2935]
[2704]
[4428]
[310, 414, 415, 428, 1533, 2924, 3571, 4455]
[1582, 4380]
[1583]
[407]
[1552, 2935]
[4240, 4241]
[310, 597, 616, 693, 766, 1279, 1283, 1284, 1575, 2183, 2629, 2805, 2924, 3189, 3190, 3571]
[4240, 4241]
[137, 139, 192, 746, 4327]
[746]
[747]
[746]
[137, 139, 192, 746, 4327]
[193, 747, 2816, 2817, 4328]
[4436]
[273, 308, 830, 1250, 1428, 1532, 2467, 2644, 2718, 2795, 2810, 3731, 3777, 4238, 4248, 4293, 4299, 4307, 4312]
[4437]
[4438]
[4439]
[4440]
[4441]
[102, 103]
[4444]
[4445]
[1929, 1930]
[1929, 1930]
[211, 220, 1933, 2162, 2292]
[1934, 2163]
[213, 214, 215, 222, 223, 224, 1936, 1937, 1938, 2165, 2166, 2167, 2294, 2295, 2296]
[2047]
[1654]
[143, 286, 294, 524, 597, 616, 698, 766, 818, 823, 1011, 1013, 1279, 1283, 1649, 2047, 2048, 2049, 2063, 2183, 2204, 2629, 2690, 2739, 2896, 3189, 3854, 4191, 4277, 4296, 4297, 4298, 4403, 4406, 4451, 4454]
[693, 1284, 1575, 2805, 3190]
[1286, 2601, 2808, 2853]
[143, 286, 294, 524, 698, 818, 823, 1011, 1013, 1649, 2047, 2048, 2049, 2063, 2204, 2690, 2739, 2896, 3854, 4191, 4277, 4296, 4297, 4298, 4403, 4406, 4451, 4454]
[1533]
[4456, 4457]
[3275]
[4462, 4463]
[4462, 4463]
[4460, 4461]
[4460, 4461]
[4254, 4257, 4429, 4430]
[1830, 1831, 4195, 4196]
[4467]
[4468]
[4469]
[1830, 1831, 4195, 4196]
[128, 1173, 2122, 3071, 3165, 3167, 3196, 3197, 3198, 3201, 3202, 3203, 3208, 3209, 3210, 3223, 3224, 3225, 3281, 3791, 3828, 4147, 4225, 4226, 4229, 4350, 4471]
[3144, 4148]
[1311]
[4475]
[4476]
[4478]
[4478]
[4481]
[3635, 4479, 4482]
[1793, 4480]
[3635, 4479, 4482]
[4483]
[2635, 2640, 2641, 3283]
[1481]
[1482]
[1482]
[1482]
[1451, 1549, 1590, 2528, 2835, 2887, 2889, 3769, 3771, 3773, 3907, 4103, 4106, 4281, 4367, 4485]
[4486]
[4174]
[2868, 2869]
[4489]
[4490]
[2686]
[4492]
[4494]
