[0]
[1]
[2]
[3]
[7, 27, 868, 879, 1801, 1811, 3658]
[1244]
[9]
[10]
[11]
[12]
[13]
[7, 27, 868, 879, 1801, 1811, 3658]
[28]
[29]
[30]
[31]
[475, 874, 893, 1192, 2981, 3296, 3297, 3298]
[2046, 2047]
[874]
[875]
[876]
[2112]
[1658, 1813]
[2904]
[7, 10, 26, 27, 28, 868, 879, 883, 884, 896, 897, 898, 899, 900, 901, 902, 903, 904, 905, 906, 907, 908, 909, 910, 911, 912, 913, 914, 915, 1600, 1648, 1650, 1656, 1657, 1658, 1797, 1798, 1801, 1809, 1810, 1811, 1812, 1813, 2479, 2481, 2639, 2640, 2641, 2792, 2814, 2815, 3410, 3505, 3507, 3658, 3659]
[7, 10, 26, 27, 28, 868, 879, 883, 884, 896, 897, 898, 899, 900, 901, 902, 903, 904, 905, 906, 907, 908, 909, 910, 911, 912, 913, 914, 915, 1600, 1648, 1650, 1656, 1657, 1658, 1797, 1798, 1801, 1809, 1810, 1811, 1812, 1813, 2479, 2481, 2639, 2640, 2641, 2792, 2814, 2815, 3410, 3505, 3507, 3658, 3659]
[7, 10, 26, 27, 28, 868, 879, 883, 884, 896, 897, 898, 899, 900, 901, 902, 903, 904, 905, 906, 907, 908, 909, 910, 911, 912, 913, 914, 915, 1600, 1648, 1650, 1656, 1657, 1658, 1797, 1798, 1801, 1809, 1810, 1811, 1812, 1813, 2479, 2481, 2639, 2640, 2641, 2792, 2814, 2815, 3410, 3505, 3507, 3658, 3659]
[1658, 1813]
[3470]
[3753]
[3043]
[985]
[260, 666, 2695, 3472]
[3043]
[579, 620, 1143, 1503, 2698]
[278, 2360, 2372]
[984, 1185, 1525, 3354, 3388, 3549]
[3274]
[42]
[2688, 2689, 3398, 3399]
[3552]
[3552]
[299, 300, 303, 304, 3280, 3281, 3284, 3285]
[3552]
[3552]
[299, 300, 303, 304, 3280, 3281, 3284, 3285]
[3552]
[3552]
[299, 300, 303, 304, 3280, 3281, 3284, 3285]
[3552]
[3552]
[299, 300, 303, 304, 3280, 3281, 3284, 3285]
[44, 61, 63, 74, 998, 1108, 1109, 1110, 1111, 1222, 1618, 1624, 1631, 1637, 1802, 2440, 2941, 2979, 3404, 3408]
[50]
[2077]
[2077]
[607, 2527, 3291]
[468, 2514, 3459]
[57]
[583, 2152]
[3674]
[58]
[44, 61, 63, 74, 998, 1108, 1109, 1110, 1111, 1222, 1618, 1624, 1631, 1637, 1802, 2440, 2941, 2979, 3404, 3408]
[62]
[44, 61, 63, 74, 998, 1108, 1109, 1110, 1111, 1222, 1618, 1624, 1631, 1637, 1802, 2440, 2941, 2979, 3404, 3408]
[64, 3405]
[65]
[59]
[60]
[69]
[70]
[71]
[72]
[3889, 4044]
[4045]
[3894, 3899, 4046]
[3895, 3896, 4047, 4048]
[3895, 3896, 4047, 4048]
[1305, 1395, 1452, 2419, 2680, 2747, 3302, 3304, 3306, 3616, 3619, 3789, 3901, 4049]
[4050]
[75]
[76]
[77, 78]
[77, 78]
[79]
[2558]
[81]
[82]
[83]
[84]
[85]
[86]
[87]
[14, 2150, 2434, 2482, 3104]
[89]
[90]
[14, 606, 683, 2150, 2151, 2434, 2482, 3104]
[1320]
[1460, 2972]
[2418]
[94]
[95]
[96, 570, 1441, 1603, 1660, 1671, 2530, 2949, 3581]
[97, 705]
[97, 98, 705, 2578, 2582]
[99]
[100]
[101]
[102]
[103, 104]
[103, 104]
[105, 106]
[107]
[108]
[109]
[110]
[111]
[112]
[113]
[114]
[115]
[116]
[117]
[118]
[119]
[120]
[2253]
[3034]
[146]
[147, 276, 351, 429, 611, 667, 678, 772, 939, 1360, 2059, 3254, 3454]
[148, 3287, 3372, 3548]
[149]
[150]
[151]
[152, 356]
[153]
[154]
[155]
[156, 157]
[156, 157]
[158, 159, 3382, 3383]
[158, 159, 3382, 3383]
[160, 3384]
[161, 162]
[161, 162]
[953]
[165]
[953]
[166, 167, 168]
[3116, 3117, 3118]
[166, 167, 168]
[166, 167, 168]
[953]
[953]
[953]
[166, 167, 168]
[166, 167, 168]
[953]
[166, 167, 168]
[166, 167, 168]
[169, 170]
[169, 170]
[171, 1328, 1332, 1333]
[172, 179, 1019]
[173]
[173]
[174]
[1335]
[1023]
[177, 178]
[177, 178]
[172, 179, 1019]
[177, 178]
[177, 178]
[172, 179, 1019]
[186, 3957]
[295, 296, 1722, 1723]
[479]
[1078, 3267]
[1805, 1807]
[1102, 1179]
[3533]
[2536]
[1102]
[382, 383, 384]
[186, 3957]
[3888]
[1178]
[229]
[2536]
[3638]
[229]
[2738, 3265]
[268, 2003, 3265]
[253, 254, 255, 256]
[2536]
[1078, 3267]
[191, 2738]
[428, 1805, 1807]
[2738, 3265]
[258, 2065]
[259, 3248]
[260, 666, 2695, 3472]
[261, 546, 786, 941, 1555, 1567, 2696]
[262]
[263]
[264]
[265]
[266, 267]
[266, 267]
[1178]
[269]
[1164]
[271]
[272]
[273]
[274]
[3293, 3554]
[147, 276, 351, 429, 611, 667, 678, 772, 939, 1360, 2059, 3254, 3454]
[88, 451, 497, 2964]
[278, 2360, 2372]
[279]
[3293, 3554]
[283]
[3293, 3554]
[284]
[285]
[1364]
[2004, 2545]
[291, 2951, 3978]
[1310, 1353, 1616, 1622, 3924]
[292, 3273]
[293, 3274]
[294]
[295, 296, 1722, 1723]
[295, 296, 1722, 1723]
[1460, 2972]
[297, 298]
[297, 298]
[299, 300, 303, 304]
[299, 300, 303, 304]
[301, 302]
[2460]
[306, 2272, 3832]
[51, 88, 307, 451, 483, 497, 605, 613, 756, 764, 765, 792, 926, 1467, 2058, 2080, 2229, 2295, 2296, 2297, 2298, 2299, 2300, 2302, 2303, 2776, 2779, 2964, 2993, 3190, 3192, 3233, 3484, 3588, 3779, 3786, 3796, 3805, 3810, 3823, 3824, 3851, 3912, 3950]
[607, 2527, 3291]
[309]
[310, 485, 631, 3196]
[311]
[312, 364, 2891, 3197]
[313]
[314, 489]
[315, 316, 319]
[315, 316, 319]
[317]
[318]
[315, 316, 319]
[323, 324]
[323, 324]
[325]
[326]
[327]
[328]
[329]
[330, 331]
[330, 331]
[1192]
[386]
[387]
[388]
[389]
[1247]
[391, 958]
[392]
[3817, 4000]
[2376, 2654, 2655, 3108, 3815, 3816, 3915]
[278, 2360, 2372, 2561, 4000]
[2264]
[4005]
[394]
[90]
[1509]
[888]
[3712]
[3542]
[3470]
[3952]
[3043]
[421, 2184]
[3221, 3785]
[36, 1621]
[3470]
[2622, 2953, 3960]
[670, 788, 1707, 2235, 2465, 2991, 3106, 3184, 3230, 3256, 3430, 3584, 3852]
[1709, 3461]
[1530, 2237, 2238, 3057, 3058, 3059, 3060, 3061, 3062, 3063]
[40, 2084, 2239]
[423]
[3987]
[317, 524, 948]
[88, 451, 497, 2964]
[452, 453, 455, 456]
[452, 453, 455, 456]
[454]
[452, 453, 455, 456]
[452, 453, 455, 456]
[38, 404, 454, 457, 608, 942, 986, 1464, 1504, 2218, 2220, 2222, 2224, 2227, 2230, 2358, 2529, 3219, 3387, 3422, 3448, 3483, 3756, 3798, 3984, 4019]
[458, 466]
[4004]
[460, 461, 1283, 1304]
[460, 461, 1283, 1304]
[475]
[475]
[464]
[465, 475, 1320, 1727, 2048, 3359]
[458, 466]
[467, 3240]
[1142, 2445, 2528, 2612, 3804]
[471, 582, 766, 1469, 2029, 2262, 2396, 2658, 2659, 2660, 3930, 3986]
[471]
[472]
[473]
[474]
[475, 893, 1192, 2367, 2368, 2981, 3296, 3297, 3298]
[477]
[478]
[3313]
[568]
[479, 1178]
[479, 1178]
[307, 2298]
[521, 1311]
[310, 485, 631, 3196]
[486]
[487]
[488]
[314, 489]
[2563]
[408, 491, 2008, 2745, 3158, 3161]
[313, 314, 489, 492, 493, 2291]
[313, 314, 489, 492, 493, 2291]
[492, 493, 635, 636]
[638, 1388, 1403, 1992, 2422, 2556]
[638, 1388, 1403, 1992, 2422, 2556]
[534]
[535]
[536]
[537]
[538]
[539, 540]
[539, 540]
[541, 542]
[541, 542]
[543]
[543]
[543]
[638, 1388, 1403, 1992, 2422, 2556]
[638, 1388, 1403, 1992, 2422, 2556]
[4051]
[2418]
[2337]
[563]
[563]
[577, 1705, 2512]
[985]
[579, 620, 1143, 1503, 2698]
[624, 2968, 3226, 3251, 3800, 4017]
[937]
[582]
[583]
[584]
[585]
[586]
[3923]
[588, 3310]
[589]
[590, 603, 2384, 3433]
[591]
[592]
[593]
[594, 595]
[594, 595]
[596]
[597, 3839]
[598, 599, 2277]
[598, 599, 2277]
[600]
[601]
[3420, 3708]
[1186, 1439, 1629, 1704, 2236, 2955]
[604]
[277, 307, 483, 613, 756, 764, 765, 792, 926, 1279, 1440, 1467, 2058, 2080, 2229, 2295, 2296, 2298, 2299, 2300, 2302, 2303, 2510, 2643, 2776, 2779, 2993, 3190, 3192, 3233, 3457, 3779, 3786, 3796, 3802, 3805, 3810, 3823, 3824, 3851, 3912, 3913, 3949]
[88, 451, 497, 2964]
[38, 308, 404, 454, 457, 484, 545, 608, 616, 942, 986, 1375, 1464, 2218, 2220, 2222, 2224, 2227, 2230, 2529, 2568, 2611, 3387, 3422, 3448, 3458, 3483, 3756, 3984, 4019]
[3043]
[3470]
[261, 546, 786, 941, 1555, 1567, 2696]
[621]
[622]
[623, 2483, 2697]
[624, 2968, 3226, 3251, 3800, 4017]
[625]
[626, 751, 789, 1216, 2498, 3227]
[1570, 2651, 2666]
[3043]
[630]
[0, 2871]
[2511]
[2623]
[2629, 2630]
[662, 663]
[662, 663]
[664]
[701]
[702]
[393, 693, 978]
[704]
[97, 705]
[706, 752, 2423, 2424]
[707]
[711]
[712]
[713]
[714]
[715]
[716, 717]
[716, 717]
[718]
[719]
[733]
[411, 696, 3140, 3162]
[3138, 3463]
[734, 735]
[734, 735]
[841]
[2107]
[2112]
[2112]
[744]
[2670]
[746]
[953]
[756, 3912]
[757]
[758, 759, 760]
[758, 759, 760]
[758, 759, 760]
[761]
[762, 763]
[762, 763]
[147, 276, 351, 429, 611, 667, 678, 772, 939, 1360, 2059, 3254, 3454]
[773]
[774, 775, 776]
[774, 775, 776]
[774, 775, 776]
[777]
[578, 619, 1423, 1568]
[278, 2360, 2372]
[2971]
[460, 461, 1283, 1304]
[18, 24, 945, 1384, 2454, 3559, 3560]
[778]
[476, 3989, 3991]
[476, 3989, 3991]
[476, 3989, 3991]
[462, 463]
[306, 2272, 3832]
[1398]
[597, 3839]
[1314]
[1314]
[317]
[317]
[600]
[600]
[597, 3839]
[3470]
[3470]
[669, 785, 2513]
[1142, 2445, 2528, 2612, 3804]
[2511]
[673, 1425, 2772]
[924, 2082, 2994]
[3420, 3708]
[818]
[819]
[820, 3077, 3945]
[821, 3078]
[822, 823, 3079, 3080]
[822, 823, 3079, 3080]
[824, 3081, 3943]
[825, 3082, 3946]
[828]
[829]
[830]
[831, 833]
[832]
[831, 833]
[834]
[835]
[836]
[837]
[845]
[7, 27, 868, 879, 1801, 1811, 3658]
[869, 873, 878, 1646, 1647, 1649, 1795, 1796, 1799, 1800]
[869, 873, 878, 1646, 1647, 1649, 1795, 1796, 1799, 1800]
[7, 27, 868, 879, 1801, 1811, 3658]
[880]
[896]
[897]
[898]
[899]
[900]
[901]
[902]
[903]
[904]
[905]
[906]
[907]
[908]
[909]
[953]
[953]
[953]
[920]
[521, 1311]
[925, 3955]
[2777, 3828]
[1518, 2778, 3107, 3232]
[927, 2701, 3778]
[307, 483, 613, 756, 764, 765, 792, 926, 1378, 1467, 2058, 2080, 2229, 2295, 2296, 2298, 2299, 2300, 2302, 2303, 2665, 2776, 2779, 2993, 3190, 3192, 3233, 3585, 3779, 3786, 3796, 3805, 3810, 3823, 3824, 3851, 3912]
[2057, 3586]
[569, 711, 929]
[590, 603, 2384, 3433]
[3309]
[3473, 3951]
[2046, 2047]
[946, 3439]
[947, 2475, 2597, 3244]
[3437, 3438]
[949]
[950]
[510, 783, 951, 2492, 3513]
[953]
[954]
[3529]
[955]
[956]
[389, 390, 623, 956, 957, 1232, 1233, 1247, 2406, 2407, 2408, 2409, 2483, 2539, 2541, 2542, 2697, 3749, 3757]
[391, 958]
[2344]
[969]
[982]
[983]
[2038]
[37, 275, 498, 584, 602, 605, 622, 625, 990, 1154, 1155, 1221, 1280, 1424, 1427, 1501, 1521, 1708, 2004, 2443, 2499, 2545, 2619, 2667, 2669, 3222, 3419, 3455, 3488, 3753, 3777, 3802, 3808, 3811, 3821, 3826, 3879]
[1367]
[584]
[3514]
[3514]
[237]
[237, 4037, 4038]
[3402]
[1359]
[507, 3694, 3701]
[2253]
[3722]
[2043]
[2043]
[3397]
[2038]
[2038]
[2956]
[3763]
[2956]
[992]
[993]
[2038]
[1005]
[323, 324, 1010, 1011]
[323, 324, 1010, 1011]
[2104]
[1010, 1011]
[1282, 1303]
[3923]
[1010, 1011]
[1342, 1343]
[733, 2785]
[2564]
[1010, 1011]
[733, 2785]
[2168]
[1010, 1011]
[3897]
[1024]
[2418]
[3897]
[997]
[1053]
[359, 360, 361]
[166, 167, 168, 3400, 3707]
[359, 360, 361]
[2549]
[1071, 3865]
[1074]
[7, 10, 26, 27, 28, 868, 879, 883, 884, 896, 897, 898, 899, 900, 901, 902, 903, 904, 905, 906, 907, 908, 909, 910, 911, 912, 913, 914, 915, 1600, 1648, 1650, 1656, 1657, 1658, 1797, 1798, 1801, 1809, 1810, 1811, 1812, 1813, 2479, 2481, 2639, 2640, 2641, 2792, 2814, 2815, 3410, 3505, 3507, 3658, 3659]
[1075]
[1134]
[1135]
[1136]
[1137]
[1138]
[1139]
[1140, 3105]
[1142, 2445, 2528, 2612, 3804]
[3473, 3951]
[1709, 3461]
[1144, 1146]
[4004]
[1144, 1146]
[1147]
[15, 16, 22, 39, 933, 940, 989, 1706, 2258, 3485, 3803]
[3703]
[3533]
[3130]
[1124, 1188, 1243, 2353, 3130]
[37, 275, 498, 602, 605, 622, 625, 791, 990, 1154, 1155, 1221, 1280, 1424, 1427, 1501, 1521, 1570, 1708, 2004, 2443, 2499, 2545, 2619, 2651, 2666, 2667, 2669, 3222, 3419, 3455, 3488, 3753, 3777, 3802, 3808, 3811, 3821, 3826, 3879]
[37, 275, 498, 602, 605, 622, 625, 928, 990, 1154, 1155, 1221, 1280, 1424, 1427, 1501, 1521, 1708, 2004, 2443, 2499, 2545, 2619, 2667, 2669, 3222, 3419, 3455, 3488, 3577, 3753, 3777, 3802, 3808, 3811, 3821, 3826, 3879]
[3221, 3785]
[3221, 3785]
[7, 10, 26, 27, 28, 868, 879, 883, 884, 896, 897, 898, 899, 900, 901, 902, 903, 904, 905, 906, 907, 908, 909, 910, 911, 912, 913, 914, 915, 1600, 1648, 1650, 1656, 1657, 1658, 1797, 1798, 1801, 1809, 1810, 1811, 1812, 1813, 2479, 2481, 2639, 2640, 2641, 2792, 2814, 2815, 3410, 3505, 3507, 3658, 3659]
[2061, 3830]
[3470]
[3952]
[881, 1538]
[1160]
[1161]
[1162]
[1178]
[3267]
[1078, 3267, 3959]
[1199]
[1224]
[1226, 1227, 1228, 1229]
[1226, 1227, 1228, 1229]
[1230]
[1230]
[1226, 1227, 1228, 1229, 1230]
[1226, 1227, 1228, 1229, 1230]
[3313]
[3313]
[3314]
[3313]
[1231]
[1232, 2539]
[14, 389, 390, 711, 956, 957, 1232, 1233, 1247, 2141, 2142, 2150, 2406, 2407, 2408, 2409, 2434, 2482, 2539, 2541, 2542, 3104, 3749, 3757]
[1234]
[1235]
[1236]
[1237, 1238]
[1237, 1238]
[2648]
[2411]
[7, 10, 26, 27, 28, 868, 879, 883, 884, 896, 897, 898, 899, 900, 901, 902, 903, 904, 905, 906, 907, 908, 909, 910, 911, 912, 913, 914, 915, 1600, 1648, 1650, 1656, 1657, 1658, 1797, 1798, 1801, 1809, 1810, 1811, 1812, 1813, 2479, 2481, 2639, 2640, 2641, 2792, 2814, 2815, 3410, 3505, 3507, 3658, 3659]
[1640, 1641]
[1640, 1641]
[166, 167, 168]
[2738, 3265, 3402]
[2738, 3265, 3402]
[136, 141, 192, 239, 795, 1477, 2813, 3521, 3524, 3525, 3564, 3565, 3566, 3567, 3963, 3964, 3965, 3966, 3967]
[1818]
[1819]
[1271]
[1272]
[1273, 1274, 1275]
[1273, 1274, 1275]
[1273, 1274, 1275]
[1276]
[1277]
[1278]
[1282, 1303]
[1283, 1304]
[1284]
[2368]
[3928]
[1285]
[3157, 3160]
[1287]
[952, 2843]
[3168]
[1289, 1298]
[1288]
[1290, 2849, 3056, 3676]
[310, 485, 631, 3196]
[1292]
[1293]
[1294]
[1295]
[1296]
[1295]
[1289, 1298]
[494, 636]
[1289, 1298]
[1301]
[1282, 1303]
[1283, 1304]
[490, 828, 2007, 2420, 2427, 2428, 2681, 2744, 2746, 2973, 3000, 3001, 3157, 3160, 3303, 3305, 3307, 3426, 3617, 3620, 3788, 3900, 3932]
[1305, 1395, 1452, 2419, 2680, 2747, 3302, 3304, 3306, 3616, 3619, 3789, 3901, 4049]
[26]
[1984, 2986, 2987, 3042, 3744, 3904]
[1326, 1327]
[1326, 1327]
[171, 1328, 1332, 1333]
[638, 1329, 1330, 1388, 1403, 1992, 2422, 2556]
[638, 1329, 1330, 1388, 1403, 1992, 2422, 2556]
[1331, 1334]
[171, 1328, 1332, 1333]
[171, 1328, 1332, 1333]
[1331, 1334]
[1335]
[1336, 1462]
[431, 1259, 1345, 1715, 3670]
[1346]
[1263, 1347, 1719, 3672]
[1348]
[1349, 1350, 1351]
[1349, 1350, 1351]
[1349, 1350, 1351]
[1352]
[1310, 1353, 1616, 1622, 3924]
[1354]
[1355]
[1356]
[1357]
[1317, 1358, 3927]
[1359]
[1367]
[1368]
[1369]
[1370]
[1371]
[1372]
[1374]
[1375]
[1376]
[671, 750, 1214, 1377, 3799]
[1378, 2665, 3585]
[277, 1279, 1440, 3913, 3949]
[521, 1311]
[1142, 2445, 2528, 2612, 3804]
[1378, 2665, 3585]
[3043]
[2511]
[38, 404, 454, 457, 608, 942, 986, 1464, 1522, 2064, 2218, 2220, 2222, 2224, 2227, 2230, 2529, 3387, 3422, 3448, 3483, 3756, 3984, 4019]
[3043]
[1379, 1380, 1381, 2066]
[1386]
[1387]
[638, 1388, 1403, 1992, 2422, 2556]
[3437, 3438]
[918, 1390, 3868, 3878]
[1391]
[1392]
[1393, 1394]
[1393, 1394]
[1305, 1395, 1452, 2419, 2680, 2747, 3302, 3304, 3306, 3616, 3619, 3789, 3901, 4049]
[1396, 1397]
[1396, 1397]
[1398]
[1399]
[1407]
[1408]
[1407]
[1410]
[1411]
[1412]
[1413]
[1414]
[1415]
[1411]
[467, 769, 3240]
[333, 376, 386, 1402, 1416, 2049, 2207, 2344, 2557, 2565, 3143, 3146, 3462, 3465]
[1421]
[1540]
[3043]
[622]
[2261, 2500, 3755, 3814, 3954]
[1155]
[790, 1426, 2664, 2699, 2774, 3602, 3760]
[1428]
[1429]
[1430, 1436]
[1431]
[1432, 1437]
[1433]
[1434]
[1435]
[1430, 1436]
[1432, 1437]
[1438]
[1186, 1439, 1629, 1704, 2236, 2955]
[277, 1279, 1440, 3913, 3949]
[96, 570, 1441, 1603, 1660, 1671, 2530, 2949, 3581]
[1442]
[1443]
[1444, 1445]
[1444, 1445]
[1446]
[1447]
[1448]
[576, 1449, 1606, 1609, 1612, 1615, 1665, 1668, 1675, 1678, 1683, 2535]
[1450]
[1451]
[1305, 1395, 1452, 2419, 2680, 2747, 3302, 3304, 3306, 3616, 3619, 3789, 3901, 4049]
[1453]
[1454]
[1455]
[1456]
[1457, 1458]
[1457, 1458]
[1459]
[1460, 2972]
[1461]
[1336, 1462]
[1463]
[38, 404, 454, 457, 608, 670, 942, 986, 1464, 1569, 2218, 2220, 2222, 2224, 2227, 2230, 2302, 2446, 2529, 2661, 2993, 3387, 3422, 3448, 3483, 3756, 3984, 4016, 4019]
[3043]
[3952]
[307, 483, 613, 756, 764, 765, 792, 926, 1467, 2058, 2080, 2229, 2295, 2296, 2298, 2299, 2300, 2302, 2303, 2776, 2779, 2993, 3190, 3192, 3233, 3779, 3786, 3796, 3805, 3810, 3823, 3824, 3851, 3912]
[3043]
[1469]
[1470, 1471]
[1471]
[1178, 2048]
[1497]
[1498]
[1500]
[609, 617, 618, 2435, 2773, 2992, 2997, 3255, 3308, 3587, 4016]
[1142, 2445, 2528, 2612, 3804]
[2992]
[3420, 3708]
[3219, 3798]
[985]
[3231]
[985]
[2780]
[1509]
[1510]
[1511]
[1512]
[449]
[1516]
[1517]
[1570, 2651, 2666]
[2511]
[3853]
[37, 275, 498, 602, 605, 622, 625, 990, 1154, 1155, 1221, 1280, 1424, 1427, 1501, 1521, 1708, 2004, 2443, 2499, 2545, 2619, 2667, 2669, 3222, 3419, 3455, 3488, 3753, 3777, 3802, 3808, 3811, 3821, 3826, 3829, 3879]
[618, 2773, 2992, 2997, 3255, 3308, 3587, 4016]
[3952]
[1523]
[1538]
[1539]
[3420, 3708]
[521, 1311]
[1709, 3461]
[1541]
[1542, 2861]
[1543]
[1544, 1545, 1550, 1551]
[1544, 1545, 1550, 1551]
[1543, 1548, 1549]
[1543, 1548, 1549]
[1548, 1549]
[1548, 1549]
[1544, 1545, 1550, 1551]
[1544, 1545, 1550, 1551]
[261, 546, 786, 941, 1555, 1567, 2696]
[1556]
[1557]
[1558, 1559]
[1558, 1559]
[1560]
[1561]
[1562]
[1563]
[1564, 1565]
[1564, 1565]
[1566]
[261, 546, 786, 941, 1555, 1567, 2696]
[578, 619, 1423, 1568]
[1569, 2446]
[1570, 2651, 2666]
[1157, 1571]
[1572, 1573, 1574, 1575]
[1572, 1573, 1574, 1575]
[1572, 1573, 1574, 1575]
[1572, 1573, 1574, 1575]
[1572, 1573, 1574, 1575, 1576]
[1580]
[1581, 3843]
[1582, 1862]
[1582, 1862]
[1584]
[1592]
[975, 1593]
[1594, 1595, 1599, 1794, 2055]
[1594, 1595, 1599, 1794, 2055]
[1596, 1791]
[1597, 1792]
[1598, 1793]
[1594, 1595, 1599, 1794, 2055]
[1600]
[1601, 1805, 1807]
[96, 570, 1441, 1603, 1660, 1671, 2530, 2949, 3581]
[1604, 1607]
[1605, 1608, 1611, 1614, 1677, 1682]
[576, 1449, 1606, 1609, 1612, 1615, 1665, 1668, 1675, 1678, 1683, 2535]
[1604, 1607]
[1605, 1608, 1611, 1614, 1677, 1682]
[576, 1449, 1606, 1609, 1612, 1615, 1665, 1668, 1675, 1678, 1683, 2535]
[1610]
[1605, 1608, 1611, 1614, 1677, 1682]
[576, 1449, 1606, 1609, 1612, 1615, 1665, 1668, 1675, 1678, 1683, 2535]
[1613]
[1605, 1608, 1611, 1614, 1677, 1682]
[576, 1449, 1606, 1609, 1612, 1615, 1665, 1668, 1675, 1678, 1683, 2535]
[1310, 1353, 1616, 1622, 3924]
[1617, 1623, 1630, 1636]
[44, 61, 63, 74, 998, 1108, 1109, 1110, 1111, 1222, 1618, 1624, 1631, 1637, 1802, 2440, 2941, 2979, 3404, 3408]
[1619]
[1620]
[1186, 1439, 1629, 1704, 2236, 2955]
[1617, 1623, 1630, 1636]
[44, 61, 63, 74, 998, 1108, 1109, 1110, 1111, 1222, 1618, 1624, 1631, 1637, 1802, 2440, 2941, 2979, 3404, 3408]
[1632]
[1633]
[869, 873, 878, 1646, 1647, 1649, 1795, 1796, 1799, 1800]
[869, 873, 878, 1646, 1647, 1649, 1795, 1796, 1799, 1800]
[1648]
[869, 873, 878, 1646, 1647, 1649, 1795, 1796, 1799, 1800]
[1656]
[1657, 1798, 1810]
[1659]
[96, 570, 1441, 1603, 1660, 1671, 2530, 2949, 3581]
[3221, 3785]
[326, 328, 472, 1062, 1082, 2069, 2070, 2241, 2361]
[386, 1416, 2049, 2555, 3465]
[1667]
[576, 1449, 1606, 1609, 1612, 1615, 1665, 1668, 1675, 1678, 1683, 2535]
[576, 1449, 1606, 1609, 1612, 1615, 1665, 1668, 1675, 1678, 1683, 2535]
[462, 463]
[704]
[4004]
[1582, 1859, 1861, 1862, 2387]
[1582, 1859, 1861, 1862, 2387]
[79, 576, 877, 1449, 1606, 1609, 1612, 1615, 1665, 1668, 1675, 1678, 1683, 1728, 2535, 2675]
[96, 570, 1441, 1603, 1660, 1671, 2530, 2949, 3581]
[1672]
[1673]
[1674]
[576, 1449, 1606, 1609, 1612, 1615, 1665, 1668, 1675, 1678, 1683, 2535]
[1676]
[1605, 1608, 1611, 1614, 1677, 1682]
[576, 1449, 1606, 1609, 1612, 1615, 1665, 1668, 1675, 1678, 1683, 2535]
[1679]
[1680, 1681]
[1680, 1681]
[1605, 1608, 1611, 1614, 1677, 1682]
[576, 1449, 1606, 1609, 1612, 1615, 1665, 1668, 1675, 1678, 1683, 2535]
[1687]
[1688]
[1689]
[1702]
[1187, 1703]
[1186, 1439, 1629, 1704, 2236, 2955]
[577, 1705, 2512]
[39, 1706, 2258]
[1707, 3584]
[1708]
[1709, 3461]
[1710]
[1711, 3822]
[2077]
[2077]
[2077]
[2077]
[2077]
[1713]
[1729, 1761, 1767, 1769, 1774, 1775, 1782, 1788]
[1730]
[1731]
[1732, 1766, 1773, 1781, 1787]
[1733]
[1734]
[1735]
[1736, 1741, 1758]
[1737, 1742, 1759]
[1738, 1739, 1743, 1744]
[1738, 1739, 1743, 1744]
[1740, 1745, 1760]
[1736, 1741, 1758]
[1737, 1742, 1759]
[1738, 1739, 1743, 1744]
[1738, 1739, 1743, 1744]
[1740, 1745, 1760]
[1746, 1747]
[1746, 1747]
[1748, 1749]
[1748, 1749]
[1750, 1751]
[1750, 1751]
[1752]
[1753]
[1754, 1755]
[1754, 1755]
[979]
[979]
[1736, 1741, 1758]
[1737, 1742, 1759]
[1740, 1745, 1760]
[1729, 1761, 1767, 1769, 1774, 1775, 1782, 1788]
[1762, 1768, 1770, 1776, 1783]
[1763, 1777]
[1764]
[1765]
[1732, 1766, 1773, 1781, 1787]
[1729, 1761, 1767, 1769, 1774, 1775, 1782, 1788]
[1762, 1768, 1770, 1776, 1783]
[1729, 1761, 1767, 1769, 1774, 1775, 1782, 1788]
[1762, 1768, 1770, 1776, 1783]
[1771]
[1772]
[1732, 1766, 1773, 1781, 1787]
[1729, 1761, 1767, 1769, 1774, 1775, 1782, 1788]
[1729, 1761, 1767, 1769, 1774, 1775, 1782, 1788]
[1762, 1768, 1770, 1776, 1783]
[1763, 1777]
[1778]
[1779]
[1780]
[1732, 1766, 1773, 1781, 1787]
[1729, 1761, 1767, 1769, 1774, 1775, 1782, 1788]
[1762, 1768, 1770, 1776, 1783]
[1784]
[1785]
[1786]
[1732, 1766, 1773, 1781, 1787]
[1729, 1761, 1767, 1769, 1774, 1775, 1782, 1788]
[1789, 1790]
[1789, 1790]
[1596, 1791]
[1597, 1792]
[1598, 1793]
[1594, 1595, 1599, 1794, 2055]
[869, 873, 878, 1646, 1647, 1649, 1795, 1796, 1799, 1800]
[7, 27, 868, 879, 1801, 1811, 3658]
[869, 873, 878, 1646, 1647, 1649, 1795, 1796, 1799, 1800]
[881]
[869, 873, 878, 1646, 1647, 1649, 1795, 1796, 1799, 1800]
[1657, 1798, 1810]
[1102]
[7, 27, 868, 879, 1801, 1811, 3658]
[44, 61, 63, 74, 998, 1108, 1109, 1110, 1111, 1222, 1618, 1624, 1631, 1637, 1802, 2440, 2941, 2979, 3404, 3408]
[1809]
[1657, 1798, 1810]
[7, 27, 868, 879, 1801, 1811, 3658]
[1812]
[1814]
[1815]
[1816]
[1817]
[1821]
[689, 714, 716, 717, 1822, 1824, 1979, 2011, 2152, 2165, 2166, 2168, 2675]
[1823]
[1824, 1979, 2011]
[1825]
[1826, 1901, 1907]
[1827]
[1828, 1829, 1830, 1831, 1832, 1833, 1834, 1835, 1836, 1837]
[1828, 1829, 1830, 1831, 1832, 1833, 1834, 1835, 1836, 1837]
[1828, 1829, 1830, 1831, 1832, 1833, 1834, 1835, 1836, 1837]
[1828, 1829, 1830, 1831, 1832, 1833, 1834, 1835, 1836, 1837]
[1828, 1829, 1830, 1831, 1832, 1833, 1834, 1835, 1836, 1837]
[1828, 1829, 1830, 1831, 1832, 1833, 1834, 1835, 1836, 1837]
[1828, 1829, 1830, 1831, 1832, 1833, 1834, 1835, 1836, 1837]
[1828, 1829, 1830, 1831, 1832, 1833, 1834, 1835, 1836, 1837]
[1828, 1829, 1830, 1831, 1832, 1833, 1834, 1835, 1836, 1837]
[1828, 1829, 1830, 1831, 1832, 1833, 1834, 1835, 1836, 1837]
[1838, 1839, 1840, 1844]
[1838, 1839, 1840, 1844]
[1838, 1839, 1840, 1844]
[1841]
[1842]
[1843]
[1838, 1839, 1840, 1844]
[1845]
[1846]
[1847]
[1848]
[1849, 1868, 1902, 1918, 1919, 1949]
[1850]
[1851]
[1852, 1870, 1899, 1905, 1922, 1935, 1952]
[1853, 1871, 1873, 1906, 1923, 1924, 1953]
[1854]
[1855, 1878, 1909, 1957]
[1856, 1880, 1910, 1929, 1958]
[1857, 1882, 1911, 1931, 1959]
[1858]
[1859]
[1860]
[1861]
[1582, 1862]
[1863]
[1883, 1884, 1893, 1894]
[1883, 1884, 1893, 1894]
[1885, 1888, 1889, 1890, 1891, 1895, 1917, 1920, 1925]
[1886]
[1887]
[1885, 1888, 1889, 1890, 1891, 1895, 1917, 1920, 1925]
[1885, 1888, 1889, 1890, 1891, 1895, 1917, 1920, 1925]
[1885, 1888, 1889, 1890, 1891, 1895, 1917, 1920, 1925]
[1885, 1888, 1889, 1890, 1891, 1895, 1917, 1920, 1925]
[1892]
[1883, 1884, 1893, 1894]
[1883, 1884, 1893, 1894]
[1885, 1888, 1889, 1890, 1891, 1895, 1917, 1920, 1925]
[1896]
[1897]
[1869, 1898, 1921, 1934, 1950]
[1852, 1870, 1899, 1905, 1922, 1935, 1952]
[1916]
[1885, 1888, 1889, 1890, 1891, 1895, 1917, 1920, 1925]
[1849, 1868, 1902, 1918, 1919, 1949]
[1849, 1868, 1902, 1918, 1919, 1949]
[1885, 1888, 1889, 1890, 1891, 1895, 1917, 1920, 1925]
[1869, 1898, 1921, 1934, 1950]
[1852, 1870, 1899, 1905, 1922, 1935, 1952]
[1853, 1871, 1873, 1906, 1923, 1924, 1953]
[1853, 1871, 1873, 1906, 1923, 1924, 1953]
[1885, 1888, 1889, 1890, 1891, 1895, 1917, 1920, 1925]
[1926]
[1927, 1956]
[1928]
[1856, 1880, 1910, 1929, 1958]
[1930]
[1857, 1882, 1911, 1931, 1959]
[1947]
[1948]
[1849, 1868, 1902, 1918, 1919, 1949]
[1869, 1898, 1921, 1934, 1950]
[1951]
[1852, 1870, 1899, 1905, 1922, 1935, 1952]
[1853, 1871, 1873, 1906, 1923, 1924, 1953]
[1954]
[1875, 1908, 1955]
[1927, 1956]
[1855, 1878, 1909, 1957]
[1856, 1880, 1910, 1929, 1958]
[1857, 1882, 1911, 1931, 1959]
[1903, 1960, 2216]
[402]
[1983]
[1984]
[1985]
[262, 446, 502, 727, 1082, 1428, 2361, 2386, 2599, 2958, 3476]
[2264]
[1989]
[2046, 2047]
[4004]
[4052]
[2264]
[2264]
[4052]
[1461]
[643, 644, 2207, 2274, 2279, 2618, 3133, 3138, 3159, 3444]
[1991]
[638, 1388, 1403, 1992, 2422, 2556]
[2560]
[1994]
[1995]
[2004, 2545]
[2005, 2006]
[2005, 2006]
[2007]
[408, 491, 2008, 2745, 3158, 3161]
[2021]
[390, 618, 655, 749, 934, 1141, 1502, 1973, 3245, 3422, 3583, 3796]
[2019, 2020]
[2023]
[334, 643, 644, 778, 1990, 2207, 2279, 3133, 3144, 3159]
[3143]
[335, 387, 1578, 1990, 2274, 2523, 3982]
[3138]
[1577]
[2564]
[14, 2150, 2434, 2482, 3104]
[14, 606, 683, 2150, 2151, 2434, 2482, 3104]
[2154]
[2112]
[689, 714, 716, 717, 2152, 2165, 2166, 2168]
[14, 51, 88, 451, 497, 605, 606, 683, 2150, 2151, 2297, 2434, 2482, 2964, 3104, 3484, 3588, 3950]
[2050]
[2051]
[2052]
[2056]
[258, 2065]
[3309]
[1519, 2501]
[1281, 1508, 2668, 2702]
[3043]
[2071, 2693]
[2075]
[2076]
[2077]
[2078]
[397, 422, 665, 2444, 3131, 3582]
[259, 397, 422, 483, 665, 1374, 2151, 2276, 2444, 2694, 3131, 3248, 3582, 3590]
[427, 3135]
[2153, 2453, 2593]
[2154]
[2183]
[3276, 3277]
[508, 887, 3699, 3700]
[3381]
[135]
[629]
[629]
[2566]
[629]
[2184]
[2185]
[2186]
[2187, 2190]
[2188, 2191]
[2189]
[2187, 2190]
[40, 2084, 2239]
[1400, 1401]
[706, 752, 2423, 2424]
[490]
[2206]
[2205]
[3313]
[568]
[1145]
[3712]
[2207]
[2209]
[2210]
[2211]
[953]
[2208]
[2213]
[2214]
[1912, 2215]
[1903, 1960, 2216]
[2234]
[2235]
[1186, 1439, 1629, 1704, 2236, 2955]
[2237]
[2238]
[2239]
[2240]
[2738, 3265]
[2738, 3265]
[191, 2738]
[306, 2272, 3832]
[2273]
[2274]
[2275]
[2276]
[598, 599, 2277]
[2278]
[2279, 3159]
[2280]
[2281]
[2118, 2119]
[3368]
[601, 2345, 2791]
[408, 491, 2008, 2745, 3158, 3161]
[404]
[608]
[1398]
[406, 3838]
[323, 324, 608, 1501, 1975, 2259, 3238, 3419, 3561, 3795, 3846]
[2288]
[2289]
[2290]
[2291]
[2292]
[2293]
[2294, 3607]
[3948, 4013]
[2694, 3590]
[1398]
[406, 3838]
[424, 1412, 2242, 2245, 2247, 2248, 2250, 2454, 3137]
[259, 397, 422, 483, 665, 1374, 2444, 2694, 3131, 3248, 3582, 3590]
[2304, 2308]
[70]
[2307]
[1097]
[3381]
[3381]
[2310]
[1097]
[2283]
[1151, 1474, 2177, 2306, 2307, 2311, 2354, 2466, 2517]
[2312, 2314]
[2313]
[2312, 2314]
[2315, 2317]
[2316, 2318]
[2315, 2317]
[2316, 2318]
[3615, 3618]
[2320, 2321]
[2321]
[2322]
[2323, 2324]
[2323, 2324]
[3457]
[260, 666, 2695, 3472]
[638, 1388, 1403, 1992, 2422, 2556]
[638, 1388, 1403, 1992, 2422, 2556]
[1735]
[2837]
[1030]
[2476]
[1204, 1210]
[1204, 1210]
[1040, 2329]
[1040, 2329]
[1735]
[2381]
[2332]
[1772, 2178, 2333]
[1700, 2334, 2335]
[1700, 2334, 2335]
[2336]
[2341]
[2343]
[2719]
[3638]
[3626]
[3626]
[1073]
[1073]
[2423]
[2904]
[1411]
[598, 599, 2277]
[2345]
[638, 1388, 1403, 1992, 2422, 2556]
[2358]
[2359]
[278, 2360, 2372]
[2361]
[2362]
[2363, 2364]
[2363, 2364]
[2365]
[2366, 2370]
[2367]
[2368]
[2369]
[2366, 2370]
[2371]
[278, 2360, 2372]
[2374]
[2375]
[2376]
[2377, 2378]
[2377, 2378]
[2379, 2380]
[2379, 2380]
[2381]
[2382, 2383]
[2382, 2383]
[2382, 2383]
[2382, 2383]
[590, 603, 2384, 3433]
[2385]
[2386]
[2387]
[2388, 2389]
[2388, 2389]
[2390]
[2391, 2392, 2393]
[3529]
[2423]
[706, 752, 2423, 2424]
[2425]
[2425, 2426]
[2420, 2427, 2428, 3305, 3307, 3617, 3620, 3900]
[2420, 2427, 2428, 3305, 3307, 3617, 3620, 3900]
[2429]
[2579]
[3615, 3618]
[622]
[671, 750, 1214, 1377, 3799]
[924, 2082, 2994]
[2448]
[2351]
[2351]
[412, 479, 583, 1435, 2152, 2410, 2452, 2455, 2456, 3083, 3085, 3124, 3127, 3128, 3129]
[2455]
[412, 479, 583, 1435, 2152, 2410, 2452, 2455, 2456, 3083, 3085, 3124, 3127, 3128, 3129]
[1086, 1149, 1150, 1152, 1180, 1472, 1963, 2354, 2355, 2357, 2399, 2401, 2402, 2457, 3407]
[1184]
[2449]
[44, 61, 63, 74, 998, 1108, 1109, 1110, 1111, 1222, 1618, 1624, 1631, 1637, 1802, 2440, 2941, 2979, 3404, 3408]
[44, 61, 63, 74, 998, 1108, 1109, 1110, 1111, 1222, 1618, 1624, 1631, 1637, 1802, 2440, 2941, 2979, 3404, 3408]
[44, 61, 63, 74, 998, 1108, 1109, 1110, 1111, 1222, 1618, 1624, 1631, 1637, 1802, 2440, 2941, 2979, 3404, 3408]
[2367, 2368, 2452, 2455, 2456]
[2478]
[2479]
[2480]
[2481]
[2817]
[]
[]
[4004]
[4004]
[4004]
[]
[4004]
[]
[4004]
[344, 2601]
[487]
[]
[2549]
[2801]
[169, 170, 1010, 1011, 1014, 1015, 1016, 1017]
[169, 170, 1010, 1011, 1014, 1015, 1016, 1017]
[1008, 1009, 1326, 1327]
[1008, 1009, 1326, 1327]
[1016, 1017]
[4004]
[1016, 1017]
[1016, 1017]
[4004]
[2153, 2593]
[1016, 1017]
[4004]
[2153, 2593]
[1325]
[475, 893, 1192, 2981, 3296, 3297, 3298]
[2871]
[1016, 1017]
[1016, 1017]
[1258, 2490, 3272]
[2491]
[2492]
[2493]
[2494, 2495, 3391, 3392]
[2494, 2495, 3391, 3392]
[2496]
[2497]
[169, 170, 1006, 1007, 1326, 1327]
[169, 170, 1006, 1007, 1326, 1327]
[952, 2511, 2843]
[952, 2511, 2843]
[927, 2701, 3778]
[37, 275, 498, 602, 605, 622, 625, 990, 1154, 1155, 1221, 1280, 1378, 1424, 1427, 1501, 1521, 1708, 2004, 2443, 2499, 2545, 2619, 2665, 2667, 2669, 3222, 3419, 3455, 3488, 3585, 3753, 3777, 3802, 3808, 3811, 3821, 3826, 3879]
[928]
[3223]
[2502, 3915]
[278, 677, 1338, 2360, 2372]
[2503, 2504]
[2503, 2504]
[2506]
[2507]
[2508]
[2518]
[2519]
[2520]
[2521]
[2522]
[2523]
[2524]
[2525]
[253]
[254]
[255]
[256]
[985]
[607, 2527, 3291]
[1501, 3419]
[468, 2514, 3459]
[578, 619, 1423, 1568]
[38, 404, 454, 457, 608, 670, 942, 986, 1464, 1569, 2218, 2220, 2222, 2224, 2227, 2230, 2302, 2446, 2529, 2661, 2993, 3387, 3422, 3448, 3483, 3756, 3984, 4016, 4019]
[673, 1425, 2772]
[96, 570, 1441, 1603, 1660, 1671, 2530, 2949, 3581]
[2531, 2532]
[2531, 2532]
[2533]
[2534]
[576, 1449, 1606, 1609, 1612, 1615, 1665, 1668, 1675, 1678, 1683, 2535]
[2536]
[253, 254, 255, 256]
[253, 254, 255, 256]
[253, 254, 255, 256]
[253, 254, 255, 256]
[2538]
[1232, 2539]
[388, 605, 955, 2538, 2540, 2542]
[14, 389, 390, 711, 956, 957, 1232, 1233, 1247, 2141, 2142, 2150, 2406, 2407, 2408, 2409, 2434, 2482, 2539, 2541, 2542, 3104, 3749, 3757]
[2408]
[388, 955, 2538, 2540]
[2555]
[376, 2557]
[2560]
[1451]
[3426]
[2204]
[2565, 3462]
[985]
[3309]
[985]
[985]
[3309]
[3817]
[582, 2029, 3930]
[278, 2360, 2372, 2971, 3985]
[2572]
[2573, 2574]
[2577, 3547]
[97, 98, 705, 2578, 2582]
[2579]
[2580]
[2581]
[97, 98, 705, 2578, 2582]
[2583]
[2586]
[2587]
[433, 2588]
[2589]
[2590]
[2591]
[2592]
[2593]
[2594]
[2595]
[2596]
[2597]
[2598, 3695]
[3470]
[262, 446, 1428, 2599]
[2307, 2600]
[2601]
[2604]
[2604]
[2603]
[2603]
[1315, 1316, 1318, 1319]
[979, 1050, 3763]
[979, 1050, 3763]
[782, 3401]
[1190, 1533, 1534]
[1190, 1533, 1534]
[597, 782, 1190, 1533, 1534, 3401, 3839]
[1190, 1533, 1534]
[2546, 2608]
[2609]
[2610, 3890]
[308, 2611, 3458]
[1142, 2445, 2528, 2612, 3804]
[2613]
[2614]
[2615]
[2616]
[399, 2617]
[1578, 3982]
[2638]
[2639]
[2640]
[2641]
[2062]
[3999]
[1518, 2778, 3107, 3232]
[2057, 3586]
[3470]
[3043]
[3043]
[3817]
[3817]
[3985]
[2658, 2659, 2660, 3986]
[3108]
[3301]
[3301]
[3301]
[3301]
[2671]
[2675]
[1814]
[1815]
[1816]
[92]
[2071, 2693]
[683]
[2062]
[609, 617, 2435]
[749, 1141, 3583]
[671, 750, 1214, 1377, 3799]
[626, 751, 789, 1216, 2498, 3227]
[925, 3955]
[1518, 2778, 3107, 3232]
[2704]
[2705]
[386, 480, 638, 695, 1388, 1403, 1992, 2344, 2422, 2556, 2560, 2840, 2842, 3145, 3193, 3546]
[3145]
[4051]
[258, 2065]
[2721]
[2722]
[2723]
[1993, 2724]
[258, 2065]
[4004]
[264, 2054]
[2716, 2718, 2732]
[2732]
[2739]
[288]
[3157, 3160]
[2744]
[408, 491, 2008, 2745, 3158, 3161]
[2746]
[1305, 1395, 1452, 2419, 2680, 2747, 3302, 3304, 3306, 3616, 3619, 3789, 3901, 4049]
[396]
[2749]
[2748, 2751]
[2750]
[2748, 2751]
[530]
[2587]
[3962]
[3923]
[]
[4004]
[37, 396, 589, 612, 2234, 2296, 2622, 2953, 3455, 3960, 3961]
[2587]
[2750]
[3962]
[3923]
[]
[4004]
[2636, 2794, 2799, 3036, 3992, 3996]
[720, 2795, 2797, 3993, 3995]
[721, 2796, 3994]
[720, 2795, 2797, 3993, 3995]
[2798]
[2636, 2794, 2799, 3036, 3992, 3996]
[2635, 2637, 2800, 3037, 3997]
[2801]
[1305, 1395, 1452, 2419, 2680, 2747, 3302, 3304, 3306, 3616, 3619, 3789, 3901, 4049]
[4050]
[2804, 2805, 2806]
[870, 881, 1538, 2477, 2931]
[2805]
[870, 881, 1538, 2477, 2931]
[2806]
[2804, 2805, 2806]
[231]
[863, 2831]
[475]
[2353]
[2829, 2830]
[2831]
[0]
[2381]
[2832]
[2835]
[2836]
[2837]
[2838]
[2839]
[2840]
[2841]
[2842]
[2843]
[3580]
[37, 275, 498, 602, 605, 622, 625, 990, 1154, 1155, 1221, 1280, 1424, 1427, 1501, 1521, 1708, 2004, 2443, 2499, 2545, 2619, 2667, 2669, 3222, 3419, 3455, 3488, 3753, 3777, 3802, 3808, 3811, 3821, 3826, 3879]
[262, 446, 1428]
[3923]
[3923]
[3923]
[408, 491, 2008, 2745, 3158, 3161]
[630, 1264, 2459, 2681, 2973, 3000, 3001]
[408, 491, 2008, 2745, 3158, 3161]
[630, 1264, 2459, 2681, 2973, 3000, 3001]
[3923]
[3923]
[2884]
[2885]
[2886]
[2887]
[1300]
[312, 364, 2891, 3197]
[1295]
[1300]
[367]
[2895]
[2896]
[2910]
[2913]
[2914]
[2915, 2916, 2917]
[2915, 2916, 2917]
[2915, 2916, 2917]
[2918, 2919]
[2918, 2919]
[2920]
[2921]
[2924]
[2925]
[2926]
[2927]
[487]
[2913]
[2928]
[2923, 2929]
[2933]
[2948]
[96, 570, 1441, 1603, 1660, 1671, 2530, 2949, 3581]
[95]
[291, 2951, 3978]
[2443]
[2622, 2953, 3960]
[930, 1635, 3456, 4014]
[2956]
[2957]
[1264]
[1726]
[2991]
[2992]
[2302, 2993]
[924, 2082, 2994]
[2995]
[2996]
[2997]
[3031]
[3032]
[3048]
[3049]
[3050]
[3051]
[3052]
[3053]
[3054]
[3055]
[1290, 2849, 3056, 3676]
[820, 3077, 3945]
[821, 3078]
[822, 823, 3079, 3080]
[822, 823, 3079, 3080]
[824, 3081, 3943]
[825, 3082, 3946]
[3083]
[3084, 3087]
[3085]
[3086]
[3084, 3087]
[3088]
[3089]
[3090]
[3091, 3092]
[3091, 3092]
[3093]
[3094]
[3095]
[3096]
[3097, 3098]
[3097, 3098]
[3099]
[588, 3310]
[1186, 1439, 1629, 1704, 2236, 2955]
[406, 3838]
[597, 3839]
[402, 947, 2597]
[317]
[3172]
[3172]
[3296, 3297]
[3172]
[3172]
[598, 599, 2277]
[3511]
[402, 947, 2597]
[1398]
[597, 3839]
[3100]
[3101, 3102]
[3101, 3102]
[38, 51, 88, 404, 451, 454, 457, 497, 605, 608, 942, 986, 1464, 2218, 2220, 2222, 2224, 2227, 2230, 2297, 2529, 2964, 3387, 3422, 3448, 3483, 3484, 3588, 3756, 3950, 3984, 4019]
[1140, 3105]
[3106]
[3824]
[1519, 2501]
[262, 446, 502, 727, 1428, 2386, 2599, 2958, 3476]
[325, 591, 1083, 1442, 2263, 2362, 2374, 3119]
[1379, 1380, 1381, 2066]
[3130]
[397, 422, 665, 2444, 3131, 3582]
[3132]
[3133]
[3134]
[3135]
[3136]
[3137]
[2618]
[3144]
[67, 3141, 3163]
[3142]
[2274, 2618, 3138, 3444, 3463]
[3132, 3239, 3444]
[2275]
[2275, 3445]
[643]
[411, 696, 3140, 3162]
[3146]
[3157, 3160]
[408, 491, 2008, 2745, 3158, 3161]
[2279, 3159]
[411, 2049, 2279, 2554, 3159, 3162]
[2275]
[1400, 1401]
[2375]
[2971]
[2506, 2507, 2508, 3123]
[2506, 2507, 2508, 3123]
[450]
[944]
[944]
[3923]
[3923]
[264, 2054]
[1496, 2436, 2499, 2662, 3220, 3807, 3823, 3953]
[753, 1495, 1496, 2436, 2499, 2662, 2861, 3123, 3220, 3807, 3823, 3953]
[2381]
[766, 1061, 1469, 1530, 2237, 2238, 2262, 3057, 3058, 3059, 3060, 3061, 3062, 3063, 3474, 3914]
[329, 3819]
[2506, 2507, 2508, 3123]
[3551]
[3551]
[1422, 2299, 3473, 3951]
[1422, 2299, 3473, 3951]
[3923]
[3923]
[625, 626, 673, 751, 789, 922, 1216, 1425, 2498, 2772, 2773, 2970, 3227, 3253, 3555]
[3123]
[978]
[1578, 2618, 2840, 3086, 3463, 3982]
[3183]
[3193, 3546]
[387]
[3261]
[3262]
[3263]
[3264]
[3271]
[1258, 2490, 3272]
[3273]
[3274]
[3275]
[3276, 3277]
[3276, 3277]
[3278, 3279]
[3278, 3279]
[3280, 3281, 3284, 3285]
[3280, 3281, 3284, 3285]
[3282, 3283]
[3282, 3283]
[3280, 3281, 3284, 3285]
[3280, 3281, 3284, 3285]
[3286]
[3271]
[1258, 2490, 3272]
[3273]
[3274]
[3275]
[3276, 3277]
[3276, 3277]
[3278, 3279]
[3278, 3279]
[3280, 3281, 3284, 3285]
[3280, 3281, 3284, 3285]
[3282, 3283]
[3282, 3283]
[3280, 3281, 3284, 3285]
[3280, 3281, 3284, 3285]
[3286]
[3301]
[1305, 1395, 1452, 2419, 2680, 2747, 3302, 3304, 3306, 3616, 3619, 3789, 3901, 4049]
[3303]
[1305, 1395, 1452, 2419, 2680, 2747, 3302, 3304, 3306, 3616, 3619, 3789, 3901, 4049]
[2420, 2427, 2428, 3305, 3307, 3617, 3620, 3900]
[1305, 1395, 1452, 2419, 2680, 2747, 3302, 3304, 3306, 3616, 3619, 3789, 3901, 4049]
[2420, 2427, 2428, 3305, 3307, 3617, 3620, 3900]
[641]
[642]
[3326, 3959]
[3674]
[7, 10, 26, 27, 28, 868, 879, 883, 884, 896, 897, 898, 899, 900, 901, 902, 903, 904, 905, 906, 907, 908, 909, 910, 911, 912, 913, 914, 915, 1600, 1648, 1650, 1656, 1657, 1658, 1797, 1798, 1801, 1809, 1810, 1811, 1812, 1813, 2479, 2481, 2639, 2640, 2641, 2792, 2814, 2815, 3410, 3505, 3507, 3658, 3659]
[3345]
[3346]
[321, 3347, 3349]
[322, 3348, 3350, 3351]
[3368]
[3369]
[2684]
[417]
[2719]
[2580]
[3369]
[3276, 3277]
[3368]
[3369]
[1448]
[3410]
[1045, 3411]
[3412]
[3413]
[3414]
[3415]
[3416]
[3417]
[3418]
[1501, 3419]
[3420, 3708]
[3421]
[3422]
[3423]
[3424]
[3425]
[3425]
[3426]
[3258, 3427]
[1526, 3429]
[3430]
[3431]
[3432]
[656]
[657]
[3464]
[449]
[449]
[449]
[616]
[3467]
[985]
[3221, 3785]
[985]
[3221, 3785]
[307, 483, 613, 756, 764, 765, 792, 926, 942, 1467, 1708, 2058, 2080, 2229, 2260, 2295, 2296, 2298, 2299, 2300, 2302, 2303, 2776, 2779, 2992, 2993, 3190, 3192, 3217, 3233, 3779, 3786, 3796, 3805, 3810, 3823, 3824, 3851, 3912]
[623, 2483, 2697]
[3505]
[3506]
[3507]
[3522]
[3524, 3525]
[3524, 3525]
[295, 296, 1722, 1723]
[1102, 3534]
[3535]
[3536]
[3537]
[234, 252, 1983, 2458, 3743, 3747]
[3540]
[3541]
[3542]
[3543, 3544]
[3543, 3544]
[3545]
[148, 3287, 3372, 3548]
[984, 1185, 1525, 3354, 3388, 3549]
[3550]
[3551]
[3552]
[3553]
[3293, 3554]
[3563]
[3564, 3565, 3566, 3567, 3963, 3964, 3965, 3966, 3967]
[3564, 3565, 3566, 3567, 3963, 3964, 3965, 3966, 3967]
[3564, 3565, 3566, 3567, 3963, 3964, 3965, 3966, 3967]
[3564, 3565, 3566, 3567, 3963, 3964, 3965, 3966, 3967]
[3568, 3569]
[3568, 3569]
[3570]
[3571]
[3572]
[3573]
[3574, 3575]
[3574, 3575]
[3470]
[96, 570, 1441, 1603, 1660, 1671, 2530, 2949, 3581]
[260, 666, 2695, 3472]
[749, 1141, 3583]
[924, 2082, 2994]
[3576]
[3420, 3708]
[3043]
[3043]
[3043]
[3580]
[96, 570, 1441, 1603, 1660, 1671, 2530, 2949, 3581]
[397, 422, 665, 2444, 3131, 3582]
[749, 1141, 3583]
[1707, 3584]
[1570, 2651, 2666]
[3043]
[306, 2272, 3832]
[3589]
[2297, 3950]
[2260]
[258, 2065]
[618, 1281, 1508, 1520, 2668, 2702, 2773, 2992, 2997, 3255, 3308, 3587, 4016]
[521, 1311]
[985]
[930, 1635, 3456, 4014]
[96, 570, 1441, 1603, 1660, 1671, 2530, 2949, 3581]
[2688, 2689, 3398, 3399]
[3613]
[3614]
[3615, 3618]
[1305, 1395, 1452, 2419, 2680, 2747, 3302, 3304, 3306, 3616, 3619, 3789, 3901, 4049]
[2420, 2427, 2428, 3305, 3307, 3617, 3620, 3900]
[3615, 3618]
[1305, 1395, 1452, 2419, 2680, 2747, 3302, 3304, 3306, 3616, 3619, 3789, 3901, 4049]
[2420, 2427, 2428, 3305, 3307, 3617, 3620, 3900]
[3621]
[1661, 1662]
[3624]
[3625]
[3626]
[3627]
[2705]
[2705]
[2705]
[2705]
[3634]
[96, 570, 1441, 1603, 1660, 1671, 2530, 2949, 3581]
[609, 617, 2435]
[1434]
[3635, 3636, 3637]
[3642, 3648]
[3643]
[3644]
[3645]
[3646, 3654]
[3647]
[3642, 3648]
[3987]
[3650]
[3987]
[2688, 2689, 3398, 3399]
[3653]
[3646, 3654]
[3655]
[3656]
[3657]
[253, 254, 255, 256]
[7, 27, 868, 879, 1801, 1811, 3658]
[3659]
[3660, 3665, 3668]
[1936]
[3662]
[1936, 3076]
[3664]
[3660, 3665, 3668]
[1293]
[3667]
[3660, 3665, 3668]
[1936]
[1290, 2849, 3056, 3676]
[3677, 3679]
[3678]
[3677, 3679]
[3680]
[3065, 3681]
[3682]
[3683]
[3684]
[3685]
[3686]
[3687]
[3688]
[3689]
[3690]
[3691]
[2251, 3692]
[3693]
[507, 3694, 3701]
[2598, 3695]
[3696, 3697]
[3696, 3697]
[3698]
[3699, 3700]
[3699, 3700]
[507, 3694, 3701]
[3702]
[3703]
[3704, 3705]
[3704, 3705]
[3706]
[3707]
[3729, 3730]
[3729, 3730]
[953]
[1526, 3429]
[2622, 2953, 3960]
[2526]
[1186, 1439, 1629, 1704, 2236, 2955]
[2420, 2427, 2428, 3305, 3307, 3617, 3620, 3900]
[2957, 3480]
[3432, 3480]
[3203]
[3962]
[3962]
[37, 396, 589, 612, 2234, 2296, 2622, 2953, 3455, 3960, 3961]
[2957]
[345, 507, 3694, 3701]
[3768]
[3769]
[3773, 3774]
[3773, 3774]
[1306, 3775]
[1307, 3776]
[1400, 1401]
[1400, 1401]
[3465]
[1400, 1401]
[1400, 1401]
[3790]
[3791, 3793]
[3792]
[3791, 3793]
[3794]
[88, 451, 497, 2964]
[3309]
[260, 307, 483, 613, 666, 756, 764, 765, 792, 926, 990, 1467, 2058, 2080, 2229, 2295, 2296, 2298, 2299, 2300, 2302, 2303, 2695, 2776, 2779, 2993, 3190, 3192, 3233, 3472, 3779, 3786, 3796, 3805, 3810, 3823, 3824, 3847, 3851, 3912]
[521, 1311]
[579, 620, 1143, 1503, 2698]
[1569, 2446]
[1709, 3461]
[3219, 3798]
[2436, 2662, 3953]
[3802]
[2297, 3950]
[3309]
[749, 1141, 3583]
[468, 2514, 3459]
[579, 620, 1143, 1503, 2698]
[521, 1311]
[3470]
[521, 1311]
[2511]
[38, 404, 454, 457, 608, 942, 986, 1281, 1464, 1508, 1520, 2218, 2220, 2222, 2224, 2227, 2230, 2529, 2668, 2702, 3387, 3422, 3448, 3483, 3756, 3984, 4019]
[627]
[3470]
[307, 483, 613, 756, 764, 765, 792, 926, 1467, 2058, 2080, 2229, 2295, 2296, 2298, 2299, 2300, 2302, 2303, 2776, 2779, 2993, 3190, 3192, 3233, 3779, 3780, 3786, 3796, 3805, 3810, 3823, 3824, 3851, 3912]
[3218]
[674, 923, 1217]
[766, 1061, 1469, 1530, 2237, 2238, 2262, 3057, 3058, 3059, 3060, 3061, 3062, 3063, 3474, 3914]
[1469]
[2654, 2655, 3815, 3816]
[3817]
[3985]
[3819]
[2264]
[3301]
[1005]
[97, 705]
[3301]
[3301]
[1400, 1401]
[3301]
[3841]
[2549]
[1071, 3865]
[3887]
[3888]
[3889, 4044]
[2610, 3890]
[3891]
[3892]
[3893, 3898]
[3894, 3899, 4046]
[3893, 3898]
[3894, 3899, 4046]
[3895, 3896, 4047, 4048]
[3895, 3896, 4047, 4048]
[274]
[3788]
[1305, 1395, 1452, 2419, 2680, 2747, 3302, 3304, 3306, 3616, 3619, 3789, 3901, 4049]
[3788]
[1305, 1395, 1452, 2419, 2680, 2747, 3302, 3304, 3306, 3616, 3619, 3789, 3901, 4049]
[630, 2681, 2973, 3000, 3001]
[3788]
[993]
[630, 2681, 2973, 3000, 3001]
[3258, 3427]
[993]
[3258, 3427]
[3258, 3427]
[3933]
[3934]
[3935]
[3936]
[2356]
[44, 61, 63, 74, 998, 1108, 1109, 1110, 1111, 1222, 1618, 1624, 1631, 1637, 1802, 2440, 2941, 2979, 3404, 3408]
[3767]
[58, 1040, 1246, 1451, 2329, 2418, 3940]
[1184, 2710]
[2511]
[14, 2150, 2434, 2482, 3104]
[405, 932, 2257]
[308, 2611, 3458]
[1569, 2446]
[3470]
[674, 923, 1217]
[1519, 2501]
[2511]
[521, 1311]
[3420, 3708]
[3564, 3565, 3566, 3567, 3963, 3964, 3965, 3966, 3967]
[3564, 3565, 3566, 3567, 3963, 3964, 3965, 3966, 3967]
[3564, 3565, 3566, 3567, 3963, 3964, 3965, 3966, 3967]
[3564, 3565, 3566, 3567, 3963, 3964, 3965, 3966, 3967]
[3564, 3565, 3566, 3567, 3963, 3964, 3965, 3966, 3967]
[2846, 3977]
[696, 1578, 3140, 3162, 3982]
[192, 235, 2813]
[3983]
[38, 404, 454, 457, 608, 623, 942, 986, 1213, 1464, 2218, 2220, 2222, 2224, 2227, 2230, 2301, 2483, 2529, 2697, 2967, 3387, 3422, 3448, 3483, 3591, 3756, 3984, 4019]
[37, 275, 498, 602, 605, 622, 625, 670, 990, 1154, 1155, 1221, 1280, 1424, 1427, 1501, 1521, 1569, 1708, 2004, 2302, 2443, 2446, 2499, 2545, 2619, 2661, 2667, 2669, 2993, 3222, 3419, 3455, 3488, 3753, 3777, 3802, 3808, 3811, 3821, 3826, 3879, 4016]
[3219, 3798]
[3985]
[3986]
[3987]
[2723]
[598, 599, 892, 2240, 2277, 2365, 3203, 3739]
[408, 491, 2008, 2745, 3158, 3161]
[4021]
[4022, 4023]
[4022, 4023]
[4024, 4025]
[4024, 4025]
[4026]
[4027, 4031]
[4028]
[4029]
[4030]
[4027, 4031]
[4051]
[4052]
