0.6029748160380572
0.4112070550676187
0.5803329846765686
0.3360969272762575
0.8466473536503034
0.38087260847594373
0.7474073540060464
0.8466473536503034
0.76642522363051
0.38087260847594373
0.7168117414430619
0.7092972666062738
0.1506401849870651
0.1506401849870651
0.12735952979479354
0.22576484600261607
0.29121941856368966
0.29121941856368966
0.4795818201875527
0.29121941856368966
0.20199309249791836
0.29121941856368966
0.40347057701869526
0.33609692727625756
0.26055567105626243
0.29121941856368966
0.29121941856368966
0.29121941856368966
0.29121941856368966
0.38087260847594373
0.19785318493980444
0.22858816137955915
0.6029748160380571
0.5368927118515179
0.29121941856368966
0.6029748160380572
0.29121941856368966
0.29121941856368966
0.29121941856368966
0.29121941856368966
1.0000000000000002
0.8586557982260812
0.5031026124151314
0.5031026124151314
0.5031026124151314
0.3187840217537793
0.4112070550676187
0.5031026124151314
0.2912194185636897
0.3032160644503863
0.41120705506761873
0.41120705506761873
0.26055567105626243
0.5270724758293459
0.20199309249791833
0.2605556710562624
1.0000000000000002
1.0
1.0000000000000002
1.0
1.0000000000000004
0.33609692727625756
1.0000000000000002
0.368023208756115
0.5101490193104813
0.7168117414430619
0.7731076272598563
0.26055567105626243
0.17856621555757476
0.26055567105626243
0.21693381701139697
0.21693381701139697
1.0000000000000002
1.0000000000000002
1.0000000000000002
0.4826796606496646
0.3840557184352619
0.6787551892030776
0.6258188344165562
0.7765145304745156
0.6694188517266485
0.5031026124151314
0.26055567105626243
0.33609692727625756
0.33609692727625756
0.474330706497194
0.474330706497194
0.5031026124151314
0.4112070550676187
0.32796620164140594
0.32796620164140594
0.42305136624080664
0.26055567105626243
1.0
0.8673636849609287
0.5031026124151314
0.5031026124151314
0.6694188517266485
1.0
0.5031026124151314
0.26055567105626243
0.31884954143308364
0.46529153233701376
0.46529153233701376
0.36802320875611494
0.36802320875611494
0.36802320875611494
0.36802320875611494
0.26055567105626243
0.33609692727625756
0.33609692727625756
0
0.26055567105626243
0.42305136624080664
0.42305136624080664
0.2605556710562624
0.33609692727625756
0.7765145304745156
0.5101490193104813
0.4112070550676187
0.4632375622542576
0.44943641652398214
0.8466473536503034
0.8181802073667197
0.7799154245579976
0.7799154245579976
0.7799154245579976
0.7799154245579976
0.4558669899766567
0.41120705506761873
0.26055567105626243
0.4316134189707515
0.3360969272762575
0.7765145304745156
0.5245910904457137
0.1799889188118066
0.7765145304745156
1.0000000000000002
0.26055567105626243
1.0000000000000002
0.2605556710562624
0.5031026124151314
0.5031026124151314
0.3187840217537793
0.3187840217537793
0.5797386715376658
0.45026814465562653
0.3563004293331381
0.5031026124151314
0.5031026124151314
0.19431434016858148
0.20199309249791833
0.33609692727625756
0.3423901861134989
0.3360969272762575
0.4112070550676187
0.3279662016414059
0.26055567105626243
0.26055567105626243
0.5697077090551432
0.5697077090551432
0.5031026124151314
0.8466473536503034
0.474330706497194
1.0
0.43161341897075156
0.43161341897075156
0.40408842668704065
0.40408842668704065
1.0000000000000002
0.7092972666062739
0.519174772632511
1.0000000000000002
0.4651005455624053
0.4651005455624053
0.8988856617646737
0.8988856617646737
0.7092972666062739
0.5031026124151314
0.5031026124151314
0.2695176132460322
0.4611709283793982
0.4611709283793982
0
0.33609692727625756
0
1.0000000000000002
1.0000000000000002
0.3554767779546839
0.3554767779546839
0.3554767779546839
0.3554767779546839
1.0000000000000002
1.0000000000000002
0.22028815056182974
0.3360969272762575
0.3360969272762575
0.3360969272762575
0.3360969272762575
0.26055567105626243
0.5031026124151314
0.7765145304745156
0.6327904583679949
1.0
0.2912194185636897
0.38087260847594373
0.3408242166238353
0.4414189039607901
0.4414189039607901
0.20199309249791833
0.20199309249791833
0.45026814465562653
0.2605556710562624
0.13627634143908643
0.13627634143908643
0.13627634143908643
0.2605556710562624
0.2605556710562624
0.20199309249791833
0.20199309249791833
0.45026814465562653
0.2605556710562624
0.13627634143908643
0.13627634143908643
0.13627634143908643
0.2605556710562624
0.2605556710562624
0.6029748160380572
0.13378509294631244
0.13627634143908643
0.43161341897075156
0.22576484600261607
0.6029748160380572
0.6029748160380572
0.4112070550676187
1.0000000000000002
1.0000000000000002
1.0000000000000002
1.0000000000000002
1.0000000000000002
0.5031026124151314
0.7765145304745156
0.7060777744337089
0.7060777744337089
1.0
0.5031026124151314
0.36771998046974713
0.57273935841962
0.5031026124151314
1.0000000000000002
1.0000000000000002
1.0000000000000002
1.0000000000000002
0.6569729210330907
0.6029748160380572
0.6029748160380572
0.6029748160380572
0.6029748160380572
0.29121941856368966
0.3358742283098173
0.3358742283098173
0.2202881505618297
0.27728073510544676
0.4826796606496646
0.5245910904457137
0.317107466580271
0.28530619098136084
0.548591000294058
0.3799783615910079
0.3875572553672504
0.9428090415820636
0.7799154245579976
0.6029748160380571
0.5031026124151314
0.5031026124151314
1.0000000000000002
0.5031026124151314
0.5332074795452181
0.33380562020958315
0.6728984701822545
0.33380562020958315
0.20199309249791833
0.26055567105626243
0.24235771956792362
0.24235771956792362
0.4112070550676187
0.5031026124151314
0.26055567105626243
0.33609692727625756
0.5031026124151314
0.33609692727625756
0.4070813669669477
0.4501755023269898
0.48757713230778454
0.5031026124151314
0.36117779105272774
0.4112070550676187
0.474330706497194
0.36771998046974713
0.36771998046974713
0.36771998046974713
0.5031026124151314
0.474330706497194
0.3563004293331381
0.3554767779546839
0.5797386715376657
0.5031026124151314
0.5031026124151314
0.3187840217537793
0.5031026124151314
0.5031026124151314
0.5031026124151314
0.5918927626373603
0.5797386715376658
0.948683298050514
0.41036264495218466
0.6029748160380572
0.3446421410380548
0.36771998046974713
0.5031026124151314
0.8181802073667197
1.0000000000000002
0.8181802073667197
0.6348087971775132
1.0000000000000002
1.0000000000000002
0.5031026124151314
0.6694188517266485
0.6694188517266485
0.5586177528223194
0.5586177528223194
0.5586177528223194
0.5586177528223194
0.5998379312170505
0.43161341897075156
0.38087260847594373
0.38087260847594373
0.34464214103805485
0.2798280652432878
0.38516610068048585
0.2712795998705109
0.3446421410380548
0.5056055588739692
0.26055567105626243
0.40298220897396103
0.22576484600261604
0.5023287782256718
0.2605556710562624
0.461313774437494
0.31089077468139725
0.2605556710562624
0.31089077468139725
0.4070813669669477
1.0
0.7092972666062738
0.5031026124151314
0.3187840217537793
0.5803329846765686
1.0000000000000002
0.4112070550676187
0.3423901861134989
0
0.8177583245211001
0.5797386715376658
0.5372450751597532
0.5797386715376658
0.536892711851518
0.5372450751597532
0.5023287782256718
0.7092972666062739
0.4390154655449453
0.3803957080255582
0.3803957080255582
0.5023287782256718
0.5250790579579577
0.461313774437494
0.317107466580271
1.0000000000000002
0.5031026124151314
1.0000000000000002
0.26055567105626243
1.0000000000000002
1.0000000000000002
1.0000000000000002
0.5245910904457137
0.40408842668704065
0.40408842668704065
0.26055567105626243
0.26055567105626243
0.26055567105626243
0.26055567105626243
0.5031026124151314
0.5031026124151314
0.26055567105626243
0.26055567105626243
0.26055567105626243
0.26055567105626243
0.26055567105626243
0.26055567105626243
0.26055567105626243
0.26055567105626243
0.26055567105626243
0.26055567105626243
0.5031026124151314
0.5031026124151314
1.0000000000000002
1.0000000000000002
0.5797386715376658
0.4501755023269898
0.33609692727625756
0.6694188517266485
0.3563004293331381
0.33609692727625756
0.5192800188031971
0.5031026124151314
0.3187840217537793
0.7092972666062739
0.3563004293331381
0.41036264495218466
0.2912194185636897
0.7765145304745156
0.7765145304745156
0.5246613026214346
0.22028815056182974
0.4736001139580345
0.6327904583679945
0.7092972666062739
0.5031026124151314
0.3187840217537793
0.5031026124151314
0.5031026124151314
0.7523197619890014
0.5031026124151314
0.36771998046974713
0.36771998046974713
0.5192800188031971
0.26055567105626243
0.6728984701822545
0.30016074289586714
0.30016074289586714
0.6728984701822545
0.17077611319011649
0.6029748160380572
0.4767792392550708
0.26055567105626243
0.3360969272762575
0.29121941856368966
0.3360969272762575
0.29121941856368966
1.0000000000000002
0.5031026124151314
1.0000000000000002
0.5031026124151314
0.4494364165239822
0.4494364165239822
0.5031026124151314
0.3748077700589727
0.3748077700589727
0.6694188517266485
0.402484879510835
0.402484879510835
0.4501755023269898
1.0000000000000002
1.0000000000000002
0.6327904583679945
0.5797386715376658
0.3799783615910079
1.0000000000000002
0.8032002037467099
0.20199309249791833
0.20199309249791833
0.20199309249791833
0.20199309249791833
0.5031026124151314
0.3563004293331381
0.33609692727625756
0.42223388528713734
0.27423415918033694
0.27423415918033694
0.5797386715376658
0.24129913647238907
0.33609692727625756
0.42223388528713734
0.36771998046974713
0.36771998046974713
0.5797386715376658
0.3279662016414059
0.6415817207015069
0.5031026124151314
0.5031026124151314
0.5031026124151314
0.5918927626373603
0.5586177528223194
1.0000000000000002
1.0000000000000002
0.33609692727625756
0.5797386715376658
0.5797386715376658
0.33609692727625756
0.6569729210330907
0.6569729210330907
0.23773923857522394
0.3187840217537793
0.5031026124151314
0.3187840217537793
1.0
1.0
0.948683298050514
0.8177583245211001
0.622540746813751
0.7092972666062739
0.7765145304745156
0.7474073540060464
0.7765145304745156
0.5797386715376658
0.5797386715376658
0.3041257418754935
0.3041257418754935
0.3446421410380548
0.2605556710562624
0.2605556710562624
0.3878328421944075
0.3187840217537793
0.3187840217537793
0.3187840217537793
0.5586177528223194
0.08507864861689526
0.22576484600261604
0.41120705506761873
0.09349477497536716
0.33609692727625756
0.4498517039243883
0.36771998046974713
0.5797386715376658
0.4498517039243883
0.18420307674838185
0.41120705506761873
0.6327904583679945
0.5031026124151314
0.7765145304745156
0.519174772632511
0.4501755023269898
0.10371551133313005
0.6050614264813995
0.7092972666062739
0.20199309249791833
0.5270724758293459
1.0
0.7765145304745156
1.0
0.3563004293331381
0.2605556710562624
0.34464214103805485
0.525332542780785
0.525332542780785
0.525332542780785
0.525332542780785
0.33609692727625756
0.33609692727625756
0.30412574187549357
0.5031026124151314
0.3563004293331381
0.5031026124151314
0.36771998046974713
0.26055567105626243
0.5192800188031971
0.3360969272762575
0.26951761324603224
0.3360969272762574
0.19431434016858148
1.0000000000000002
0.2095424038071012
0.2773962289762415
0.49790411596993445
0.49790411596993445
0.8019783064439239
0.8901087250340665
0.8901087250340665
0.5031026124151314
0.33609692727625756
0.33609692727625756
0.33609692727625756
0.6860878811045008
0.20199309249791833
0.5031026124151314
0.29878909318799907
0.1707761131901165
0.40708136696694774
0.26055567105626243
0.3808165329771115
0.24458702361456058
0.44943641652398214
0.5023287782256718
0.5031026124151314
0.5031026124151314
0.5031026124151314
0.3187840217537793
0.5031026124151314
0.716811741443062
0.41120705506761873
0.5023287782256718
0.5727393584196198
1.0
0.5697077090551435
0.6327904583679945
0.48305968567799673
0.2782990363787159
0.424605003729316
0.42535109923095193
0.42535109923095193
0.3563004293331381
1.0000000000000002
0.5031026124151314
0.5031026124151314
0.26055567105626243
0.26055567105626243
0.5031026124151314
0.26055567105626243
0.26055567105626243
0.5031026124151314
0.5031026124151314
0.5803329846765686
0.5918927626373603
0.42916841593214955
0.41120705506761873
0.41120705506761873
0.33609692727625756
0.237739238575224
0.33609692727625745
0.6348087971775132
0.33609692727625756
0.237739238575224
0.6694188517266485
0.4112070550676187
0.5031026124151314
0.5023287782256718
0.6225407468137513
0.5270724758293459
0.6029748160380572
0.29878909318799907
0.8466473536503034
0.948683298050514
0.21277251046507964
0.7765145304745156
0.5447024979066775
0.3994395017823609
0.3351757433279261
0.3554767779546839
0.5797386715376658
0.5797386715376658
0.7092972666062739
0.4390154655449453
0.5023287782256718
0.33609692727625756
0
0.5689275447725676
0.6181142335061833
0.714936182506286
0.6415817207015069
0.3360098827811412
0.3032160644503863
1.0000000000000002
0.3799783615910079
0.22576484600261604
0.43161341897075156
0.2605556710562624
0.5101490193104813
0.7731076272598563
0.8181802073667197
0.5031026124151314
1.0000000000000002
0.5031026124151314
0.5031026124151314
0.5031026124151314
0.19261467065293908
0.26055567105626243
0.33609692727625756
0.5192800188031971
0.18443191662261307
0.5031026124151314
0.6827531502984261
0.8466473536503034
0.5101490193104813
0.3187840217537793
0.5031026124151314
0.29121941856368966
0.41120705506761873
0.41120705506761873
0.4393387340463309
0.26055567105626243
0.3187840217537793
0.5031026124151314
0.5031026124151314
0.5031026124151314
0.5031026124151314
0.3187840217537793
0.5031026124151314
0.5031026124151314
0.3187840217537793
0.2912194185636897
0.22576484600261607
0.33609692727625756
0.33609692727625756
0.6029748160380571
0.532502513273813
1.0000000000000002
0.33598136377577914
0.7765145304745158
0.3360969272762574
0.461313774437494
0.5689275447725676
0.6571625092584744
0.29121941856368966
0.6225407468137513
0.38087260847594373
0.25233420143369617
0.5797386715376657
0.40298220897396103
0.40298220897396103
0.4244295338926332
0.4244295338926332
0.36802320875611494
0.26355936687615455
0.7092972666062738
0.29121941856368966
0.5101490193104813
0.5101490193104813
0.2910691023819054
0.2910691023819054
0.6735205045780812
0.5101490193104813
0.5499883949217763
0.4501755023269897
0.4765509220328154
0.2912194185636897
0.2912194185636897
0.6694188517266485
0.6694188517266485
0.6694188517266485
0.9434557355986907
0.9434557355986907
0.6735205045780811
0.6735205045780811
0.29526755538240534
0.29526755538240534
0.3360969272762574
1.0000000000000002
1.0000000000000002
0.38087260847594373
0.5586177528223194
0
0.09349477497536716
0.09349477497536716
0.3901052651831878
0.6029748160380572
0.71929181824727
0.34283048964987234
0.46564621909889997
0.6406302109454313
0.461313774437494
0.32960336003563345
0.21507032570577075
0.26055567105626243
0.43161341897075156
0.3360969272762575
0.649891351552302
0.5031026124151314
0.5586177528223194
0.5586177528223194
0.5998379312170505
0.26055567105626243
0.42305136624080664
0.46564621909889997
0.6029748160380572
0.3279662016414059
0.41120705506761873
0.5499883949217763
0.36098742132325357
0.36098742132325357
0.3279662016414059
0.5031026124151314
0.5918927626373603
0.5246613026214346
0.5358559548726152
0.16284707754470532
0.32989454566450077
0.22028815056182968
0.2762749984593541
0.45026814465562653
0.36802320875611494
0.20199309249791833
0.20199309249791833
0.20199309249791836
0.20199309249791836
0.4501755023269899
0.36402064335296636
0.29121941856368966
0.3563004293331381
0.29121941856368966
0.8181802073667197
0.43161341897075156
0.3360969272762575
0.6569729210330907
0.5031026124151314
0.7168117414430619
0.3446421410380548
0.36802320875611494
0.36065894489651873
0.36065894489651873
0.26055567105626243
0.3423901861134989
0.5697077090551432
0.5697077090551432
0.4501755023269898
0.5101490193104813
0.5373108407931384
0.46564621909889997
0.3501746267226755
0.5031026124151314
0.7168117414430619
0.6029748160380572
0.5101490193104813
0.732104920251224
0.5031026124151314
0.7168117414430619
0.6029748160380572
0.5101490193104813
0.732104920251224
0.33609692727625756
0.461313774437494
0.5031026124151314
0.3187840217537793
0.6702229189493142
0.26055567105626243
0.26055567105626243
0.33609692727625756
0.4034705770186954
0.35340617496373333
0.32960336003563345
0.32960336003563345
0.5797386715376658
0.5697077090551435
0.3187840217537793
0.3187840217537793
0.5918927626373603
0
0.461313774437494
0.574381354960698
0.4494364165239821
0
0.2784632883398218
0.5031026124151314
0.4112070550676187
0.3086853355089944
0.3086853355089944
0.3086853355089944
0
0.5031026124151314
0.5031026124151314
0.5031026124151314
0.5031026124151314
0.46564621909889997
0.6029748160380572
0.36098742132325357
0.36098742132325357
0.519174772632511
0.46564621909889997
0.6029748160380572
0.36098742132325357
0.36098742132325357
0.36749305048918823
0.7995189954301455
0.8831282039194523
0.8955324150715728
0.8955324150715728
1.0
0.5023287782256718
0.5246613026214346
1.0000000000000007
0.3563004293331381
0.5031026124151314
0.7995189954301455
0.9561828874675151
0.6392306240536285
0.7358969498063692
0.5101490193104813
0.33609692727625756
0
0.6480954077048128
0.5031026124151314
0.5031026124151314
0.716811741443062
0.4112070550676187
0.7765145304745156
1.0
0.43161341897075156
0.8032002037467099
0.8032002037467099
0.5586177528223194
0.5586177528223194
0.6887753976699389
0.6887753976699389
1.0
1.0
0.773675369346877
0.773675369346877
0.835049905752098
0.835049905752098
1.0
0.6735205045780811
0.6735205045780811
0.36656322298940985
0.45026814465562653
0.5727393584196196
0.7168117414430619
0.615218690896332
0.649891351552302
0.8495766450412412
1.0000000000000002
1.0
1.0
0.7472014553318622
0.6351986941675815
0.7092972666062739
1.0
0.6694188517266485
0.2523342014336961
0.7765145304745156
0.7765145304745156
0.19795278592403323
0.7765145304745156
0.2523342014336961
0.7523197619890014
0.5031026124151314
0.7765145304745156
0.6694188517266485
0.6694188517266484
0.6694188517266484
0.7168117414430619
0.43161341897075156
0.5803329846765686
0.30412574187549357
0.3408242166238352
0.29121941856368966
0.29121941856368966
0.33609692727625756
0.29121941856368966
0.3563004293331381
0.4501755023269897
0.29121941856368966
1.0000000000000002
0.5803329846765686
0.3041257418754935
0.20613696606828605
1.0000000000000002
0.20613696606828605
0.18443191662261307
0.20613696606828605
0.33609692727625745
0.3603612876789841
0.8466473536503034
0.4316134189707515
0.3360969272762575
0.20613696606828605
0.29121941856368966
0.29121941856368966
0.29121941856368966
0.29121941856368966
0.29121941856368966
1.0000000000000002
1.0000000000000002
0.33609692727625756
0.6029748160380572
0.5031026124151314
0.33609692727625756
1.0000000000000002
1.0
0.7168117414430619
0.29121941856368966
0.29121941856368966
0.33609692727625756
0.32796620164140594
0.42305136624080664
0.5031026124151314
0.29121941856368966
0.29121941856368966
0.29121941856368966
0.29121941856368966
0.29121941856368966
0.29121941856368966
0.29121941856368966
0.29121941856368966
0.29121941856368966
0.29121941856368966
0.29121941856368966
0.29121941856368966
0.29121941856368966
0.29121941856368966
0.29121941856368966
0.29121941856368966
0.29121941856368966
1.0000000000000002
0.3799783615910079
0.3799783615910079
0.833633638968502
0.5507796339456278
0.8444320760277024
1.0000000000000002
0.6348087971775132
0.5031026124151314
0.5031026124151314
0.3187840217537793
0.3187840217537793
0.3187840217537793
0.3901052651831878
0.7092972666062739
0.5031026124151314
0.5918927626373603
0.5998379312170505
0.3446421410380548
0.5697077090551435
0.26055567105626243
0.41120705506761873
0.26055567105626243
0.4110653709825173
0.33609692727625756
0.1707761131901165
0.8177583245211001
0.5797386715376658
0.22576484600261604
0.5031026124151314
0.6569729210330906
0.695123532192458
0.40708136696694774
0.695123532192458
0.5031026124151314
0.5031026124151314
0.5031026124151314
0.5465828612804853
0.5465828612804853
0.5465828612804853
0.5465828612804853
0.29526755538240534
0.5465828612804853
0.5465828612804853
0.29526755538240534
0.5465828612804853
0.5465828612804853
0.5027128327544147
0.7168117414430619
0.4656462190988998
0.4932150017451216
0.7765145304745158
0.4932150017451216
0.5031026124151314
0.5358559548726152
0.5803329846765686
0.36098742132325357
0.7765145304745156
0.40735260428856745
0.3187840217537793
0.716811741443062
0.5918927626373603
0.5803329846765686
0.6702229189493142
0.22028815056182974
0.474330706497194
0.47432980456918206
0.31878402175377923
0.7092972666062738
0.3279662016414059
0.47432980456918206
0.6735205045780812
0.30412574187549357
1.0000000000000002
0.33609692727625756
0.33609692727625756
0.33609692727625756
0.7092972666062739
0.5697077090551432
0.5697077090551432
0.5797386715376658
0.5031026124151314
0.7092972666062739
0.3563004293331381
0.5031026124151314
0.5918927626373603
0.4494364165239822
1.0000000000000002
1.0000000000000002
0.35630042933313816
0.35630042933313816
0.41120705506761873
0.8181802073667197
0.7092972666062739
0.5031026124151314
0.3187840217537793
1.0000000000000002
0.6147464667918191
0.6827531502984261
0.6147464667918191
0.46564621909889997
0.6029748160380572
1.0000000000000002
0.4242513062915052
0.3720910265391493
0.26055567105626243
0.2798280652432878
0.2798280652432878
0.46598909712311054
0.5031026124151314
0.5031026124151314
0.5031026124151314
0.3563004293331381
0.5031026124151314
0.42305136624080664
0.42305136624080664
0.42305136624080664
0.5697077090551432
0.5697077090551432
0.29121941856368966
0.2605556710562624
0.29121941856368966
0.2605556710562624
0.71929181824727
0.40408842668704065
0.40408842668704065
0.40408842668704065
0.40408842668704065
0.26055567105626243
0.26055567105626243
0.26055567105626243
0.26055567105626243
0.26055567105626243
0.26055567105626243
0.7356260876640658
0.7092972666062739
0.40408842668704065
1.0000000000000002
1.0
0.7765145304745156
0.5797386715376658
0.7092942507441562
0.4498517039243883
0.2798280652432878
1.0
0.4656462190988998
0.36098742132325357
1.0000000000000002
0.8181802073667197
0.5193879933129156
0.2798280652432878
0.26055567105626243
0.2798280652432878
0.2202881505618297
0.6350012214071283
0.38087260847594373
0.48097310796014436
0.4501755023269898
0.5368927118515179
0.7168117414430619
0.732104920251224
0.4498772145089566
0.7092972666062738
0.5465828612804853
0.5465828612804853
1.0
0.18443191662261307
0.20613696606828605
1.0
0.7396917023686638
1.0
1.0
0.4558669899766567
0
0.20199309249791836
0.1414305679255449
0.20199309249791836
0.20199309249791836
0.3187840217537793
0.3187840217537793
0.20199309249791833
0.161713780662529
0.1707761131901165
0.19431434016858148
0.26951761324603224
0.3032160644503863
0.12536693798731732
0.12536693798731732
0.26055567105626243
0.33609692727625756
0.5998379312170505
0.7765145304745156
0.7765145304745156
0.7765145304745156
0.7765145304745156
0.1707761131901165
0.6029748160380572
0.6029748160380572
0.5586177528223194
0.5586177528223194
0.7092972666062738
0.6029748160380572
0.3249317266808788
0.2605556710562624
0.2912194185636897
0.8021643431066532
0.8831282039194523
1.0000000000000004
1.0000000000000004
0.20199309249791836
0.6392306240536285
1.0000000000000002
0.29121941856368966
0.2605556710562624
0.20613696606828605
0.3916517232225978
0.2482946073294489
0.29121941856368966
0.2521387069452626
0.6694188517266485
0.392181175971253
0.2719366392946891
0.43161341897075156
0.30412574187549357
0.2798280652432878
0.26055567105626243
0.26055567105626243
0.26055567105626243
0.3360969272762574
0.8901087250340666
0.8901087250340666
0.33609692727625756
0.22576484600261607
0.2798280652432878
0.2605556710562624
0.2798280652432878
0.7523197619890014
0.38087260847594373
0.3187840217537793
0.38087260847594373
0.16839750037215276
0.4328240678536701
0.29121941856368966
0.33609692727625756
0
0.6764792400877004
0.5031026124151314
0.26055567105626243
0.26055567105626243
0.3187840217537793
0.6569729210330907
0.4656462190988998
0.36098742132325357
0.6029748160380571
0.8504855118474538
0.6029748160380571
0.435813036929526
1.0
0.3563004293331381
0.5031026124151314
0.5031026124151314
0.5023287782256718
0.5270724758293459
0.3187840217537793
0.33609692727625756
0.3187840217537793
0.4288229686823936
0.20199309249791836
0.20199309249791833
0.3187840217537793
0.33609692727625756
0.3187840217537793
0.5727393584196199
0.38087260847594373
0.29121941856368966
0.43161341897075156
0.5684918552450585
0.5031026124151314
0.5031026124151314
0.7092972666062739
0.5031026124151314
0.5031026124151314
0.5031026124151314
0.5031026124151314
0.5031026124151314
0.5031026124151314
0.5031026124151314
0.5031026124151314
0.5031026124151314
0.2202881505618297
0.35630042933313816
0.3563004293331381
0.39006559536774454
0.39006559536774454
0.4525677769973511
0.4112070550676186
0.37997836159100795
0.7765145304745156
0.5147429270236511
0.7765145304745156
0.4826796606496646
0.7765145304745156
0.22028815056182974
0.7765145304745156
0.7092972666062738
0.46464667972134505
0.20898368919644475
0.365514247469986
0.4826796606496646
0.4501755023269898
0.7765145304745156
0.5056055588739691
0.2038037084651848
0.7092972666062739
0.3563004293331381
0.5031026124151314
0.5031026124151314
0.3563004293331381
0.5031026124151314
0.3563004293331381
0.46564621909889997
0.29121941856368966
0.7327068970668787
0.6029748160380571
0.18443191662261305
0.30412574187549357
0.5031026124151314
0.27519581217502304
0.33609692727625756
0.33609692727625756
0.3799783615910079
0.4112070550676187
0.31089077468139725
0.33609692727625756
0.34918055464215086
0.34918055464215086
1.0
0.4656462190988998
0.4112070550676186
0.4112070550676186
0.5023287782256718
0.4076794109421686
0.3360969272762575
0.24482254447427346
0.24482254447427346
0.2798280652432878
0.29121941856368966
0.30519869744923855
0.36802320875611494
0.33609692727625745
0.6349798322956081
0.905549965094206
0.2532094495161745
0.40298220897396103
0.2532094495161745
0.8262327303900501
0.44943641652398214
0.6166318855603955
0.3186847921605028
0.3360969272762575
0.43712848366061724
0.24718481334341985
0.30412574187549357
0.26055567105626243
0.34464214103805485
0.8466473536503034
1.0000000000000002
1.0000000000000002
1.0000000000000002
1.0000000000000002
1.0000000000000002
0.5031026124151314
0.5031026124151314
0.5031026124151314
0.5193879933129156
0.4112070550676187
0.20199309249791833
0.3360969272762574
0.3360969272762574
0.2605556710562624
0.33609692727625745
0.22576484600261607
0.3563004293331381
0.2532094495161745
0.25233420143369617
0.3799783615910079
0.5586177528223194
0.3188827274930885
0.3188827274930885
0.23790309463326234
0.4552018457650676
0.4576241622696326
0.6029748160380572
0.6029748160380572
0.6029748160380572
0.6029748160380572
0.5031026124151314
0.5031026124151314
0.36652947754585585
0.4656462190988998
0.4112070550676186
0.36098742132325357
1.0000000000000002
0.4656462190988998
0.4656462190988998
0.5465828612804853
0.6327904583679945
1.0000000000000002
1.0000000000000002
0.5031026124151314
0.36652947754585585
0.36652947754585585
0.33609692727625756
0.4034705770186954
0.3360969272762575
0.34913747144188384
0.34913747144188384
0.5031026124151314
0.8200207392821179
0.4285693450091423
0.44943641652398214
0.7092972666062739
0.7092972666062739
0.7765145304745156
0.7092972666062739
0.7765145304745156
0.5031026124151314
0.3187840217537793
1.0000000000000002
0.2762749984593541
0.5586177528223194
0.8181802073667197
0.29526755538240534
1.0000000000000002
1.0000000000000002
1.0000000000000002
1.0000000000000002
0.7092972666062739
1.0000000000000002
1.0000000000000002
1.0000000000000002
1.0000000000000002
1.0000000000000002
0.7092972666062739
1.0000000000000002
0.41036264495218466
0.7765145304745156
1.0000000000000002
1.0
1.0000000000000002
1.0000000000000002
0.773675369346877
0.773675369346877
1.0000000000000002
0.6350012214071283
0.29121941856368966
0.6029748160380572
1.0000000000000002
0.41120705506761873
0.42305136624080664
0.6029748160380572
0.519174772632511
0.5697077090551432
0.5697077090551432
0.5797386715376658
0.30519869744923855
0.30519869744923855
0.30519869744923855
0.30519869744923855
0.3563004293331381
0.5803329846765686
1.0000000000000002
0.7765145304745156
0.5031026124151314
0.5998379312170505
0.8181802073667197
0.8181802073667197
0.1707761131901165
1.0
0.5031026124151314
0.31878402175377923
0.33609692727625756
0.3446421410380548
0.33609692727625756
0.27982806524328774
0.27982806524328774
0.33609692727625756
0.5031026124151314
0.5031026124151314
0.5031026124151314
0.5031026124151314
0.24558396359260984
0.4034705770186954
0.33609692727625756
0.474330706497194
0.6029748160380572
0.20199309249791836
0.20199309249791836
0.33609692727625756
0.26055567105626243
0.26055567105626243
0.33609692727625756
0.5031026124151314
0.5031026124151314
1.0000000000000002
0.5697077090551435
0.33609692727625756
0.20199309249791833
0.4189067161570912
0.33609692727625756
0.30412574187549357
0.33609692727625756
0.26951761324603224
0.25233420143369617
0.27519581217502304
0.3748077700589726
0.43212291546778847
0.5031026124151314
0.5031026124151314
0.7765145304745156
1.0
0.33609692727625756
0.46564621909889997
0.46564621909889997
0.6029748160380572
0.4112070550676187
0.7765145304745156
0.7765145304745156
0.33609692727625756
0.5031026124151314
0.5031026124151314
0.3187840217537793
0.3187840217537793
0.5031026124151314
0.5803329846765686
0.5803329846765686
1.0000000000000004
1.0000000000000004
0.8181802073667197
0.615059195520568
0.22028815056182974
0.5803329846765686
0.5797386715376658
0.8177583245211001
0.5797386715376658
0.5023287782256718
0.3563004293331381
0.3563004293331381
1.0000000000000002
0.7765145304745156
0.7765145304745156
0.5023287782256718
0.5797386715376658
0.43161341897075156
0.5270002516393681
0.38087260847594373
0.8021643431066532
0.38768972948008423
0.2605556710562624
1.0000000000000002
1.0000000000000002
0.3360969272762575
0.3360969272762575
0.24963549414381242
0.43161341897075156
0.1707761131901165
0.26050181704867925
0.2853061909813609
0.2853061909813609
0.6181142335061833
0.5358559548726152
0.5358559548726152
0.5031026124151314
0.5031026124151314
0.5031026124151314
0.5031026124151314
0.5031026124151314
0.5031026124151314
0.5031026124151314
0.5031026124151314
0.5031026124151314
0.5918927626373603
0.5918927626373603
0.5689275447725675
0.690088872452082
1.0
0.8181802073667197
0.8466473536503034
0.7765145304745156
1.0000000000000002
0.5245910904457137
0.5727393584196196
0.8466473536503037
0.5245910904457137
0.41764463587730516
0.41764463587730516
1.0000000000000002
1.0
0.6029748160380572
0.5023287782256718
0.5031026124151314
0.5031026124151314
0.5031026124151314
0.5031026124151314
0.5031026124151314
0.5031026124151314
0.5031026124151314
0.5031026124151314
0.5727393584196198
0.5727393584196196
0.5031026124151314
0.5031026124151314
0.29121941856368966
0.29121941856368966
0.6029748160380572
0.6029748160380572
0.5797386715376658
0.9055499650942062
0.9055499650942062
0.9055499650942062
1.0000000000000002
1.0000000000000002
0.7092972666062739
0.7092972666062739
0.7092972666062739
0.7092972666062739
0.26055567105626243
0.26055567105626243
0.27982806524328774
0.18443191662261305
0.44943641652398214
1.0000000000000002
0.7168117414430619
0.5031026124151314
0.5031026124151314
0.5031026124151314
0.5031026124151314
0.5031026124151314
0.5031026124151314
0.5031026124151314
0.45026814465562653
0.3032160644503863
0.3032160644503863
0.5101490193104813
0.5101490193104813
0.5031026124151314
0.5031026124151314
0.5031026124151314
0.3187840217537793
0.5031026124151314
0.3187840217537793
0.5031026124151314
0.5031026124151314
1.0000000000000002
0.5031026124151314
0.1757860783933462
0.41036264495218466
0.41036264495218466
0.5192800188031971
0.7168117414430619
0.19431434016858148
0.4112070550676187
0.5031026124151314
0.3468540162627405
0.19431434016858148
0.5031026124151314
0.20613696606828605
0.3187840217537793
0.20199309249791833
0.20199309249791833
0.36771998046974713
0.26055567105626243
0.26055567105626243
0.36771998046974713
0.36771998046974713
0.33609692727625756
0.33609692727625756
0.1707761131901165
0.29526755538240534
0.26951761324603224
0.31089077468139725
0.26055567105626243
0.5101490193104813
1.0000000000000002
0.6953572570566551
0.4736820224661605
0.4736820224661605
0.4736820224661605
0.6392306240536285
0.8019783064439235
0.6472503719134116
0.6472503719134116
0.5031026124151314
0.5031026124151314
0.8229382910085348
0.8229382910085348
0.5797386715376658
0.5797386715376658
0.5797386715376658
0.6225407468137513
0.6225407468137513
0.6225407468137513
0.5193879933129156
0.5270002516393681
0.5246613026214346
1.0000000000000002
0.8181802073667197
0.5368927118515179
0.5023287782256718
0.5031026124151314
0.5031026124151314
0.3187840217537793
0.5031026124151314
1.0000000000000002
0.6029748160380572
0.5907648250494806
0.4656462190988998
0.5358559548726152
0.5918927626373602
0.5918927626373602
0.6029748160380572
0.4656462190988998
0.4932150017451216
0.4932150017451216
0.5358559548726152
0.716811741443062
0.8019783064439234
0.29121941856368966
0.29121941856368966
0.2128899507490235
0.33609692727625756
0.5031026124151314
0.5031026124151314
0.41036264495218466
0.7092972666062739
0.7092972666062739
0.3187840217537793
0.3187840217537793
0.33609692727625756
0.4112070550676187
0.3200154270308073
0.3563004293331381
0.33609692727625756
0.5023287782256718
0.5031026124151314
1.0000000000000002
0.29121941856368966
0.29121941856368966
0.3360969272762574
0.26055567105626243
0.3360969272762574
0.26055567105626243
0.3360969272762574
0.26055567105626243
0.3360969272762574
0.26055567105626243
0.3051986974492385
0.3603612876789841
0.6694188517266484
1.0000000000000002
0.2798280652432878
0.30412574187549357
0.29121941856368966
0.29121941856368966
0.29121941856368966
0.42305136624080664
0.29121941856368966
1.0000000000000002
0.8021643431066532
0.8021643431066532
0.7523197619890014
0.5193879933129156
0.6029748160380572
0.23773923857522394
0.5031026124151314
0.5368927118515179
0.6735205045780812
0.5697077090551435
0.6029748160380572
0.5193879933129156
0.5023287782256718
0.37997836159100784
0.33609692727625756
0.5023287782256718
0.8955324150715728
0.6573132805325936
0.5193879933129156
0.5332087607532633
0.5332087607532633
0.33609692727625756
1.0000000000000002
0.23577033983032977
1.0
1.0
0.5031026124151315
0.5415443207343177
1.0
1.0
0.4616980536470273
0.4616980536470273
0.4616980536470273
0.4616980536470273
0.5505148815949558
0.5505148815949558
0.5505148815949558
0.5505148815949558
0.4244295338926332
0.4244295338926332
0.3249317266808787
0.2719366392946891
0.447174541945457
0.5031026124151314
0.5031026124151314
0.3187840217537793
1.0000000000000002
0.5031026124151314
0.3563004293331381
0.3187840217537793
0.33609692727625756
0.5023287782256718
0.33609692727625756
0.26055567105626243
0.5031026124151314
1.0000000000000002
0.3563004293331381
0.26055567105626243
0.41036264495218466
0.4414189039607901
0.4414189039607901
0.5697077090551432
0.5697077090551432
0.5797386715376658
0.3799783615910079
0.5372071996648297
0.33892839258635155
0.3533721544668104
0.5372071996648297
0.33892839258635155
0.6694188517266485
0.6694188517266485
0.6694188517266485
0.6694188517266485
0.6694188517266485
0.6694188517266485
1.0
1.0
0.8781417806740043
0.6777974503109638
1.0000000000000002
1.0
1.0000000000000002
0.8781417806740043
0.6777974503109638
1.0000000000000002
1.0
1.0000000000000002
0.4482003887832659
0.4482003887832659
0.4616980536470273
0.4616980536470273
1.0000000000000002
0.4710970045156097
0.4710970045156097
1.0
0.755474439421554
0.4710970045156097
0.4710970045156097
0.4710970045156097
0.4710970045156097
0.8781417806740043
0.6777974503109638
1.0000000000000002
0.5372071996648297
0.5372071996648297
0.318537043255209
0.4654763422041889
0.36802320875611494
0.5372071996648297
0.5372071996648297
0.318537043255209
0.5372071996648297
0.318537043255209
0.4654763422041889
0.36802320875611494
0.5372071996648297
0.318537043255209
0.5372071996648297
0.5372071996648297
0.318537043255209
0.5101490193104813
0.5056055588739691
0.4576241622696326
0.5372071996648297
0.5372071996648297
0.318537043255209
0.673520504578081
0.5372071996648297
0.4654763422041889
0.5372071996648297
0.318537043255209
0.7799154245579976
0.7799154245579976
0.4656462190988998
0.4932150017451216
0.4932150017451216
0.5358559548726152
0.716811741443062
0.29121941856368966
0.29121941856368966
0.29121941856368966
0.29121941856368966
0.29121941856368966
1.0000000000000002
0.29121941856368966
1.0000000000000002
1.0000000000000002
0.29121941856368966
0.29121941856368966
0.29121941856368966
0.29121941856368966
0.29121941856368966
0.29121941856368966
0.29121941856368966
0.29121941856368966
0.29121941856368966
0.29121941856368966
0.26055567105626243
0.43161341897075156
0
0
0.29121941856368966
0.29121941856368966
0.45026814465562653
0.474330706497194
0.29121941856368966
0.13627634143908643
0.13627634143908643
0.13627634143908643
0.3799783615910079
0.29121941856368966
0.29121941856368966
0.29121941856368966
0.29121941856368966
0.29121941856368966
0.29121941856368966
0.29121941856368966
0.29121941856368966
0.2746117864358066
0.6029748160380572
0.5245910904457137
1.0000000000000002
1.0
0.36771998046974713
0.2480853824889377
0.17995341378217852
0.3360969272762575
0.29121941856368966
0.29121941856368966
0.5031026124151314
0.29121941856368966
0.29121941856368966
0.29121941856368966
0.6728984701822545
0.42305136624080664
0.3279662016414059
0.2834289552492495
0.3279662016414059
0.3563004293331381
0.29121941856368966
0.33603913062270735
1.0000000000000002
1.0000000000000002
1.0000000000000002
1.0000000000000002
0.6569729210330907
0.6569729210330907
0.6569729210330907
0.6569729210330907
0.6569729210330907
0.6569729210330907
1.0000000000000002
0.8181802073667197
0.8181802073667197
0.38516610068048585
0.8181802073667197
0.8181802073667197
0.8181802073667197
0.8181802073667197
0.8181802073667197
0.8181802073667197
0.5101490193104813
0.8181802073667197
1.0000000000000002
0.6694188517266485
1.0000000000000002
0.5101490193104813
0.5803329846765686
0.8181802073667197
0.5270002516393681
0.5101490193104813
0.5803329846765686
0.6735205045780812
0.6694188517266485
0.8181802073667197
0.6694188517266485
0.6694188517266485
0.8181802073667197
0.6569729210330907
0.8181802073667197
0.6569729210330907
0.8181802073667197
1.0000000000000002
0.8181802073667197
1.0000000000000002
1.0000000000000002
1.0000000000000002
0.8181802073667197
1.0000000000000002
0.3351757433279261
1.0000000000000002
0.5797386715376658
0.8181802073667197
1.0000000000000002
0.8181802073667197
0.4494364165239821
0.5101490193104813
1.0000000000000002
1.0000000000000002
1.0000000000000002
0.5803329846765686
1.0
0.8181802073667197
0.5803329846765686
1.0000000000000002
0.8181802073667197
1.0000000000000002
0.8181802073667197
0.6764792400877006
0.8181802073667197
0.6764792400877006
0.8181802073667197
1.0000000000000002
0.8181802073667197
0.6029748160380572
0.8181802073667197
0.5101490193104813
0.5031026124151314
0.5031026124151314
0.5031026124151314
1.0000000000000002
0.8181802073667197
0.5101490193104813
1.0000000000000002
1.0000000000000002
1.0
0.7092972666062739
0.7092972666062739
1.0000000000000002
0.776193897524313
0.776193897524313
1.0000000000000002
1.0000000000000002
0.3187840217537793
1.0000000000000002
0.5101490193104813
0.8181802073667197
0.5101490193104813
0.5101490193104813
0.5101490193104813
0.5101490193104813
0.5101490193104813
0.5101490193104813
0.5101490193104813
0.5101490193104813
0.5101490193104813
0.5797386715376658
0.6694188517266485
0.5101490193104813
0.317107466580271
1.0000000000000002
0.5797386715376658
0.5797386715376658
0.4494364165239821
0.37997836159100784
0.37997836159100784
0.20199309249791836
0.29876035114318833
0.27627499845935416
0.27627499845935416
0.4316134189707515
1.0000000000000002
1.0000000000000002
1.0000000000000002
0.6694188517266485
0.3294321059631088
0.7523197619890014
0.6029748160380572
0.6029748160380572
1.0
0.6498913515523022
1.0000000000000002
0.8466473536503034
0.7168117414430619
0.6181142335061833
0.8955324150715728
0.615059195520568
0.46529153233701376
0.5912940614713997
0.3360969272762575
0.3914597891406949
0.3360969272762575
0.20608363501393823
0.7474073540060464
0.7765145304745156
0.1707761131901165
1.0000000000000002
1.0000000000000002
1.0000000000000002
0.5797386715376658
1.0000000000000002
0.5797386715376658
0.5797386715376658
0.26055567105626243
0.5797386715376658
0.5797386715376658
0.5031026124151314
0.3563004293331381
0.5029292651136352
0.24458702361456058
1.0
0.716811741443062
1.0000000000000002
1.0000000000000002
0.5056055588739692
0.36771998046974713
0.8680942667801238
0.5499883949217763
0.26055567105626243
0.5029292651136352
0.26055567105626243
0.36802320875611494
0.26055567105626243
0.26055567105626243
0.20199309249791833
0.20199309249791833
0.26055567105626243
0.3901052651831878
0.22126516071743935
0.5031026124151314
0.5031026124151314
0.4189067161570912
0.33609692727625756
0.33609692727625756
0.8177583245211001
0.474330706497194
0.474330706497194
0.5797386715376658
0.5250790579579577
0.15064018498706508
0.15064018498706508
0.2202881505618297
0.49083421206610717
0.474330706497194
0.26055567105626243
0.13627634143908643
0.13627634143908643
0.13627634143908643
0.29121941856368966
0.29121941856368966
0.4414189039607901
0.43161341897075156
0.3360969272762574
0.4656462190988998
0.5358559548726152
0.5358559548726152
0.31884954143308364
0.4576241622696326
0.5031026124151314
0.5031026124151314
0.5031026124151314
0.5031026124151314
0.5031026124151314
0.5031026124151314
0.7092972666062739
0.5031026124151314
0.3187840217537793
0.5031026124151314
0.5918927626373603
0.5586177528223194
0.5586177528223194
0.5998379312170505
0.5998379312170505
0.5727393584196196
0.5727393584196196
0.40735260428856745
0.6285802546333155
1.0000000000000002
1.0000000000000002
1.0000000000000007
0.23773923857522394
0.6599345459451996
0.3563004293331381
0.3187840217537793
0.3187840217537793
0.6702229189493142
0.29121941856368966
0.23790309463326234
0.23297965480487526
0.23297965480487526
0.3916517232225978
0.29121941856368966
0.16839750037215276
0.16839750037215276
0.33609692727625756
0.33609692727625745
0.2605556710562624
0.36802320875611494
0.19550810253926124
0.8200207392821179
0.7168117414430624
0.19550810253926124
0.8200207392821179
0.7168117414430624
0.19550810253926124
0.8200207392821179
0.7168117414430624
0.5167501621704599
0.5167501621704599
0.29121941856368966
0.27982806524328774
0.3041257418754935
0.3041257418754935
0.27982806524328774
0.27982806524328774
0.30412574187549357
0.18443191662261307
0.5101490193104813
0.40735260428856745
1.0000000000000002
1.0
0.5031026124151314
0.5031026124151314
1.0000000000000002
0.33609692727625756
0.20613696606828605
0.43161341897075156
0.5031026124151314
0.5031026124151314
0.7092972666062739
0.31033226222218124
0.31033226222218124
0.31033226222218124
0.7168117414430619
0.31878402175377923
0.5031026124151314
0.461313774437494
0.20199309249791833
0.24121360667506989
0.24121360667506989
0.24121360667506989
0.24121360667506989
0.24121360667506989
0.3446421410380548
0.4501755023269898
0.2798280652432878
0.26055567105626243
0.33609692727625756
0.18443191662261307
0.18443191662261307
0.30412574187549357
0.2605556710562624
0.29121941856368966
0.3603612876789841
0.5797386715376658
0.6694188517266485
0.29121941856368966
0.29121941856368966
0.29121941856368966
0.29121941856368966
0.29121941856368966
0.29121941856368966
0.6029748160380572
0.2879988265909584
0.2879988265909584
0.6694188517266485
0.20199309249791833
0.20199309249791833
0.5803329846765687
0.6694188517266485
0.43161341897075156
0.38087260847594373
0.45026814465562653
0.33517574332792605
0.13627634143908643
0.13627634143908643
0.13627634143908643
0.574381354960698
0.6029748160380571
0.574381354960698
0.4112070550676187
0.2910691023819054
0.6495478688944374
0.317107466580271
0.5245910904457137
0.41120705506761873
0.26055567105626243
1.0000000000000002
0.580133027144287
1.0000000000000002
0.6694188517266485
0.8181802073667197
0.8181802073667197
1.0000000000000002
1.0
1.0
1.0000000000000002
0.6827531502984261
1.0000000000000002
1.0000000000000002
0.6029748160380572
1.0000000000000002
1.0000000000000002
0.716811741443062
1.0000000000000002
1.0000000000000002
0.7523197619890014
1.0000000000000002
1.0000000000000002
0.6827531502984261
1.0000000000000002
0.5803329846765686
0.6702229189493142
0.41120705506761873
0.1757860783933462
0.11521554337793122
0.1757860783933462
0.11521554337793122
0.45026814465562653
0.6327904583679945
0.7092972666062739
0.5031026124151314
0.31878402175377923
0.3360969272762575
0.27267010313909495
0.31878402175377923
1.0000000000000002
0.5031026124151314
0.29121941856368966
0.5023287782256718
0.3563004293331381
0.5031026124151314
0.5031026124151314
0.5918927626373603
0.5586177528223194
0.5031026124151314
0.3677199804697471
0.5167501621704597
0.5167501621704597
0.474330706497194
0.6029748160380572
0.3108907746813972
0.34885303262432765
0.8159466395833365
0.8159466395833365
0.8159466395833366
0.8159466395833366
0.8159466395833365
0.8159466395833365
0.8159466395833366
0.8159466395833366
0.7168117414430619
0.574381354960698
0.6181142335061833
0.6181142335061833
0.532502513273813
0.6698277952604175
0.5442908825581453
0.8350499057520979
0.2605556710562624
0.5797386715376658
0.5797386715376658
0.5797386715376658
0.5797386715376658
0.2605556710562624
0.24395572500006343
1.0000000000000002
0.2605556710562624
0.23842845302512294
0.2605556710562624
0.2605556710562624
0.2605556710562624
0.2605556710562624
0.43161341897075156
0.38087260847594373
0.49048598292925116
0.29121941856368966
0.34464214103805485
0.38087260847594373
0.2605556710562624
0.2605556710562624
0.8466473536503034
0.2605556710562624
0.29121941856368966
0.2798280652432878
0.4501755023269898
0.2798280652432878
0.2605556710562624
0.2605556710562624
1.0
0.8495766450412412
1.0
0.8495766450412412
0.776193897524313
0.6694188517266485
0.2605556710562624
0.7168117414430619
0.7168117414430619
0.7195469560601189
1.0
1.0
0.3533721544668103
0.8669169021174337
0.8669169021174337
0.49048598292925116
0.4501755023269898
0.29121941856368966
0.2605556710562624
0.161713780662529
0.2605556710562624
0.2605556710562624
0.7523197619890014
0.2605556710562624
0.36802320875611494
0.2605556710562624
1.0000000000000004
0.2605556710562624
0.2605556710562624
0.2605556710562624
0.36802320875611494
1.0000000000000002
1.0000000000000004
0.2995800525335757
0.4743307064971939
0.6569729210330906
0.8021643431066532
0.2605556710562624
0.2605556710562624
0.6569729210330907
0.2605556710562624
0.2605556710562624
0.2605556710562624
0.5372450751597532
0.42898873118158376
0.615059195520568
0.5270002516393681
1.0000000000000002
0.5507796339456279
0.5270724758293459
0.2605556710562624
0.2605556710562624
0.27519581217502304
0.2910691023819054
0.29121941856368966
0.5023287782256718
0.3799783615910079
0.29121941856368966
0.3187840217537793
0.5031026124151314
0.5031026124151314
0.6827531502984261
0.5586177528223194
0.5998379312170505
0.16485857071820148
0.16485857071820148
0.33609692727625756
0.33609692727625756
0.33609692727625756
0.33609692727625756
1.0000000000000002
0.5031026124151314
0.45026814465562653
0.905549965094206
0.905549965094206
1.0
1.0
0.5372071996648297
0.3489939079552687
0.3489939079552687
0.708747737263546
1.0
1.0
0.7297276980311307
0.5697077090551435
0.708747737263546
0.5193879933129156
0.33609692727625756
0.26055567105626243
0.6029748160380572
0.6029748160380572
0.2605556710562624
0.2605556710562624
0.26055567105626243
0.6029748160380572
0.6029748160380572
0.29121941856368966
0.2605556710562624
0.22822526957808426
0.6346335797029701
0.6346335797029701
0.29121941856368966
1.0
0.4743307064971939
0.317107466580271
0.29121941856368966
0.29121941856368966
0.317107466580271
0.5031026124151314
0.5031026124151314
0.5031026124151314
0.5031026124151314
0.5918927626373603
0.31125746752705385
0.26969665998264064
0.26969665998264064
0.38087260847594373
0.317107466580271
0.5101490193104813
1.0000000000000002
1.0000000000000002
0.5918927626373603
0.5270002516393681
0.6029748160380572
1.0
0.6694188517266485
1.0000000000000002
1.0000000000000002
1.0000000000000002
0.5505522098704654
0.5505522098704654
0.5465828612804853
0.5465828612804853
0.25233420143369617
0.8673636849609287
0.6029748160380572
0.32960336003563345
0.2532094495161745
0.4036039939111374
0.26055567105626243
0.306752110108369
0.2605556710562624
0.3528003588287327
0.36802320875611494
0.5031026124151314
0.5031026124151314
0.5031026124151314
0.2798280652432878
0.18443191662261307
0.30412574187549357
0.30412574187549357
0.5031026124151314
0.33609692727625756
0.33609692727625756
0.12536693798731732
0.12536693798731732
0.43161341897075156
0.22028815056182968
0.3916517232225978
0.33609692727625756
0.33609692727625756
0.5031026124151314
0.5031026124151314
0.26055567105626243
0.26055567105626243
0.20199309249791833
0.20199309249791836
0.26055567105626243
0.26055567105626243
0.5031026124151314
0.34464214103805485
0.26951761324603224
0.08507864861689526
0.33609692727625756
0.461313774437494
0.2910691023819054
0.2910691023819054
0.2910691023819054
0.2605556710562624
0.2605556710562624
0.46564621909889997
0.08507864861689526
0.4112070550676187
0.7060777744337089
0.6392306240536285
0.2605556710562624
0.21934141149638556
1.0
0.29121941856368966
0.29121941856368966
0.5031026124151314
0.5031026124151314
0.5031026124151314
0.5031026124151314
0.5031026124151314
0.5031026124151314
0.5031026124151314
0.5031026124151314
0.38087260847594373
0.34464214103805485
0.948683298050514
1.0
1.0
1.0
0.7092972666062739
0.6569729210330907
0.7092972666062739
0.7765145304745156
0.7765145304745156
0.9266368211041915
0.9266368211041915
0.6026014674213718
0.7092972666062739
0.948683298050514
0.4112070550676186
0.7092972666062739
0.4333009465089471
0.40408842668704065
0.40408842668704065
0.5031026124151314
0.3187840217537793
0.5031026124151314
0.5031026124151314
0.5803329846765686
0.5918927626373603
0.5031026124151314
0.7092972666062739
0.5031026124151314
0.5031026124151314
0.5031026124151314
0.5031026124151314
0.7092972666062739
0.7092972666062739
0.29121941856368966
0.5697077090551432
0.3187840217537793
0.4034705770186954
0.45173518543345237
0.4244295338926332
0.2532094495161746
0.4501755023269898
0.49820949993185126
0.5332087607532633
0.5332087607532633
0.5332087607532633
0.21507032570577075
0.36065894489651873
0.161713780662529
0.6029748160380571
0.6764792400877004
0.48719090398246867
0.41120705506761873
0.5031026124151314
0.5031026124151314
0.33609692727625756
0.33609692727625756
0.33609692727625756
0.31878402175377923
0.317107466580271
0.29121941856368966
0.5031026124151314
0.6029748160380571
0.6029748160380571
0.29121941856368966
0.3563004293331381
0.5023287782256718
0.4112070550676187
0.3108907746813972
0.5586177528223194
0.40298220897396103
0.7603607245448383
1.0000000000000002
1.0000000000000002
0.5031026124151314
0.5031026124151314
0.5031026124151314
0.5031026124151314
0.580133027144287
0.580133027144287
0.714936182506286
0.461313774437494
0.3187840217537793
0.5246613026214346
0.31878402175377923
0.4494364165239822
0.46564621909889997
0.27982806524328774
0.71929181824727
0.6181142335061833
0.461313774437494
0.5803329846765686
0.6702229189493142
0.5246613026214346
0.38519359887418814
0.38519359887418814
0.2912194185636897
1.0000000000000002
1.0000000000000002
0.19087406613020352
0.41120705506761873
0.41120705506761873
0.5023287782256718
0.45017550232698994
0.3563004293331381
0.5666441608108923
0.27982806524328774
0.5031026124151314
0.6181142335061833
0.24458702361456058
0.3187840217537793
0.5803329846765686
0.20199309249791833
0.27982806524328774
0
0
0.5918927626373603
1.0000000000000002
1.0000000000000004
0.8673636849609287
0.6225407468137513
1.0000000000000002
0.3360969272762575
0.40408842668704065
0.40408842668704065
0.33609692727625756
0.33609692727625756
0.26055567105626243
0.26055567105626243
0.5031026124151314
0.5031026124151314
0.3187840217537793
0.33609692727625756
0.33609692727625756
0.5918927626373603
0.5803329846765686
0.5803329846765686
0.8200207392821179
0.8200207392821179
1.0000000000000002
0.4112070550676187
0.5031026124151314
0.2695176132460322
0.3423901861134989
0.41120705506761873
0.5031026124151314
0
0.6437573952555146
0.29121941856368966
0.5586177528223194
0.2523342014336961
0.3563004293331381
0.22028815056182968
0.3278707471841718
0.42305136624080664
0.5270724758293459
0.33609692727625756
0.38087260847594373
0.2605556710562624
0.2605556710562624
0.5031026124151314
0.5031026124151314
0.6702229189493142
0.5697077090551435
0.7092972666062739
0.22576484600261607
0.4112070550676187
0.4501755023269898
0.46564621909889997
0.5031026124151314
0.22028815056182974
0.1757860783933462
0.5101490193104813
0.3155856246712746
0.574381354960698
0.29121941856368966
0.29121941856368966
0.29121941856368966
0.29121941856368966
0.29121941856368966
0.7474073540060464
0.5031026124151314
0.7168117414430619
0.41120705506761873
0.22126516071743935
0.24458702361456058
0.26951761324603224
0.3187840217537793
0.7523197619890014
0.22028815056182968
0.23773923857522394
0.461313774437494
0.2912194185636897
0.2912194185636897
0.474330706497194
0.3187840217537793
0.15055696960204953
0.5031026124151314
0.5031026124151314
0.5031026124151314
0.5031026124151314
0.5031026124151314
0.5031026124151314
0.3563004293331381
0.3563004293331381
0.5031026124151314
0.6029748160380572
1.0000000000000002
1.0000000000000002
1.0000000000000002
1.0000000000000002
0.3360969272762574
0.29121941856368966
0.20199309249791833
0.20199309249791833
0.27423415918033694
0.37997836159100795
0.3563004293331381
0.33517574332792605
0.3799783615910079
0.3799783615910079
1.0
0.5101490193104813
0.8200207392821179
0.6392306240536285
0.8019783064439234
0.8955324150715727
1.0000000000000002
0.6694188517266485
0.7669315927137315
0.44943641652398214
0.5031026124151314
0.4736820224661605
0.5101490193104813
0.4871036054596001
0.26055567105626243
0.2773962289762415
0.2773962289762415
0.5697077090551432
0.8466473536503034
0.6694188517266485
0.6285802546333155
1.0000000000000002
1.0000000000000002
0.5031026124151314
0.5031026124151314
0.5031026124151314
0.5031026124151314
0.5918927626373603
0.4112070550676187
0.6029748160380572
0.5912940614713997
1.0000000000000002
0.38516610068048585
0.5803329846765686
0.5803329846765686
0.4073977862140973
0.6029748160380572
0.8466473536503034
0.6029748160380572
0.45005891304534623
0.45005891304534623
0.45005891304534623
0.45005891304534623
0.38087260847594373
0.29121941856368966
0.3112574675270537
0.7523197619890014
0.7190400934963505
0.23297965480487526
0.32796620164140594
0.3563004293331381
0.6198840545183226
0.7060777744337089
0.8775428433889059
0.8775428433889059
1.0000000000000002
1.0000000000000002
0.6694188517266485
1.0000000000000002
0.6694188517266485
1.0000000000000002
1.0000000000000002
0.6029748160380572
0.6764792400877004
0.6764792400877004
1.0000000000000002
0.5031026124151314
0.3187840217537793
0.33517574332792605
0.5465828612804854
0.2910691023819054
0.4112070550676187
0.33609692727625756
0.36098742132325357
0.36098742132325357
0.6029748160380572
0.3677199804697471
0.4743307064971939
0.22028815056182968
0.6029748160380572
0.6029748160380572
1.0000000000000002
0.3563004293331381
0.2987890931879991
0.4112070550676187
0.22028815056182974
0.2853061909813609
0.10964258683453855
0.10964258683453855
0.10964258683453855
0.22028815056182974
0.3748077700589727
0.33609692727625756
0.33609692727625756
0.33609692727625756
0.5031026124151314
0.3187840217537793
0.5031026124151314
0.3187840217537793
0.7092972666062739
0.7092972666062739
0.5031026124151314
0.5031026124151314
0.5031026124151314
1.0000000000000002
0.2912194185636897
0.5023287782256718
0.3423901861134989
0.4034705770186954
0.6029748160380572
0.32796620164140594
0.4112070550676186
0.5101490193104813
0.8181802073667197
0.8181802073667197
0.8181802073667197
0.8181802073667197
0.8181802073667197
0.7799154245579976
0.6029748160380572
0.4112070550676186
0.15592892548708362
0.161713780662529
0.26055567105626243
0.29121941856368966
0.6029748160380572
0.5031026124151314
0.17077611319011657
0.7358969498063692
0.5586177528223194
0.6029748160380572
0.6029748160380572
0.20199309249791836
0.20199309249791836
0.20199309249791836
0.4501755023269898
0.5101490193104813
0.5101490193104813
0.2910691023819054
0.22576484600261604
0.18443191662261307
0.6029748160380572
0.29121941856368966
0.7765145304745156
0.29121941856368966
0.29121941856368966
0.2605556710562624
0.45026814465562653
0.29121941856368966
0.3489939079552687
0.2605556710562624
0.45026814465562653
0.2605556710562624
1.0000000000000002
0.38087260847594373
0.3563004293331381
0.2853061909813609
0.2853061909813609
0.7092972666062739
0.8466473536503034
0.8466473536503034
0.8181802073667197
0.8181802073667197
0.7092972666062739
0.38087260847594373
0.29121941856368966
0.4112070550676187
0.4656462190988998
1.0000000000000002
1.0
0.8466473536503034
0.4501755023269898
0.7168117414430619
0.8466473536503034
0.8466473536503034
0.6029748160380572
0.6694188517266485
0.6029748160380572
0.6694188517266485
0.4494364165239821
0.7765145304745156
0.3799783615910079
0.5270002516393681
1.0
0.461313774437494
0.5797386715376658
0.5797386715376658
0.6029748160380572
0.6181142335061833
0.5031026124151314
0.6029748160380572
0.716811741443062
1.0000000000000002
0.5101490193104813
0.5023287782256719
0.5101490193104813
0.5101490193104813
0.5101490193104813
0.5101490193104813
0.5023287782256719
0.5101490193104813
0.5101490193104813
0.5101490193104813
0.7092972666062739
0.7092972666062739
0.7092972666062739
0.7092972666062739
0.7092972666062739
0.7092972666062739
0.7092972666062739
1.0000000000000002
1.0000000000000002
1.0000000000000002
1.0000000000000002
1.0000000000000002
1.0
0.5023287782256718
1.0000000000000002
0.8032002037467096
0.41036264495218466
0.5797386715376658
0.8673636849609287
0.4494364165239822
0.5465828612804854
0.8181802073667197
0.29121941856368966
0.5031026124151314
0.5586177528223194
0.6327904583679949
0.7092972666062738
0.4112070550676187
0.22576484600261607
0.6327904583679945
0.6147464667918191
0.41036264495218466
0.33609692727625756
0.31878402175377923
0.1707761131901165
0.1707761131901165
0.33609692727625756
1.0000000000000002
1.0000000000000002
0.5797386715376658
1.0000000000000002
0.5031026124151314
0.5031026124151314
0.7092972666062739
1.0000000000000002
0.7092972666062739
1.0000000000000002
0.2202881505618297
0.2202881505618297
0.2202881505618297
0.2202881505618297
0.5270002516393681
0.7765145304745155
0.5023287782256718
0.732104920251224
1.0000000000000002
0.732104920251224
1.0000000000000002
0.5803329846765686
0.3249317266808788
0.4333009465089471
0.8177583245211001
0.5797386715376658
0.8177583245211001
0.5797386715376658
0.5023287782256718
0.19087406613020352
0.2912194185636897
0.6787551892030776
0.2523342014336961
0.2605556710562624
0.24718481334341985
0.23773923857522394
0.2605556710562624
1.0000000000000002
1.0000000000000002
0.6694188517266485
0.6694188517266485
0.2605556710562624
0.2605556710562624
0.3720557314537373
0.5023287782256719
0.29121941856368966
0.29121941856368966
0.2605556710562624
0.2605556710562624
0.2605556710562624
0.45026814465562653
0.4501755023269898
0.22028815056182974
0.23790309463326234
0.23790309463326234
0.2912194185636897
0.33609692727625756
0.38087260847594373
0.237739238575224
0.237739238575224
0.17077611319011649
0.17077611319011649
0.2480853824889377
0.3041257418754935
0.6694188517266485
0.45026814465562653
0.4501755023269898
0.45026814465562653
1.0000000000000002
1.0000000000000002
0.4501755023269898
0.5803329846765686
0.3563004293331381
0.317107466580271
0.22576484600261607
0.5031026124151314
0.44943641652398214
0.3799783615910079
0.26055567105626243
0.7092972666062738
0.20199309249791836
0.26055567105626243
0.5031026124151314
1.0000000000000002
0.3563004293331381
0.317107466580271
0.2532094495161746
0.3799783615910079
0.3112574675270537
0.2532094495161746
0.26055567105626243
0.26055567105626243
0.1730371289154968
1.0000000000000002
1.0000000000000002
1.0000000000000002
0.5797386715376658
1.0000000000000002
0.5797386715376658
1.0000000000000002
1.0000000000000002
0.7474073540060464
0.7523197619890014
0.7988220846167473
1.0000000000000002
0.5031026124151314
0.5031026124151314
0.5031026124151314
0.757764974265722
0.35630042933313816
0.5023287782256718
0.8181802073667197
0.4034705770186954
0.46564621909889997
0.6327904583679945
0.39330383165626426
0.39330383165626426
0.29121941856368966
0.5910126949963661
0.27829903637871584
0.5031026124151314
0.5031026124151314
0.5697077090551432
0.5031026124151314
0.5918927626373603
0.5797386715376658
0.3563004293331381
0.5905940088580994
0.5905940088580994
0.4558669899766567
0.4112070550676187
0.6415817207015069
0.4558669899766567
0.4558669899766567
0.4558669899766567
0.7765145304745156
0.6694188517266485
0.5031026124151314
0.4112070550676187
0.5797386715376658
1.0000000000000002
0.5797386715376658
0.32960336003563345
0.22576484600261607
0.26055567105626243
1.0000000000000002
0.7092972666062739
0.5797386715376658
1.0000000000000002
0.7092972666062739
1.0000000000000002
0.6029748160380572
0.5031026124151314
0.4112070550676187
0.5797386715376658
1.0000000000000002
0.5797386715376658
0.7092972666062739
0.7092972666062739
1.0000000000000002
0.7092972666062739
0.5797386715376658
0.5031026124151314
0.5031026124151314
0.4112070550676187
0.6694188517266485
0.6694188517266485
0.2605556710562624
0.2605556710562624
0.2605556710562624
0.2605556710562624
0.2605556710562624
0.2605556710562624
0.1707761131901165
0.1707761131901165
0.2605556710562624
0.1707761131901165
0.2605556710562624
0.2605556710562624
0.29121941856368966
0.2541036426339769
0.4154861007776378
0.4154861007776378
0.4154861007776378
0.4697567680115259
0.4697567680115259
0.6077722622543493
0.6077722622543493
0.6077722622543493
0.6806590159641202
0.6806590159641202
0.32989454566450077
0.35630042933313816
0.3187840217537793
0.3679473313635546
0.3679473313635546
0.5507796339456279
0.5507796339456279
0.5507796339456279
0.537601087681555
0.537601087681555
0.6029748160380572
0.6029748160380572
0.13627634143908643
0.20608363501393823
1.0000000000000002
0.5368927118515179
0.44943641652398214
0.7168117414430619
0.5797386715376658
1.0000000000000002
1.0000000000000002
0.5797386715376658
1.0000000000000002
0.7092972666062739
0.23773923857522394
0.23773923857522394
0.23773923857522394
0.5452535979648305
0.5803329846765686
0.5803329846765686
0.5803329846765686
0.5803329846765686
1.0000000000000002
0.7092972666062739
0.7092972666062739
0.7092972666062739
0.7765145304745156
0.7092972666062739
1.0000000000000002
0.7092972666062739
0.7092972666062739
1.0000000000000002
0.7765145304745156
0.7092972666062739
0.7765145304745156
0.7092972666062739
0.7765145304745156
0.7092972666062739
0.7092972666062739
0.7092972666062739
0.7765145304745156
0.7092972666062739
0.7765145304745156
0.7092972666062739
0.7092972666062739
0.7092972666062739
0.7092972666062739
0.7765145304745156
0.7092972666062739
0.7092972666062739
0.7092972666062739
0.7765145304745156
0.7092972666062739
0.7092972666062739
0.6327904583679945
0.7765145304745156
0.7092972666062739
0.7092972666062739
0.8669169021174338
0.7092972666062739
0.7092972666062739
0.8669169021174338
0.7765145304745156
0.7092972666062739
0.7092972666062739
0.7092972666062739
0.7092972666062739
0.7092972666062739
0.7092972666062739
0.7765145304745156
0.7092972666062739
0.7092972666062739
0.7092972666062739
0.7765145304745156
0.7765145304745156
0.7092972666062739
0.7092972666062739
0.7092972666062739
0.7092972666062739
0.7092972666062739
0.716811741443062
0.6327904583679945
0.7092972666062739
0.7092972666062739
0.7092972666062739
0.5803329846765686
0.5803329846765686
0.7092972666062739
0.7092972666062739
0.8466473536503034
0.7092972666062739
0.5193879933129156
0.7092972666062739
0.7092972666062739
0.7765145304745156
0.7092972666062739
0.7092972666062739
0.7092972666062739
0.7092972666062739
0.7092972666062739
0.7092972666062739
0.7092972666062739
0.7092972666062739
0.7765145304745156
0.7092972666062739
0.7092972666062739
0.8466473536503034
0.7765145304745156
0.7765145304745156
0.7765145304745156
0.8466473536503034
0.7092972666062739
0.7092972666062739
0.8466473536503034
0.7765145304745156
0.7765145304745156
0.8466473536503034
0.7092972666062739
0.3875572553672504
0.7765145304745156
0.6327904583679945
0.7092972666062739
0.7092972666062739
1.0000000000000002
0.7092972666062739
0.7092972666062739
1.0000000000000002
0.7765145304745156
0.7092972666062739
1.0000000000000002
0.7092972666062739
0.7092972666062739
0.7765145304745156
0.716811741443062
0.6321724880145827
0.5578537967865123
0.7092972666062739
0.7765145304745156
0.7092972666062739
0.7092972666062739
0.7092972666062739
0.7092972666062739
0.716811741443062
0.6327904583679945
0.8466473536503034
0.7092972666062739
0.7092972666062739
0.7092972666062739
0.716811741443062
0.6327904583679945
0.8466473536503034
0.5803329846765686
0.7092972666062739
1.0
1.0
0.7765145304745156
0.7092972666062739
0.7092972666062739
0.7357941841501079
0.7092972666062739
0.7765145304745156
0.716811741443062
0.6327904583679945
0.8466473536503034
0.7765145304745156
0.716811741443062
0.6327904583679945
0.8466473536503034
0.7092972666062739
0.7092972666062739
0.7765145304745156
0.716811741443062
0.6327904583679945
0.7765145304745156
0.7092972666062739
0.7092972666062739
0.6348087971775132
0.7092972666062739
0.7092972666062739
0.716811741443062
0.6327904583679945
0.8466473536503034
0.7092972666062739
0.7092972666062739
0.7092972666062739
0.716811741443062
0.6327904583679945
0.5803329846765686
0.7092972666062739
1.0000000000000002
1.0000000000000002
0.7765145304745156
0.7092972666062739
0.7092972666062739
0.716811741443062
0.7765145304745156
0.7092972666062739
0.7092972666062739
0.716811741443062
0.7765145304745156
0.7092972666062739
0.7092972666062739
0.716811741443062
0.7765145304745156
1.0000000000000002
0.7092972666062739
1.0000000000000002
0.7092972666062739
0.7765145304745156
1.0000000000000002
0.7092972666062739
0.7092972666062739
1.0000000000000002
0.7092972666062739
0.7092972666062739
1.0000000000000002
0.7765145304745156
0.7092972666062739
0.7092972666062739
0.716811741443062
0.7092972666062739
0.716811741443062
0.7765145304745156
0.7092972666062739
0.7092972666062739
0.716811741443062
0.7092972666062739
0.716811741443062
0.7765145304745156
1.0000000000000002
0.7092972666062739
1.0000000000000002
0.7092972666062739
0.7092972666062739
1.0000000000000002
0.7092972666062739
0.7765145304745156
0.45005891304534623
0.45005891304534623
0.7092972666062739
0.7092972666062739
0.7092972666062739
0.7765145304745156
0.7092972666062739
0.6327904583679945
0.6327904583679945
0.7765145304745156
0.7092972666062739
0.6327904583679945
0.6327904583679945
1.0
1.0
0.7765145304745156
0.7092972666062739
0.6327904583679945
0.6327904583679945
0.7765145304745156
0.7092972666062739
0.7092972666062739
0.7765145304745156
0.7092972666062739
0.7765145304745156
0.7765145304745156
0.7092972666062739
0.6327904583679945
0.6327904583679945
0.7765145304745156
0.7092972666062739
0.6327904583679945
0.6327904583679945
1.0
1.0
0.7765145304745156
0.7092972666062739
0.6327904583679945
0.6327904583679945
0.161713780662529
0.161713780662529
0
0.5246613026214346
0.26055567105626243
0
0.33609692727625756
0.33609692727625756
0.19431434016858148
0.1757860783933462
0.26055567105626243
0.26055567105626243
0.26055567105626243
0.8495766450412412
1.0000000000000002
1.0
1.0
0.7472014553318622
0.6351986941675815
0.6029748160380572
0.15592892548708362
0.5031026124151314
0.26055567105626243
0.6029748160380572
0.5358559548726152
0.5031026124151314
0.5918927626373603
0.5803329846765686
0.22028815056182974
0.7168117414430619
0.22028815056182974
0.31878402175377923
0.3561776636856883
0.5023287782256718
0.25233420143369617
0.29667236689709064
0.6694188517266485
1.0000000000000002
0.8713658601863269
0.8713658601863269
0.5031026124151314
0.8466473536503034
0.6694188517266485
0.33609692727625756
0.5031026124151314
0.5031026124151314
0.5883635900492963
0.4189067161570912
0.3563004293331381
0.20199309249791836
0.20199309249791836
0.44943641652398214
0.8181802073667197
0.3799783615910079
0.3994395017823609
0.5797386715376658
0.27519581217502304
0.5031026124151314
0.5998379312170505
0.5797386715376658
0.71929181824727
0.30519869744923855
0.30519869744923855
0.20199309249791836
0.35630042933313816
0.33609692727625756
0.22028815056182974
0.26335620086205663
0.20898368919644475
0.5358559548726152
0.5358559548726152
0.3187840217537793
0.5358559548726152
0.5358559548726152
0.4112070550676187
0.17077611319011649
0.4494364165239821
0.4494364165239821
1.0000000000000002
1.0
0.5246613026214346
0.574381354960698
0.461313774437494
0.5270002516393681
0.5797386715376658
0.3187840217537793
0.2605556710562624
0.2605556710562624
0.5031026124151314
0.716811741443062
0.7799154245579976
0.29121941856368966
0.6694188517266485
0.7765145304745156
0.5246613026214346
0.5358559548726152
1.0000000000000002
1.0
0.33609692727625756
0.33603913062270735
0.5246613026214346
1.0000000000000002
1.0
1.0000000000000002
0.5687131641027124
0.5687131641027124
0.7995189954301455
0.5797386715376658
0.33609692727625756
0.43161341897075156
0.2773962289762415
0.2773962289762415
0.5586177528223194
0.33609692727625756
1.0000000000000002
0.7146581218679565
0.8831282039194523
1.0000000000000002
0.43251030421815223
0.5031026124151314
0.5031026124151314
0.5031026124151314
0.5031026124151314
0.3187840217537793
0.5031026124151314
0.3187840217537793
0.5031026124151314
0.5031026124151314
0.3187840217537793
0.5270002516393681
0.41120705506761873
0.41120705506761873
0.7092972666062739
0.948683298050514
0.8177583245211001
0.26355936687615455
0.5023287782256718
0.7765145304745156
0.7092972666062739
0.7092972666062739
0.48097310796014436
0.7765145304745156
0.7765145304745156
0.7092972666062739
0.3803957080255582
0.2605556710562624
0.2605556710562624
0.5031026124151314
0.5031026124151314
0.5031026124151314
0.33609692727625756
0.41120705506761873
0.2605556710562624
0.44943641652398214
0.5031026124151314
0.3187840217537793
0.3563004293331381
0.5031026124151314
0.3563004293331381
0.7092972666062739
0.7092972666062739
0.5031026124151314
0.5031026124151314
0.3187840217537793
0.5918927626373603
0.5918927626373603
0.5918927626373603
0.5803329846765686
0.5803329846765686
0.5803329846765686
0.5031026124151314
0.5031026124151314
0.3563004293331381
0.5250790579579577
0.6728984701822545
0.5101490193104813
0.6181142335061833
0.22028815056182968
0.20613696606828605
0.5697077090551435
0.4494364165239821
0.22576484600261604
0.1362763414390864
0.1362763414390864
0.5031026124151314
0.3187840217537793
0.5031026124151314
0.5918927626373603
0.47408612469672984
0.47408612469672984
0.5803329846765686
0.6702229189493142
0.7168117414430619
0.8177583245211001
0.8177583245211001
1.0000000000000002
0.5797386715376658
0.8177583245211001
0.5797386715376658
0.36652947754585585
0.4494364165239822
0.5023287782256718
0.8177583245211001
0.948683298050514
0.7799154245579976
0.7092972666062739
0.7092972666062739
0.5803329846765686
0.7092972666062739
0.5586177528223194
0.7765145304745156
0.7092972666062739
1.0
0.38087260847594373
0.1707761131901165
0.20199309249791833
1.0000000000000002
1.0
1.0000000000000002
0.8181802073667197
0.6349798322956081
0.6853880419233518
0.5803329846765686
1.0000000000000002
0.6694188517266485
1.0000000000000002
1.0000000000000002
1.0000000000000002
1.0000000000000002
0.5031026124151314
0.5023287782256718
0.5031026124151314
0.33609692727625756
0.33609692727625756
0.7092972666062738
0.41120705506761873
0.6029748160380572
0.5101490193104813
0.3799783615910079
0.3799783615910079
0.29121941856368966
0.26055567105626243
0.26055567105626243
0.26055567105626243
0.26055567105626243
0.5456331151845724
0.2605556710562624
0.5193879933129156
1.0000000000000002
1.0000000000000002
1.0000000000000002
1.0000000000000002
1.0000000000000002
1.0000000000000002
1.0000000000000002
1.0000000000000002
1.0000000000000002
1.0000000000000002
1.0000000000000002
1.0000000000000002
1.0000000000000002
1.0000000000000002
1.0000000000000002
1.0000000000000002
1.0000000000000002
1.0000000000000002
1.0000000000000002
1.0000000000000002
1.0000000000000002
1.0000000000000002
1.0000000000000002
1.0000000000000002
1.0000000000000002
1.0000000000000002
0.3187840217537793
0.5031026124151314
0.33609692727625756
0.387556981443423
0.387556981443423
0.6728984701822545
0.5797386715376658
0.41120705506761873
0.4558669899766567
0.21507032570577075
0.26055567105626243
0.26055567105626243
0
0.43646021096270315
0.43646021096270315
1.0000000000000002
1.0000000000000002
0.8831282039194523
1.0000000000000002
0.5101490193104813
1.0000000000000002
0.5101490193104813
1.0000000000000002
0.6694188517266485
0.8181802073667197
0.8181802073667197
0.6694188517266485
0.5803329846765686
0.8181802073667197
0.8181802073667197
0.8181802073667197
0.8181802073667197
1.0000000000000002
0.36652947754585585
0.5031026124151314
0.5031026124151314
0.2912194185636897
0.6029748160380572
0.3360969272762575
0.5031026124151314
0.2912194185636897
0.2912194185636897
0.2912194185636897
0.2912194185636897
0.4494364165239822
0.5697077090551432
0.5697077090551432
0.461313774437494
0.33609692727625756
0.3187840217537793
0.5031026124151314
0.5031026124151314
0.26055567105626243
0.6029748160380572
0.3187840217537793
0.5031026124151314
0.26055567105626243
0.26055567105626243
0.26055567105626243
0.26055567105626243
0.40735260428856745
0.5697077090551432
0.5697077090551432
0.4112070550676187
0.33609692727625756
0.5031026124151314
0.4552018457650675
0.26055567105626243
0.3355423876167073
0.3603612876789841
0.38087260847594373
0.26055567105626243
0.2867324992180681
0.739691702368664
0.29121941856368966
0.32960336003563345
0.2910691023819054
0.5101490193104813
0.8181802073667197
0.8181802073667197
0.3360969272762574
0.5586177528223194
0.7523197619890014
0.3563004293331381
0.5757863613345239
0.5757863613345239
0.6694188517266485
1.0000000000000002
0.41120705506761873
0.6029748160380572
0.5056055588739692
0.3187840217537793
0.27519581217502304
0.27519581217502304
0.4112070550676187
0.43161341897075156
0.2912194185636897
0.5245910904457137
0.5744651733947116
0.6348087971775132
0.6029748160380572
0.3187840217537793
1.0000000000000002
1.0000000000000002
0.5031026124151314
1.0000000000000002
0.5031026124151314
0.5031026124151314
0.5031026124151314
0.3187840217537793
0.6225407468137513
0.5056055588739692
1.0000000000000002
1.0000000000000002
1.0000000000000002
0.5797386715376658
0.5797386715376658
0.8045233744391023
0.8045233744391023
1.0
1.0
0.905549965094206
0.905549965094206
0.8466473536503037
0.7765145304745156
0.5797386715376658
0.6417645565491049
0.7297276980311308
0.7297276980311308
0.38087260847594373
0.5246613026214346
0.36098742132325357
0.5250790579579577
0.5918927626373603
0.41036264495218466
0.716811741443062
0.3351757433279261
0.3351757433279261
0.3351757433279261
0.3351757433279261
0.3351757433279261
0.3351757433279261
0.7092972666062739
0.5586177528223194
0.5586177528223194
0.2772807351054468
0.2772807351054468
0.461313774437494
0.5727393584196196
0.5727393584196196
0.5727393584196196
0.5727393584196196
0.5727393584196196
0.8181802073667197
0.26055567105626243
1.0000000000000002
0.5031026124151314
0.3187840217537793
0.5031026124151314
0.5031026124151314
0.5031026124151314
0.3563004293331381
0.5031026124151314
0.5031026124151314
0.5031026124151314
0.5031026124151314
0.42442953389263327
0.42442953389263327
0.5918927626373603
0.29121941856368966
0.7799154245579976
0.29121941856368966
0.4112070550676187
0.2605556710562624
0.5031026124151314
0.7092972666062739
0.2746117864358066
0.2746117864358066
0.4112070550676186
0.5101490193104813
0.71929181824727
0.3187840217537793
0.33609692727625756
0.33609692727625756
0.6029748160380572
0.6029748160380572
0.7765145304745156
0.7765145304745156
1.0000000000000002
1.0000000000000002
0.41685534858589324
1.0000000000000002
0.5031026124151314
0.4103626449521847
0.4103626449521847
0.3563004293331381
0.3563004293331381
0.3563004293331381
0.5031026124151314
0.7765145304745156
0.6029748160380572
0.3994395017823609
0.3563004293331381
1.0000000000000002
0.2532094495161746
0.3041257418754935
0.5586177528223194
0.4111217451482082
0.16284707754470532
0.32989454566450077
0.3799783615910079
0.7473018438716932
0.461313774437494
0.6415817207015069
0.26055567105626243
0.2696367724157924
1.0000000000000002
0.8019783064439235
1.0000000000000002
0.7799154245579976
0.5031026124151314
0.5056055588739691
0.20199309249791836
0.44943641652398214
0.161713780662529
0.1362763414390864
0.1707761131901165
0.31878402175377923
0.6694188517266485
0.7765145304745156
0.7765145304745156
0.7765145304745156
0.7765145304745156
0.4910867445291851
0.5797338321860233
0.4744932943426848
0.4744932943426848
0.5031026124151314
0.5031026124151314
0.5031026124151314
0.5803329846765686
0.368023208756115
0.24129913647238907
0.26055567105626243
0.3360969272762575
0.26055567105626243
0.7092972666062739
0.5031026124151314
0.5031026124151314
0.5031026124151314
0.5031026124151314
0.5031026124151314
0.5031026124151314
0.3187840217537793
0.5031026124151314
0.5803329846765686
0.6029748160380572
0.33609692727625756
0.46564621909889997
0.3563004293331381
0.3187840217537793
0.5803329846765686
0.5031026124151314
0.38238914158209814
0.3187840217537793
0.10599213135093251
0.20416282270386832
0.23790309463326234
0.5101490193104813
0.32960336003563334
0.32960336003563334
0.5031026124151314
0.5031026124151314
0.5031026124151314
0.5031026124151314
0.2605556710562624
0.7168117414430619
0.3360969272762575
0.3360969272762575
0.2912194185636897
0.4494364165239822
0.5797386715376657
0.46975676801152594
1.0000000000000002
1.0000000000000002
1.0000000000000002
1.0000000000000002
1.0000000000000002
1.0000000000000002
0.2540160895589898
0.2540160895589898
0.5023287782256718
1.0
0.44751086720733996
0.32377318567404434
1.0000000000000004
0.6649279640474847
0.8713658601863269
0.8713658601863269
0.8713658601863269
0.8713658601863269
0.494589223205613
0.5031026124151314
0.33603913062270735
0.5031026124151314
0.5031026124151314
0.5912940614713997
0.4109954639349511
0.33609692727625756
0.5727393584196198
0.7168117414430624
0.5031026124151314
0.33609692727625756
0.33609692727625756
0.569834453706807
0.569834453706807
0.26055567105626243
0.6731909076003288
0.6731909076003288
0.43161341897075156
0.3563004293331381
0.2912194185636897
0.33609692727625756
0.5031026124151314
0.3563004293331381
0.7168117414430619
0.20199309249791836
0.5797386715376658
0.5031026124151314
0.6472503719134118
1.0000000000000002
0.29121941856368966
0.29121941856368966
0.29121941856368966
0.29121941856368966
0.29121941856368966
0.2772807351054468
0.42305136624080664
0.3006561224948461
0.29121941856368966
0.29121941856368966
0.29121941856368966
0.29121941856368966
0.29121941856368966
0.29121941856368966
0.7765145304745156
0.7765145304745156
1.0
0.7765145304745156
1.0000000000000002
0.26055567105626243
0.33609692727625756
0.5027128327544147
0.5027128327544147
0.44943641652398214
0.2912194185636897
0.42113589132819584
1.0000000000000002
0.7765145304745156
1.0
0.7765145304745156
1.0
0.7765145304745156
0.7092972666062739
0.7092972666062739
0.7092972666062739
0.7092972666062739
0.6029748160380572
0.7765145304745156
0.7092972666062739
1.0000000000000002
0.5031026124151314
0.33609692727625756
0.33609692727625756
0.33609692727625756
0.5697077090551432
0.5697077090551432
0.6029748160380572
0.71929181824727
0.2912194185636897
0.3360969272762575
0.33609692727625756
0.32796620164140594
0.5031026124151314
0.461313774437494
1.0000000000000002
0.3103322622221813
0.33609692727625756
0.33609692727625756
0.26055567105626243
1.0000000000000002
1.0000000000000002
0.29121941856368966
0.6694188517266485
1.0
0.6569729210330907
0.6569729210330907
0.6569729210330907
0.7092972666062739
0.7092972666062739
0.7092972666062739
0.7092972666062739
0.5797386715376658
1.0000000000000002
1.0000000000000002
1.0000000000000002
0.5797386715376658
1.0000000000000002
1.0000000000000002
1.0000000000000002
1.0
0.6029748160380572
0.3360969272762574
1.0000000000000002
0.905549965094206
0.8466473536503037
0.8466473536503037
0.5031026124151314
0.3187840217537793
0.20199309249791836
0.36771998046974713
0.36771998046974713
0.5031026124151314
0.33609692727625756
0.5031026124151314
0.4494364165239822
0.379978361591008
0.3187840217537793
0.3187840217537793
0.3187840217537793
0.46529153233701376
0.40735260428856745
0.6985957980290544
0.5374158537043675
0.8181802073667197
0.8262327303900501
0.8673636849609287
0.8181802073667197
0.4616980536470273
0.5381385939035184
0.4632375622542576
0.4632375622542576
0.46529153233701376
0.4112070550676187
0.1799889188118066
0.6694188517266485
1.0000000000000002
0.6350012214071283
0.773675369346877
0.773675369346877
0.5031026124151314
0.3187840217537793
0.3563004293331381
0.3563004293331381
0.5031026124151314
0.3187840217537793
0.5031026124151314
0.3187840217537793
0.5031026124151314
0.5507796339456279
0.6694188517266485
1.0000000000000002
0.49089112270955
0.49089112270955
0.49089112270955
0.49089112270955
1.0000000000000002
0.8466473536503037
0.7765145304745156
0.8466473536503037
0.5031026124151314
0.3187840217537793
0.3187840217537793
0.3187840217537793
0.5031026124151314
0.3187840217537793
0.3187840217537793
0.3187840217537793
0.3187840217537793
0.3187840217537793
0.5031026124151314
0.5998379312170505
0.4611709283793983
0.20613696606828608
0.6694188517266485
0.3187840217537793
0.3563004293331381
0.3187840217537793
0.3187840217537793
0.3187840217537793
0.3187840217537793
0.3187840217537793
0.3187840217537793
0.3563004293331381
0.5803329846765686
0.5918927626373603
0.5031026124151314
0.5031026124151314
0.4494364165239821
0.41120705506761873
0.33609692727625756
0.3534061749637334
0.5031026124151314
0.7092972666062739
0.33609692727625756
0.3563004293331381
0.776193897524313
1.0000000000000002
1.0000000000000002
0.5031026124151314
0.5031026124151314
0.5918927626373603
0.5918927626373603
0.36771998046974713
0.33609692727625756
0.5192800188031971
0.31089077468139725
0.26055567105626243
0.6728984701822545
0.5797386715376658
0.31089077468139725
0.5192800188031971
0.474330706497194
1.0000000000000004
0.6728984701822545
1.0000000000000002
1.0000000000000002
1.0000000000000002
1.0000000000000002
0.6728984701822545
0.474330706497194
1.0000000000000002
0.33723488209041974
0.3799783615910079
0.3351757433279261
0.3799783615910079
0.2605556710562624
0.161713780662529
0.8181802073667197
0.33609692727625756
1.0000000000000002
0.33609692727625756
1.0000000000000002
0.33609692727625756
0.3748077700589727
0.4826796606496646
1.0000000000000002
1.0000000000000002
0.4743307064971939
0.4071146526809138
0.5031026124151314
0.3563004293331381
0.5031026124151314
0.3563004293331381
0.5031026124151314
0.5031026124151314
0.5031026124151314
0.5031026124151314
0.3563004293331381
1.0000000000000002
0.6327904583679945
0.7092972666062739
0.1707761131901165
0.29121941856368966
0.33609692727625756
0.7168117414430619
0.29121941856368966
0.6694188517266485
0.6694188517266485
1.0000000000000002
1.0000000000000004
0.1908740661302035
0.22576484600261607
0.2503377231230956
0.2798280652432878
0.22576484600261612
0.40735260428856745
0.29121941856368966
0.29121941856368966
0.5747209632337569
0.5747209632337569
0.7472014553318622
1.0000000000000002
0.5031026124151314
0.5031026124151314
1.0000000000000002
0.3187840217537793
0.5031026124151314
0.5031026124151314
0.5031026124151314
0.3563004293331381
0.5031026124151314
0.29878909318799907
0.7765145304745156
0.7765145304745156
0.7765145304745156
0.7765145304745156
0.7765145304745156
0.33609692727625756
0.368023208756115
0.368023208756115
0.33609692727625756
0.368023208756115
0.368023208756115
0.368023208756115
0.368023208756115
0.6827531502984261
0.5918927626373603
0.7799154245579976
0.8181802073667197
0.8181802073667197
0.5397735232222133
0.5419119365777357
0.6498913515523019
0.5397735232222133
0.9138106509294462
1.0000000000000002
0.6694188517266485
0
0.8816114554784319
0.8350499057520979
0.5797386715376658
0.33609692727625756
0.7765145304745156
0.6029748160380572
0.2595784776110048
0.6029748160380572
0.27982806524328774
0.27982806524328774
0.3041257418754935
0.27982806524328774
0.5031026124151314
1.0000000000000002
0.3563004293331381
0.3187840217537793
0.3187840217537793
0.22028815056182974
0.22028815056182974
0.4414189039607901
0.27728073510544676
0.317107466580271
0.317107466580271
0.5376010876815549
0.5376010876815549
0.2910691023819054
0.27728073510544676
0.6694188517266485
0.33609692727625756
0
0.33609692727625756
0.8350499057520981
0.4558669899766567
0.7168117414430619
0.4393387340463309
0.7523197619890014
0.8344777154850027
0.7321049202512239
0.6694188517266485
0.7213340096123609
0.716811741443062
1.0
0.38087260847594373
0.716811741443062
0.5193879933129156
0.3360969272762574
1.0000000000000002
1.0
0.40735260428856757
0.2605556710562624
1.0000000000000002
0.30412574187549357
0.602232503337843
1.0000000000000002
0.22028815056182968
1.0000000000000002
