[190, 191]
[23, 221, 223, 225, 227, 229, 231]
[25]
[25]
[243]
[243]
[0, 3, 33, 51, 110, 181, 210, 286]
[1, 5, 182, 213, 287]
[35, 36]
[40]
[245, 246, 261, 262]
[245, 246, 261, 262]
[]
[173, 174, 176, 177]
[173, 174, 176, 177]
[173, 174, 176, 177]
[173, 174, 176, 177]
[53, 54, 55, 56, 112, 113, 114, 115]
[53, 54, 55, 56, 112, 113, 114, 115]
[180, 243]
[254, 270]
[86, 87, 88, 89, 149, 150, 151, 152]
[254, 270]
[254, 270]
[25]
[68, 69, 70, 71]
[254, 270]
[25]
[173, 174, 176, 177]
[173, 174, 176, 177]
[254, 270]
[25]
[180, 243]
[254, 270]
[25]
[180, 243]
[254, 270]
[180, 243]
[254, 270]
[76, 77, 78, 79, 135, 136, 137, 138]
[76, 77, 78, 79, 135, 136, 137, 138]
[180, 243]
[254, 270]
[180, 243]
[254, 270]
[245, 246, 261, 262]
[245, 246, 261, 262]
[]
[173, 174, 176, 177]
[173, 174, 176, 177]
[173, 174, 176, 177]
[173, 174, 176, 177]
[53, 54, 55, 56, 112, 113, 114, 115]
[53, 54, 55, 56, 112, 113, 114, 115]
[180, 243]
[254, 270]
[86, 87, 88, 89, 149, 150, 151, 152]
[254, 270]
[254, 270]
[25]
[68, 69, 70, 71]
[254, 270]
[25]
[173, 174, 176, 177]
[173, 174, 176, 177]
[254, 270]
[25]
[180, 243]
[254, 270]
[25]
[180, 243]
[254, 270]
[180, 243]
[254, 270]
[76, 77, 78, 79, 135, 136, 137, 138]
[76, 77, 78, 79, 135, 136, 137, 138]
[180, 243]
[254, 270]
[180, 243]
[254, 270]
[159]
[160]
[161]
[245, 246, 261, 262]
[245, 246, 261, 262]
[245, 246, 261, 262]
[245, 246, 261, 262]
[]
[255]
[173, 174, 176, 177]
[173, 174, 176, 177]
[]
[204, 211, 247, 248]
[204, 211, 247, 248]
[43, 101]
[260]
[260]
[260]
[180, 243]
[184]
[184, 187, 188, 189]
[185, 186]
[187, 188]
[240, 241]
[240, 241]
[166, 167]
[166, 167]
[192, 193]
[192, 193]
[194, 195]
[172]
[172]
[172]
[19, 170, 171, 278]
[19, 170, 171, 278]
[172]
[179]
[179]
[178]
[172]
[233, 238]
[234]
[235]
[236, 237]
[236, 237]
[233, 238]
[239]
[245, 246, 261, 262]
[245, 246, 261, 262]
[23, 221, 223, 225, 227, 229, 231]
[180, 243]
[254, 270]
[245, 246, 261, 262]
[245, 246, 261, 262]
[245, 246, 261, 262]
[245, 246, 261, 262]
[]
[254, 270]
[59]
[256]
[40]
[245, 246, 261, 262]
[245, 246, 261, 262]
[]
[254, 270]
[19, 170, 171, 278]
[19, 170, 171, 278]
[40]
[10, 14, 18, 41, 42, 43, 44, 45, 46, 100, 101, 102, 103, 104, 105, 162, 196, 200, 277, 283]
[180, 243]
[165]
[165]
[165]
