0.5803329846765686
0.4189067161570913
0.52430859341002
0.52430859341002
0.4937832711759473
0.4937832711759473
1.0000000000000002
0.5803329846765686
0.5797386715376658
0.6392306240536285
0.33609692727625756
0.33609692727625756
0
0.5245910904457138
0.5245910904457138
0.5245910904457138
0.5245910904457138
0.3677199804697471
0.3677199804697471
0.368023208756115
1.0
0.4103153018465078
0.5797386715376658
0.5797386715376658
0.5029292651136352
0.4103153018465078
0.5797386715376658
0.5797349663981912
0.5245910904457138
0.5245910904457138
0.5797386715376658
0.5764397416883047
0.368023208756115
0.5797386715376658
0.6149017890466745
0.368023208756115
0.5797386715376658
0.368023208756115
0.5797386715376658
0.5240524315010225
0.5240524315010225
0.368023208756115
0.5797386715376658
0.368023208756115
0.5797386715376658
0.33609692727625756
0.33609692727625756
0
0.5245910904457138
0.5245910904457138
0.5245910904457138
0.5245910904457138
0.3677199804697471
0.3677199804697471
0.368023208756115
1.0
0.4103153018465078
0.5797386715376658
0.5797386715376658
0.5029292651136352
0.4103153018465078
0.5797386715376658
0.5797349663981912
0.5245910904457138
0.5245910904457138
0.5797386715376658
0.5764397416883047
0.368023208756115
0.5797386715376658
0.6149017890466745
0.368023208756115
0.5797386715376658
0.368023208756115
0.5797386715376658
0.5240524315010225
0.5240524315010225
0.368023208756115
0.5797386715376658
0.368023208756115
0.5797386715376658
1.0
1.0000000000000002
1.0000000000000002
1.0000000000000002
1.0000000000000002
0.26055567105626243
0.26055567105626243
0
0.33517574332792605
0.5245910904457138
0.5245910904457138
0
0.5031026124151314
0.5031026124151314
0.44943641652398214
0.5167501621704599
0.5167501621704599
0.8032002037467096
0.5056055588739691
0.7092972666062739
0.33609692727625756
0.4112070550676187
0.33609692727625756
1.0000000000000002
1.0000000000000002
0.5031026124151314
0.5031026124151314
0.7168117414430619
0.7168117414430619
0.33609692727625756
0.5797386715376658
0.5797386715376658
0.5797386715376658
0.5031026124151314
0.5031026124151314
0.5797386715376658
0.5411833920701603
0.5411833920701603
0.5797386715376658
0.23076792961123066
1.0
1.0000000000000002
1.0000000000000002
1.0000000000000002
1.0000000000000002
1.0
1.0000000000000002
0.33609692727625756
0.33609692727625756
0.5368927118515179
0.5586177528223194
0.8181802073667197
1.0000000000000002
1.0000000000000002
0.7092972666062739
0.7092972666062739
0
1.0
0.44943641652398214
0.6029748160380572
0.5192800188031971
1.0000000000000002
1.0000000000000002
0
1.0
0.4112070550676187
0.5031026124151314
0.5192800188031971
0.5031026124151314
0.6327904583679945
0.4506249678230962
0.4506249678230962
0.4506249678230962
