1.0000000000000002
1.0000000000000002
1.0
0.8477624970048978
0.6029748160380572
0.6029748160380572
1.0000000000000002
1.0000000000000002
1.0
1.0
1.0
1.0000000000000002
1.0
1.0000000000000002
1.0000000000000002
1.0
1.0000000000000002
1.0
1.0
1.0
1.0000000000000002
1.0000000000000002
1.0000000000000002
1.0
1.0000000000000002
1.0000000000000002
1.0000000000000002
1.0
1.0000000000000002
1.0
1.0
1.0
1.0000000000000002
1.0
1.0
1.0
1.0000000000000002
1.0
1.0000000000000002
1.0000000000000002
1.0
1.0000000000000002
1.0
1.0
1.0
1.0000000000000002
1.0000000000000002
1.0000000000000002
0.6694188517266485
0.43161341897075156
0.43161341897075156
1.0000000000000002
1.0000000000000002
1.0
