[42, 43]
[254, 322]
[111]
[29, 31]
[9, 46, 48, 55]
[10]
[11]
[12]
[13]
[14]
[15, 16]
[15, 16]
[17, 18]
[17, 18]
[19, 20]
[19, 20]
[21]
[22]
[23]
[24]
[10]
[12]
[10]
[12]
[13]
[14]
[13]
[14]
[11]
[11]
[35]
[35]
[39]
[37, 81, 82]
[37, 81, 82]
[39]
[35]
[41]
[312, 313]
[312, 313]
[44]
[44]
[44]
[44]
[44]
[44]
[44]
[44]
[44]
[44]
[44]
[44]
[44, 45]
[44, 45]
[44, 45]
[44, 45]
[44, 45]
[44, 45]
[44, 45]
[44, 45]
[44, 45]
[44, 45]
[44, 45]
[44, 45]
[15, 16, 17, 18, 19, 20, 21, 23, 46, 47, 60, 61, 62, 63]
[15, 16, 17, 18, 19, 20, 21, 23, 46, 47, 60, 61, 62, 63]
[109, 173, 317]
[46, 48]
[2, 114, 178]
[2, 109, 114, 173, 178, 317]
[53, 54]
[53, 54]
[3]
[19, 20, 111]
[111]
[57, 58]
[57, 58]
[8, 47, 50, 59]
[15, 16, 17, 18, 19, 20, 21, 23, 46, 47, 60, 61, 62, 63]
[15, 16, 17, 18, 19, 20, 21, 23, 46, 47, 60, 61, 62, 63]
[15, 16, 17, 18, 19, 20, 21, 23, 46, 47, 60, 61, 62, 63]
[15, 16, 17, 18, 19, 20, 21, 23, 46, 47, 60, 61, 62, 63]
[64]
[65]
[66]
[67]
[68]
[69]
[70]
[71]
[72]
[73]
[74]
[75]
[76]
[77]
[78]
[79]
[80]
[80]
[81, 82]
[81, 82]
[249, 250, 251, 252, 253]
[249, 250, 251, 252, 253]
[249, 250, 251, 252, 253]
[249, 250, 251, 252, 253]
[249, 250, 251, 252, 253]
[83, 84]
[83, 84]
[85, 195]
[86, 87, 88, 196, 197, 198, 246, 247, 248]
[86, 87, 88, 196, 197, 198, 246, 247, 248]
[86, 87, 88, 196, 197, 198, 246, 247, 248]
[89, 199, 245]
[90, 200, 244]
[91, 201, 243]
[92, 202, 242]
[93, 203, 241]
[94, 204, 240]
[95, 205, 239]
[96, 206, 238]
[97, 207, 237]
[98, 208, 236]
[99, 209, 235]
[100, 210, 234]
[101, 105, 180, 184, 211, 215]
[102, 103, 104, 106, 107, 108, 181, 182, 183, 185, 186, 187, 212, 213, 214, 216, 217, 218]
[102, 103, 104, 106, 107, 108, 181, 182, 183, 185, 186, 187, 212, 213, 214, 216, 217, 218]
[102, 103, 104, 106, 107, 108, 181, 182, 183, 185, 186, 187, 212, 213, 214, 216, 217, 218]
[101, 105, 180, 184, 211, 215]
[102, 103, 104, 106, 107, 108, 181, 182, 183, 185, 186, 187, 212, 213, 214, 216, 217, 218]
[102, 103, 104, 106, 107, 108, 181, 182, 183, 185, 186, 187, 212, 213, 214, 216, 217, 218]
[102, 103, 104, 106, 107, 108, 181, 182, 183, 185, 186, 187, 212, 213, 214, 216, 217, 218]
[219, 220, 221]
[219, 220, 221]
[219, 220, 221]
[222]
[223]
[224]
[225]
[226]
[227]
[228]
[229]
[230]
[231]
[232]
[233]
[100, 210, 234]
[99, 209, 235]
[98, 208, 236]
[97, 207, 237]
[96, 206, 238]
[95, 205, 239]
[94, 204, 240]
[93, 203, 241]
[92, 202, 242]
[91, 201, 243]
[90, 200, 244]
[89, 199, 245]
[86, 87, 88, 196, 197, 198, 246, 247, 248]
[86, 87, 88, 196, 197, 198, 246, 247, 248]
[86, 87, 88, 196, 197, 198, 246, 247, 248]
[115, 116]
[115, 116]
[]
[]
[]
[]
[254, 322]
[254, 322]
[110]
[110]
[110]
[338]
[120, 121, 122, 123, 124, 127, 128, 129, 130, 131, 132, 133, 134, 135, 136, 168, 169, 170, 171, 172]
[120, 121, 122, 123, 124, 127, 128, 129, 130, 131, 132, 133, 134, 135, 136, 168, 169, 170, 171, 172]
[120, 121, 122, 123, 124, 127, 128, 129, 130, 131, 132, 133, 134, 135, 136, 168, 169, 170, 171, 172]
[120, 121, 122, 123, 124, 127, 128, 129, 130, 131, 132, 133, 134, 135, 136, 168, 169, 170, 171, 172]
[120, 121, 122, 123, 124, 127, 128, 129, 130, 131, 132, 133, 134, 135, 136, 168, 169, 170, 171, 172]
[125]
[125, 126]
[120, 121, 122, 123, 124, 127, 128, 129, 130, 131, 132, 133, 134, 135, 136, 168, 169, 170, 171, 172]
[120, 121, 122, 123, 124, 127, 128, 129, 130, 131, 132, 133, 134, 135, 136, 168, 169, 170, 171, 172]
[120, 121, 122, 123, 124, 127, 128, 129, 130, 131, 132, 133, 134, 135, 136, 168, 169, 170, 171, 172]
[120, 121, 122, 123, 124, 127, 128, 129, 130, 131, 132, 133, 134, 135, 136, 168, 169, 170, 171, 172]
[120, 121, 122, 123, 124, 127, 128, 129, 130, 131, 132, 133, 134, 135, 136, 168, 169, 170, 171, 172]
[120, 121, 122, 123, 124, 127, 128, 129, 130, 131, 132, 133, 134, 135, 136, 168, 169, 170, 171, 172]
[120, 121, 122, 123, 124, 127, 128, 129, 130, 131, 132, 133, 134, 135, 136, 168, 169, 170, 171, 172]
[120, 121, 122, 123, 124, 127, 128, 129, 130, 131, 132, 133, 134, 135, 136, 168, 169, 170, 171, 172]
[120, 121, 122, 123, 124, 127, 128, 129, 130, 131, 132, 133, 134, 135, 136, 168, 169, 170, 171, 172]
[120, 121, 122, 123, 124, 127, 128, 129, 130, 131, 132, 133, 134, 135, 136, 168, 169, 170, 171, 172]
[137, 138, 139, 140, 141]
[137, 138, 139, 140, 141]
[137, 138, 139, 140, 141]
[137, 138, 139, 140, 141]
[137, 138, 139, 140, 141]
[142, 143, 144, 145, 146]
[142, 143, 144, 145, 146]
[142, 143, 144, 145, 146]
[142, 143, 144, 145, 146]
[142, 143, 144, 145, 146]
[147, 148, 149, 150, 151]
[147, 148, 149, 150, 151]
[147, 148, 149, 150, 151]
[147, 148, 149, 150, 151]
[147, 148, 149, 150, 151]
[152]
[153]
[154]
[155]
[156]
[157]
[158]
[159]
[160]
[161]
[162]
[163]
[164]
[165]
[166]
[167]
[120, 121, 122, 123, 124, 127, 128, 129, 130, 131, 132, 133, 134, 135, 136, 168, 169, 170, 171, 172]
[120, 121, 122, 123, 124, 127, 128, 129, 130, 131, 132, 133, 134, 135, 136, 168, 169, 170, 171, 172]
[120, 121, 122, 123, 124, 127, 128, 129, 130, 131, 132, 133, 134, 135, 136, 168, 169, 170, 171, 172]
[120, 121, 122, 123, 124, 127, 128, 129, 130, 131, 132, 133, 134, 135, 136, 168, 169, 170, 171, 172]
[120, 121, 122, 123, 124, 127, 128, 129, 130, 131, 132, 133, 134, 135, 136, 168, 169, 170, 171, 172]
[179]
[101, 105, 180, 184, 211, 215]
[102, 103, 104, 106, 107, 108, 181, 182, 183, 185, 186, 187, 212, 213, 214, 216, 217, 218]
[102, 103, 104, 106, 107, 108, 181, 182, 183, 185, 186, 187, 212, 213, 214, 216, 217, 218]
[102, 103, 104, 106, 107, 108, 181, 182, 183, 185, 186, 187, 212, 213, 214, 216, 217, 218]
[101, 105, 180, 184, 211, 215]
[102, 103, 104, 106, 107, 108, 181, 182, 183, 185, 186, 187, 212, 213, 214, 216, 217, 218]
[102, 103, 104, 106, 107, 108, 181, 182, 183, 185, 186, 187, 212, 213, 214, 216, 217, 218]
[102, 103, 104, 106, 107, 108, 181, 182, 183, 185, 186, 187, 212, 213, 214, 216, 217, 218]
[188]
[188, 189, 190]
[190]
[280, 281]
[340]
[348]
[290, 291]
[290, 291]
[290, 291]
[290, 291]
[120, 121, 122, 123, 124, 127, 128, 129, 130, 131, 132, 133, 134, 135, 136, 137, 138, 139, 140, 141, 142, 143, 144, 145, 146, 147, 148, 149, 150, 151, 168, 169, 170, 171, 172, 249, 250, 251, 252, 253]
[120, 121, 122, 123, 124, 127, 128, 129, 130, 131, 132, 133, 134, 135, 136, 137, 138, 139, 140, 141, 142, 143, 144, 145, 146, 147, 148, 149, 150, 151, 168, 169, 170, 171, 172, 249, 250, 251, 252, 253]
[92, 202, 225, 242]
[92, 202, 225, 242]
[60, 61]
[85, 195]
[102, 103, 104, 106, 107, 108, 181, 182, 183, 185, 186, 187, 212, 213, 214, 216, 217, 218]
[102, 103, 104, 106, 107, 108, 181, 182, 183, 185, 186, 187, 212, 213, 214, 216, 217, 218]
[102, 103, 104, 106, 107, 108, 181, 182, 183, 185, 186, 187, 212, 213, 214, 216, 217, 218]
[101, 105, 180, 184, 211, 215]
[102, 103, 104, 106, 107, 108, 181, 182, 183, 185, 186, 187, 212, 213, 214, 216, 217, 218]
[102, 103, 104, 106, 107, 108, 181, 182, 183, 185, 186, 187, 212, 213, 214, 216, 217, 218]
[102, 103, 104, 106, 107, 108, 181, 182, 183, 185, 186, 187, 212, 213, 214, 216, 217, 218]
[101, 105, 180, 184, 211, 215]
[219, 220, 221]
[219, 220, 221]
[219, 220, 221]
[222]
[223]
[224]
[225]
[226]
[227]
[228]
[229]
[230]
[231]
[232]
[233]
[100, 210, 234]
[99, 209, 235]
[98, 208, 236]
[97, 207, 237]
[96, 206, 238]
[95, 205, 239]
[94, 204, 240]
[93, 203, 241]
[92, 202, 242]
[91, 201, 243]
[90, 200, 244]
[89, 199, 245]
[86, 87, 88, 196, 197, 198, 246, 247, 248]
[86, 87, 88, 196, 197, 198, 246, 247, 248]
[86, 87, 88, 196, 197, 198, 246, 247, 248]
[219, 220, 221]
[219, 220, 221]
[219, 220, 221]
[222]
[223]
[224]
[225]
[226]
[227]
[228]
[229]
[230]
[231]
[232]
[233]
[100, 210, 234]
[99, 209, 235]
[98, 208, 236]
[97, 207, 237]
[96, 206, 238]
[95, 205, 239]
[94, 204, 240]
[93, 203, 241]
[92, 202, 242]
[91, 201, 243]
[90, 200, 244]
[89, 199, 245]
[86, 87, 88, 196, 197, 198, 246, 247, 248]
[86, 87, 88, 196, 197, 198, 246, 247, 248]
[86, 87, 88, 196, 197, 198, 246, 247, 248]
[249, 250, 251, 252, 253]
[249, 250, 251, 252, 253]
[249, 250, 251, 252, 253]
[249, 250, 251, 252, 253]
[249, 250, 251, 252, 253]
[38]
[255]
[260, 261]
[260, 261]
[345, 346]
[345, 346]
[286, 287, 288, 289, 294, 295]
[286, 287, 288, 289, 294, 295]
[290, 291]
[290, 291]
[120, 121, 122, 123, 124, 127, 128, 129, 130, 131, 132, 133, 134, 135, 136, 137, 138, 139, 140, 141, 142, 143, 144, 145, 146, 147, 148, 149, 150, 151, 168, 169, 170, 171, 172, 249, 250, 251, 252, 253]
[120, 121, 122, 123, 124, 127, 128, 129, 130, 131, 132, 133, 134, 135, 136, 137, 138, 139, 140, 141, 142, 143, 144, 145, 146, 147, 148, 149, 150, 151, 168, 169, 170, 171, 172, 249, 250, 251, 252, 253]
[92, 202, 225, 242]
[92, 202, 225, 242]
[265, 266, 297, 298]
[265, 266, 297, 298]
[265, 266, 297, 298]
[265, 266, 269, 270, 297, 298, 301, 302, 341, 342]
[265, 266, 269, 270, 297, 298, 301, 302, 341, 342]
[269, 270, 301, 302]
[269, 270, 301, 302]
[269, 270, 272, 273, 301, 302, 304, 305, 343, 344]
[269, 270, 272, 273, 301, 302, 304, 305, 343, 344]
[269, 270, 272, 273, 301, 302, 304, 305, 343, 344]
[312, 313]
[345, 346]
[345, 346]
[290, 291]
[290, 291]
[274, 275]
[274, 275]
[120, 121, 122, 123, 124, 127, 128, 129, 130, 131, 132, 133, 134, 135, 136, 137, 138, 139, 140, 141, 142, 143, 144, 145, 146, 147, 148, 149, 150, 151, 168, 169, 170, 171, 172, 249, 250, 251, 252, 253]
[120, 121, 122, 123, 124, 127, 128, 129, 130, 131, 132, 133, 134, 135, 136, 137, 138, 139, 140, 141, 142, 143, 144, 145, 146, 147, 148, 149, 150, 151, 168, 169, 170, 171, 172, 249, 250, 251, 252, 253]
[92, 202, 225, 242]
[92, 202, 225, 242]
[290, 291]
[290, 291]
[191, 192]
[191, 192]
[120, 121, 122, 123, 124, 127, 128, 129, 130, 131, 132, 133, 134, 135, 136, 137, 138, 139, 140, 141, 142, 143, 144, 145, 146, 147, 148, 149, 150, 151, 168, 169, 170, 171, 172, 249, 250, 251, 252, 253]
[120, 121, 122, 123, 124, 127, 128, 129, 130, 131, 132, 133, 134, 135, 136, 137, 138, 139, 140, 141, 142, 143, 144, 145, 146, 147, 148, 149, 150, 151, 168, 169, 170, 171, 172, 249, 250, 251, 252, 253]
[92, 202, 225, 242]
[92, 202, 225, 242]
[297, 298]
[297, 298]
[297, 298]
[265, 266, 269, 270, 297, 298, 301, 302, 341, 342]
[299]
[269, 270, 297, 298, 301, 302]
[269, 270, 297, 298, 301, 302]
[269, 270, 272, 273, 301, 302, 304, 305, 343, 344]
[269, 270, 272, 273, 301, 302, 304, 305, 343, 344]
[269, 270, 272, 273, 301, 302, 304, 305, 343, 344]
[290, 291]
[290, 291]
[282, 283]
[282, 283]
[120, 121, 122, 123, 124, 127, 128, 129, 130, 131, 132, 133, 134, 135, 136, 137, 138, 139, 140, 141, 142, 143, 144, 145, 146, 147, 148, 149, 150, 151, 168, 169, 170, 171, 172, 249, 250, 251, 252, 253]
[120, 121, 122, 123, 124, 127, 128, 129, 130, 131, 132, 133, 134, 135, 136, 137, 138, 139, 140, 141, 142, 143, 144, 145, 146, 147, 148, 149, 150, 151, 168, 169, 170, 171, 172, 249, 250, 251, 252, 253]
[92, 202, 225, 242]
[92, 202, 225, 242]
[312, 313]
[312, 313]
[193, 194]
[315]
[1, 15, 16, 112, 176, 256, 316]
[6]
[319]
[]
[]
[]
[]
[320]
[321]
[322]
[323]
[324]
[325]
[326, 327, 328, 329, 330, 331, 332, 333, 334, 335]
[326, 327, 328, 329, 330, 331, 332, 333, 334, 335]
[326, 327, 328, 329, 330, 331, 332, 333, 334, 335]
[326, 327, 328, 329, 330, 331, 332, 333, 334, 335]
[326, 327, 328, 329, 330, 331, 332, 333, 334, 335]
[326, 327, 328, 329, 330, 331, 332, 333, 334, 335]
[326, 327, 328, 329, 330, 331, 332, 333, 334, 335]
[326, 327, 328, 329, 330, 331, 332, 333, 334, 335]
[326, 327, 328, 329, 330, 331, 332, 333, 334, 335]
[326, 327, 328, 329, 330, 331, 332, 333, 334, 335]
[]
[]
[]
[]
[114, 178]
[114, 178]
[114, 178]
[114, 178]
[114, 178]
[9]
[336, 337]
[336, 337]
[339]
[341, 342]
[341, 342]
[343, 344]
[343, 344]
[345, 346]
[345, 346]
[37, 81, 82]
