[5]
[6]
[2, 4, 7, 9]
[3, 8, 47, 61]
[47, 61]
[6]
[51, 65]
[3]
[4]
[39, 40, 42, 58, 73]
[39, 40, 42, 58, 73]
[43, 44, 78]
[69]
[39, 40, 42, 58, 73]
[10]
[11, 34]
[12]
[13]
[14]
[15, 16]
[15, 16]
[17, 18]
[17, 18]
[19, 20]
[19, 20]
[21, 22]
[21, 22]
[23]
[24]
[10]
[10]
[27, 28]
[27, 28]
[29, 30]
[29, 30]
[14]
[14]
[33]
[11, 34]
[36, 38]
[36, 38]
[1, 6, 15, 16, 17, 18, 19, 20, 21, 22, 23, 50, 55]
[1, 6, 15, 16, 17, 18, 19, 20, 21, 22, 23, 50, 55]
[39, 40, 42, 58, 73]
[39, 40, 42, 58, 73]
[43, 44, 78]
[45, 70]
[51, 65]
[38, 57]
[46]
[3, 8, 51, 65]
[51, 65]
[0, 5]
[1, 6, 15, 16, 17, 18, 19, 20, 21, 22, 23, 50, 55]
[46]
[3, 8]
[1, 6, 15, 16, 17, 18, 19, 20, 21, 22, 23, 50, 55]
[0, 5]
[50]
[39, 40, 42, 58, 73]
[39, 40, 42, 58, 73]
[69]
[64]
[69]
[64]
[46]
[3, 8, 51, 65]
[51, 65]
[0, 5]
[1, 6, 15, 16, 17, 18, 19, 20, 21, 22, 23, 50, 55]
[46]
[3, 8]
[1, 6, 15, 16, 17, 18, 19, 20, 21, 22, 23, 50, 55]
[0, 5]
[50]
[45, 70]
[71, 72]
[71, 72]
[71, 72]
[71, 72]
[73]
[8]
[75]
[1, 6, 15, 16, 17, 18, 19, 20, 21, 22, 23, 50, 55]
[1, 6, 15, 16, 17, 18, 19, 20, 21, 22, 23, 50, 55]
[77]
[43, 44, 78]
