1.0
1.0000000000000002
1.0
1.0
1.0000000000000002
0.5149138161160749
1.0000000000000002
1.0000000000000002
1.0000000000000002
1.0000000000000002
1.0000000000000002
1.0000000000000002
1.0000000000000002
1.0000000000000002
1.0000000000000004
1.0
0.33609692727625756
0.474330706497194
0.5797386715376658
0.6029748160380572
1.0000000000000002
0.2543164255971685
1.0000000000000002
0.6029748160380572
0.43161341897075156
0.43161341897075156
0.43161341897075156
0.6694188517266485
0.7092972666062739
1.0000000000000002
0.7092972666062739
0.7092972666062739
1.0000000000000002
0.7092972666062739
1.0000000000000002
0.8466473536503037
1.0000000000000002
0.6694188517266485
0.7092972666062739
0.41120705506761873
0.5167501621704597
0.5167501621704597
0.5031026124151314
0.5167501621704598
0.5167501621704598
0.5031026124151314
0.5167501621704598
0.5167501621704598
0.5031026124151314
0.5499883949217763
0.5499883949217763
0.5031026124151314
1.0000000000000002
1.0000000000000004
0.4189067161570913
0.4189067161570913
1.0000000000000002
1.0000000000000002
1.0
0.5797386715376658
0.474330706497194
1.0
1.0000000000000002
0.6392306240536285
1.0000000000000002
0.5031026124151314
0.6029748160380572
0.7168117414430619
1.0
1.0000000000000004
1.0000000000000002
1.0000000000000002
1.0
1.0000000000000002
1.0000000000000002
1.0000000000000002
1.0
1.0
1.0000000000000002
1.0
1.0000000000000002
1.0000000000000002
1.0000000000000002
1.0000000000000002
1.0000000000000002
0.776193897524313
1.0
1.0000000000000002
1.0
1.0000000000000002
1.0
1.0000000000000002
1.0000000000000002
1.0000000000000002
0.6694188517266485
0.7523197619890013
0.7092972666062739
0.5797386715376658
0.6348087971775132
0.6029748160380572
1.0000000000000002
1.0000000000000002
1.0000000000000002
1.0000000000000002
0.6694188517266485
1.0000000000000002
1.0000000000000002
1.0000000000000002
1.0
1.0000000000000002
1.0000000000000002
1.0000000000000002
1.0000000000000002
1.0000000000000002
1.0
1.0
1.0
1.0000000000000002
1.0
1.0000000000000002
1.0
1.0000000000000002
1.0000000000000002
1.0
1.0
1.0
0.7092972666062739
0.5797386715376658
1.0000000000000002
1.0000000000000002
1.0000000000000002
1.0000000000000002
1.0000000000000002
1.0000000000000002
1.0
1.0
1.0000000000000002
1.0000000000000002
1.0000000000000002
1.0000000000000002
1.0000000000000002
1.0000000000000002
1.0000000000000002
0.716811741443062
0.716811741443062
0.5797386715376658
1.0000000000000002
0.5797386715376658
1.0
0.5031026124151314
1.0
0.7765145304745156
0.5797386715376658
0.5797386715376658
0.5797386715376658
1.0
0.7765145304745156
0.5797386715376658
1.0
0.7765145304745156
1.0000000000000002
1.0000000000000002
1.0000000000000002
1.0000000000000002
0.7195469560601188
0.7195469560601188
0.6569729210330907
0.5499883949217763
0.6694188517266485
1.0000000000000002
1.0000000000000002
1.0000000000000002
1.0000000000000002
1.0000000000000002
1.0000000000000002
1.0000000000000002
0.5797386715376658
0.5797386715376658
0.4112070550676187
0.4112070550676187
0.4112070550676187
0.7765145304745156
0.6029748160380572
0.4112070550676187
0.5101490193104813
0.6694188517266485
0.5803329846765686
0.5797386715376658
0.4112070550676187
0.6029748160380572
0.4112070550676187
0.4112070550676187
0.4112070550676187
0.4112070550676187
0.5101490193104813
0.6029748160380572
0.4112070550676187
0.4112070550676187
0.4112070550676187
0.4112070550676187
1.0000000000000002
1.0000000000000002
1.0000000000000002
1.0000000000000002
1.0000000000000004
1.0000000000000002
1.0
1.0000000000000002
1.0000000000000002
1.0000000000000002
0.7092972666062739
1.0
0.6348087971775132
0.6887753976699386
1.0000000000000002
1.0000000000000002
1.0000000000000002
0.7092972666062739
1.0000000000000002
1.0000000000000002
1.0000000000000002
1.0000000000000002
0.7092972666062739
0.8586557982260813
0.948683298050514
1.0000000000000002
1.0000000000000002
0.7090528735856639
1.0000000000000002
1.0000000000000002
1.0000000000000002
0.7468915828632628
0.6694188517266485
1.0000000000000002
1.0000000000000002
1.0000000000000002
0.6029748160380572
1.0
1.0
1.0000000000000002
1.0000000000000002
1.0
0.8466473536503034
1.0000000000000002
0.5031026124151314
1.0000000000000002
1.0000000000000002
1.0000000000000002
1.0
1.0000000000000002
1.0
1.0
1.0
1.0
1.0
1.0000000000000002
1.0
1.0000000000000002
1.0000000000000002
1.0000000000000004
1.0000000000000004
1.0000000000000004
1.0000000000000004
1.0000000000000004
1.0000000000000002
1.0000000000000002
0.379978361591008
0.8495766450412413
0.8466473536503037
1.0000000000000002
1.0000000000000002
1.0000000000000002
0.5031026124151314
1.0000000000000002
0.5803329846765686
0.5803329846765686
0.5803329846765686
0.5797386715376658
0.33609692727625756
0.608773392327152
0.8673636849609289
0.41532020604769687
0.6029748160380572
0.26055567105626243
0.40711465268091374
0.7092972666062739
0.7092972666062739
0.7092972666062739
0.6029748160380572
0.7092972666062739
1.0000000000000002
0.7092972666062739
1.0000000000000002
0.5031026124151314
1.0000000000000002
0.716811741443062
0.716811741443062
0.5101490193104813
0.4494364165239821
0.6029748160380572
1.0000000000000002
0.5031026124151314
0.5031026124151314
1.0000000000000002
0.5031026124151314
0.5031026124151314
0.5031026124151314
0.5031026124151314
0.5797386715376658
0.6694188517266485
0.6694188517266485
0.474330706497194
0.474330706497194
0.6392306240536285
0.33609692727625756
0.5031026124151314
0.8466473536503037
1.0000000000000002
0.5031026124151314
0.716811741443062
1.0000000000000004
1.0000000000000002
1.0000000000000002
0.33609692727625756
1.0
1.0
0.6348087971775132
0.5783368141495645
0.474330706497194
0.474330706497194
1.0000000000000002
0.7092972666062739
1.0000000000000002
1.0
1.0
1.0
1.0
0.8181802073667197
1.0
0.6029748160380572
0.6029748160380572
0.6029748160380572
0.6694188517266485
0.6694188517266485
0.5101490193104813
0.7765145304745156
0.716811741443062
0.8466473536503037
1.0000000000000002
1.0
1.0
1.0
1.0
1.0
1.0
0.4795818201875527
0.6694188517266485
0.6694188517266485
0.7651119235195817
0.6029748160380572
0.7092972666062739
0.7440575743382779
1.0
1.0000000000000002
0.7092972666062739
1.0000000000000002
1.0000000000000002
1.0000000000000002
1.0000000000000002
1.0000000000000002
1.0000000000000002
1.0000000000000004
1.0
0.7023516750117405
1.0000000000000002
1.0000000000000002
1.0000000000000002
1.0000000000000004
1.0
1.0
1.0000000000000002
1.0000000000000002
1.0000000000000002
1.0000000000000002
1.0000000000000002
1.0000000000000002
1.0000000000000002
1.0000000000000002
0.7092972666062739
1.0000000000000002
1.0000000000000002
0.5031026124151314
1.0000000000000002
0.5031026124151314
0.7092972666062739
0.7092972666062739
1.0000000000000002
1.0000000000000002
1.0000000000000002
1.0000000000000002
1.0000000000000002
1.0000000000000002
1.0000000000000002
1.0000000000000002
0.7092972666062739
1.0000000000000002
0.3360969272762575
0.7092972666062739
0.5797386715376658
0.5697077090551435
0.4697567680115259
0.4697567680115259
0.7168117414430624
0.8495766450412413
1.0000000000000002
0.33609692727625756
1.0
1.0000000000000002
0.6029748160380572
0.8874008303777103
1.0000000000000002
1.0000000000000002
1.0000000000000002
1.0000000000000002
1.0000000000000002
1.0000000000000002
1.0000000000000002
1.0000000000000002
1.0000000000000002
0.9561828874675149
0.5803329846765686
0.5803329846765686
1.0
1.0
0.5727393584196196
0.5193879933129156
0.3508107841126614
0.3508107841126614
1.0000000000000002
0.5101490193104813
0.8181802073667197
0.5023287782256718
1.0000000000000002
1.0000000000000002
1.0
1.0
1.0
1.0000000000000002
1.0
1.0
1.0000000000000002
1.0
1.0
1.0
1.0
1.0000000000000002
1.0000000000000002
0.7474073540060464
0.8466473536503037
0.474330706497194
0.19431434016858148
0.8466473536503037
0.26055567105626243
0.33609692727625756
0.33609692727625756
0.27423415918033694
1.0000000000000002
0.5797386715376658
1.0000000000000002
0.63532881956691
0.63532881956691
0.6228922682508607
0.6228922682508607
0.8466473536503034
0.8466473536503034
1.0000000000000002
0.7092972666062739
0.7092972666062739
1.0000000000000002
1.0000000000000002
0.7092972666062739
1.0000000000000002
1.0000000000000002
0.7092972666062739
0.8019783064439235
1.0
0.8466473536503034
1.0000000000000002
1.0
1.0
1.0000000000000002
0.6569729210330907
1.0000000000000002
1.0000000000000002
1.0000000000000004
1.0
1.0000000000000007
1.0
0.6694188517266485
0.7523197619890014
0.716811741443062
1.0000000000000002
0.716811741443062
1.0000000000000002
1.0000000000000002
1.0000000000000002
1.0000000000000002
1.0
1.0000000000000002
1.0000000000000002
1.0000000000000002
1.0000000000000002
1.0000000000000002
1.0000000000000002
1.0000000000000002
1.0000000000000002
1.0000000000000002
1.0000000000000002
1.0000000000000002
1.0000000000000002
1.0000000000000002
1.0000000000000002
0.7092972666062739
0.7092972666062739
0.7092972666062739
1.0000000000000002
0.7092972666062739
1.0000000000000002
1.0000000000000002
1.0000000000000002
1.0000000000000002
0.5031026124151314
1.0000000000000002
0.5031026124151314
1.0000000000000002
0.7092972666062739
1.0000000000000002
0.474330706497194
0.6029748160380572
0.5031026124151314
0.6350012214071283
0.8763511049989043
0.6029748160380572
0.7168117414430619
1.0000000000000002
1.0000000000000002
0.40692967455053575
1.0000000000000002
1.0000000000000002
0.5031026124151314
0.5031026124151314
0.6694188517266485
1.0000000000000002
1.0000000000000002
1.0000000000000002
0.45017550232698994
0.5031026124151314
1.0000000000000002
0.7092972666062739
0.39943950178236076
0.39943950178236076
0.5101490193104813
0.39672978313553314
0.5031026124151314
0.7092972666062739
0.4494364165239822
1.0000000000000002
0.2910691023819054
0.583185488089833
0.583185488089833
0.46642559072029655
0.45017550232698994
0.298461777048814
0.7523197619890014
0.8466473536503034
0.7523197619890014
1.0
1.0000000000000002
0.298461777048814
0.905549965094206
0.5031026124151314
0.5031026124151314
0.5250790579579577
0.20199309249791836
0.4272864261970311
0.37997836159100784
0.17077611319011649
0.44943641652398214
0.30412574187549357
0.5101490193104813
0.44943641652398214
0.30412574187549357
0.2605556710562624
0.44943641652398214
0.6735205045780812
0.474330706497194
0.6029748160380572
0.6735205045780812
0.6349798322956081
1.0
0.41120705506761873
0.22028815056182974
0.41120705506761873
0.43927499031635536
0.44943641652398214
0.7799154245579976
0.38087260847594373
0.7523197619890014
1.0000000000000002
1.0000000000000002
1.0
1.0000000000000002
1.0000000000000002
1.0000000000000002
1.0000000000000002
1.0000000000000002
1.0000000000000002
1.0000000000000002
0.7168117414430619
0.5797386715376658
0.7168117414430619
0.6051181215056205
0.5030401867393972
0.4550747482482657
0.5031026124151314
0.7523197619890014
0.5586177528223194
0.5031026124151314
0.5031026124151314
0.7092972666062739
0.7092972666062739
0.38087260847594373
1.0000000000000002
0.7092972666062739
0.7092972666062739
0.38087260847594373
0.7765145304745156
1.0
1.0000000000000002
0.7092972666062739
1.0000000000000002
0.5031026124151314
1.0
0.716811741443062
1.0000000000000002
1.0000000000000002
1.0000000000000002
1.0000000000000002
0.33609692727625756
0.33609692727625756
0.4736820224661604
0.4736820224661604
0.6689625304957968
0.4736820224661604
1.0000000000000002
1.0000000000000002
0.5031026124151314
1.0000000000000002
1.0
1.0000000000000002
0.5245910904457138
0.5245910904457138
0.4112070550676187
0.3636616724108339
0.38087260847594373
0.38064811936200305
0.38064811936200305
0.6029748160380572
0.614746466791819
0.614746466791819
0.6029748160380572
1.0000000000000002
1.0
1.0000000000000002
1.0000000000000002
1.0000000000000004
1.0000000000000004
1.0000000000000004
1.0000000000000002
1.0000000000000002
1.0
1.0
1.0000000000000002
1.0000000000000002
0.26055567105626243
0.2692132253319451
0.7799154245579976
0.8181802073667197
0.6694188517266485
0.26055567105626243
0.34948336002320013
1.0000000000000002
1.0000000000000002
1.0000000000000002
1.0000000000000002
1.0000000000000002
1.0000000000000002
1.0000000000000002
1.0000000000000002
1.0000000000000002
0.7092972666062739
1.0000000000000002
0.4110653709825173
0.7092972666062739
1.0
1.0
1.0000000000000002
0.8181802073667197
1.0000000000000002
1.0000000000000002
0.6029748160380572
1.0000000000000002
1.0000000000000002
1.0000000000000002
0.5803329846765686
0.5803329846765686
1.0000000000000002
1.0000000000000002
1.0000000000000002
1.0000000000000002
1.0
1.0
1.0000000000000002
1.0000000000000002
1.0000000000000002
1.0000000000000002
1.0
1.0
1.0
1.0000000000000002
1.0000000000000002
1.0000000000000004
1.0000000000000002
1.0000000000000002
1.0000000000000002
1.0000000000000002
1.0000000000000002
1.0000000000000002
1.0000000000000002
1.0000000000000004
1.0000000000000002
1.0
1.0000000000000002
1.0000000000000002
1.0000000000000002
1.0000000000000002
1.0000000000000002
1.0000000000000002
1.0000000000000002
0.7092972666062739
1.0000000000000002
1.0000000000000002
0.7092972666062739
0.7092972666062739
0.5031026124151314
0.7092972666062739
0.716811741443062
0.5056055588739691
0.6029748160380572
0.8495766450412413
0.4110653709825173
0.3360969272762575
0.7168117414430619
0.7799154245579976
1.0000000000000002
1.0000000000000002
1.0000000000000002
1.0
1.0
1.0
1.0000000000000002
1.0000000000000002
1.0
0.7168117414430619
1.0000000000000002
0.8955324150715727
1.0000000000000002
0.6029748160380572
0.7523197619890014
0.7168117414430619
0.5918927626373603
0.7609145950390418
0.5803329846765686
1.0000000000000002
1.0000000000000002
0.7092972666062739
1.0000000000000002
1.0000000000000002
1.0000000000000002
1.0000000000000002
1.0000000000000004
1.0000000000000002
1.0000000000000002
1.0000000000000002
1.0000000000000002
1.0000000000000002
1.0000000000000007
1.0000000000000002
1.0000000000000002
1.0000000000000002
1.0000000000000002
1.0000000000000002
1.0000000000000002
1.0000000000000002
1.0000000000000004
1.0
1.0000000000000002
1.0000000000000002
1.0000000000000002
1.0000000000000002
1.0
1.0000000000000002
1.0000000000000002
1.0
1.0000000000000002
1.0000000000000004
1.0000000000000002
1.0000000000000002
1.0000000000000004
1.0000000000000004
1.0000000000000004
1.0000000000000002
1.0
1.0000000000000002
1.0
1.0000000000000002
0.5031026124151314
0.7092972666062739
0.7092972666062739
0.5031026124151314
0.7092972666062739
1.0000000000000002
0.5031026124151314
0.7168117414430619
0.5797386715376658
0.7168117414430619
0.7168117414430619
1.0
0.5031026124151314
1.0000000000000002
1.0000000000000002
0.7092972666062739
1.0000000000000002
0.7092972666062739
1.0000000000000002
0.7092972666062739
1.0000000000000002
1.0000000000000002
1.0000000000000002
1.0
1.0000000000000002
0.49458922320561294
1.0000000000000004
1.0000000000000004
1.0000000000000002
0.7092972666062739
1.0000000000000002
0.5031026124151314
0.5031026124151314
0.7092972666062739
1.0000000000000002
1.0000000000000002
1.0000000000000004
0.7092972666062739
0.7092972666062739
1.0000000000000002
1.0000000000000002
0.5031026124151314
1.0000000000000002
1.0000000000000002
1.0000000000000002
0.474330706497194
0.474330706497194
1.0000000000000002
1.0000000000000002
1.0000000000000002
1.0000000000000002
1.0000000000000002
1.0000000000000002
1.0000000000000002
1.0000000000000007
1.0000000000000007
1.0000000000000002
1.0000000000000002
1.0000000000000002
1.0000000000000002
1.0000000000000002
1.0000000000000002
1.0000000000000002
1.0000000000000002
1.0000000000000002
1.0000000000000002
1.0000000000000002
1.0000000000000002
1.0000000000000002
1.0000000000000002
1.0000000000000002
1.0000000000000002
0.6694188517266485
1.0
1.0000000000000002
1.0
0.8181802073667197
0.6694188517266485
1.0000000000000004
1.0
1.0000000000000002
1.0000000000000002
1.0000000000000002
1.0
1.0
1.0000000000000002
1.0000000000000002
0.5031026124151314
1.0000000000000002
1.0000000000000002
1.0000000000000002
1.0000000000000002
1.0000000000000002
1.0000000000000002
1.0000000000000002
1.0000000000000002
1.0000000000000002
1.0000000000000002
1.0000000000000002
1.0000000000000002
1.0000000000000002
1.0000000000000002
1.0000000000000002
1.0000000000000002
1.0000000000000002
1.0
1.0000000000000002
1.0000000000000002
1.0000000000000002
1.0000000000000002
1.0
1.0000000000000002
1.0000000000000002
1.0000000000000002
1.0000000000000002
1.0000000000000002
1.0000000000000002
1.0
1.0000000000000002
0.7092972666062739
0.40298220897396103
0.6694188517266485
1.0000000000000002
1.0000000000000002
1.0000000000000002
0.474330706497194
0.46598909712311054
0.5797386715376658
0.12735952979479354
0.12735952979479354
0.33609692727625756
1.0000000000000002
1.0000000000000002
1.0
1.0000000000000002
1.0000000000000002
1.0
1.0000000000000002
1.0000000000000002
1.0000000000000009
1.0
1.0
1.0000000000000002
1.0000000000000002
0.8477624970048978
1.0000000000000007
1.0
0.8988856617646737
1.0000000000000002
1.0000000000000002
1.0000000000000002
1.0000000000000002
1.0000000000000002
1.0000000000000002
1.0000000000000002
1.0000000000000002
1.0000000000000002
0.4189067161570913
0.4189067161570913
0.4189067161570913
0.5031026124151314
0.4189067161570913
0.5031026124151314
1.0000000000000002
1.0000000000000004
1.0000000000000004
1.0000000000000002
1.0000000000000004
1.0
1.0
1.0000000000000002
1.0000000000000002
1.0000000000000004
1.0000000000000004
1.0000000000000002
1.0000000000000002
1.0000000000000002
1.0000000000000004
1.0000000000000004
1.0000000000000002
1.0
1.0
1.0000000000000004
1.0000000000000004
0.7357532581618298
0.7357532581618298
1.0000000000000002
1.0
1.0000000000000004
1.0000000000000004
0.5373108407931384
0.5373108407931384
1.0000000000000002
1.0000000000000002
1.0000000000000002
1.0000000000000002
1.0000000000000002
1.0000000000000002
1.0000000000000004
1.0000000000000002
1.0000000000000002
1.0000000000000002
1.0000000000000002
1.0000000000000002
1.0000000000000002
1.0000000000000004
1.0000000000000002
1.0000000000000002
1.0000000000000002
1.0000000000000002
1.0000000000000002
1.0000000000000002
1.0000000000000002
1.0000000000000002
1.0000000000000002
1.0000000000000002
1.0000000000000002
1.0000000000000002
1.0000000000000002
1.0000000000000002
1.0000000000000004
1.0000000000000002
1.0000000000000002
0.7799154245579976
0.7799154245579976
1.0000000000000002
1.0
1.0
1.0000000000000002
1.0000000000000002
1.0000000000000002
1.0000000000000002
0.5031026124151314
1.0000000000000002
1.0000000000000002
0.3563004293331381
1.0000000000000002
1.0000000000000002
1.0000000000000002
1.0000000000000002
1.0000000000000002
1.0000000000000002
0.8673636849609287
1.0
0.8680942667801238
1.0000000000000002
1.0000000000000002
0.33609692727625756
1.0
1.0000000000000002
1.0000000000000002
1.0000000000000002
1.0000000000000002
1.0
1.0
1.0
1.0
1.0
1.0
1.0
1.0
1.0
1.0
1.0000000000000002
1.0000000000000002
1.0000000000000002
1.0000000000000002
1.0000000000000002
1.0000000000000002
1.0000000000000002
1.0000000000000002
1.0000000000000002
1.0000000000000002
1.0000000000000002
1.0000000000000002
1.0000000000000002
1.0000000000000002
1.0000000000000002
1.0000000000000002
1.0000000000000002
1.0000000000000002
1.0000000000000002
1.0000000000000002
1.0000000000000002
1.0
1.0000000000000002
1.0
1.0
1.0000000000000002
1.0
1.0
1.0000000000000002
1.0000000000000002
1.0000000000000002
1.0000000000000002
1.0000000000000002
1.0000000000000002
1.0000000000000002
1.0
1.0
1.0
1.0000000000000002
1.0000000000000002
1.0000000000000002
1.0000000000000002
1.0000000000000002
1.0000000000000002
1.0000000000000002
1.0000000000000002
1.0000000000000002
1.0000000000000002
1.0000000000000002
1.0000000000000002
1.0000000000000002
1.0000000000000002
1.0000000000000002
1.0000000000000002
1.0000000000000002
1.0000000000000002
1.0000000000000002
1.0
1.0000000000000002
1.0000000000000002
1.0000000000000002
1.0000000000000002
1.0000000000000002
1.0000000000000002
1.0000000000000002
1.0000000000000002
1.0000000000000004
1.0000000000000002
1.0000000000000002
1.0000000000000002
1.0000000000000002
1.0000000000000002
1.0000000000000002
0.4112070550676187
1.0
1.0
1.0
0.5586177528223194
0.33609692727625756
0.8673636849609287
0.3677199804697471
0.5797386715376658
0.3322208987247275
0.474330706497194
0.474330706497194
0.4656680593810497
0.3799783615910079
0.5803329846765686
0.6392306240536285
0.8495766450412413
0.6694188517266485
1.0
1.0
1.0000000000000002
1.0000000000000002
1.0000000000000002
1.0000000000000002
1.0
1.0000000000000002
0.20199309249791836
0.3563004293331381
1.0000000000000002
0.5803329846765686
0.8466473536503037
0.5803329846765686
0.5803329846765686
0.5803329846765686
0.5803329846765686
1.0000000000000002
0.7092972666062739
0.3446421410380548
0.24235771956792362
0.5797386715376658
0.4112070550676187
1.0000000000000004
0.7523197619890014
1.0000000000000002
1.0000000000000007
1.0000000000000002
0.7092972666062739
1.0000000000000002
1.0000000000000002
0.7092972666062739
0.8181802073667197
1.0
1.0
1.0000000000000002
0.905549965094206
1.0000000000000002
0.5031026124151314
0.4494364165239822
0.5031026124151314
0.6694188517266485
1.0000000000000002
0.5797386715376658
0.4112070550676187
0.5797386715376658
0.4112070550676187
0.3360969272762575
0.6029748160380572
0.3799783615910079
0.3360969272762575
1.0
1.0
1.0
1.0
1.0000000000000002
1.0000000000000002
1.0
0.716811741443062
0.474330706497194
0.3748077700589726
0.4109954639349511
0.26055567105626243
0.6694188517266485
0.37997836159100784
0.36645513458542556
0.33609692727625756
0.33609692727625756
0.8466473536503037
0.3360969272762575
0.5586177528223194
0.7799154245579976
0.5797386715376658
1.0
1.0000000000000002
1.0000000000000002
1.0000000000000002
1.0000000000000002
1.0000000000000002
1.0000000000000002
1.0000000000000002
1.0000000000000002
1.0000000000000002
1.0000000000000002
1.0000000000000002
0.5031026124151314
0.7092972666062739
0.5031026124151314
1.0000000000000002
1.0
0.8466473536503037
0.8466473536503037
1.0000000000000002
1.0000000000000002
1.0
0.8466473536503037
1.0
1.0
0.5797386715376658
0.5031026124151314
0.5031026124151314
0.5757863613345237
1.0000000000000002
1.0000000000000002
1.0
1.0000000000000002
0.44943641652398214
1.0
1.0
1.0
1.0
1.0
1.0000000000000002
0.716811741443062
1.0000000000000002
1.0000000000000002
0.5797386715376658
1.0000000000000002
0.33609692727625756
0.7092972666062739
0.43161341897075156
0.7192918182472702
0.8466473536503034
0.6694188517266485
0.5023287782256718
0.4494364165239822
0.716811741443062
0.6694188517266485
0.4333009465089471
0.6694188517266485
0.5586177528223194
0.7168117414430619
0.40298220897396103
1.0
1.0
1.0
1.0
0.5023287782256719
0.7168117414430619
1.0000000000000002
1.0000000000000002
1.0
1.0
1.0000000000000002
1.0000000000000002
0.6955424673372476
0.6955424673372476
0.5372071996648297
0.5031026124151314
0.43298219383147973
0.7731076272598563
0.5101490193104813
0.5101490193104813
0.6029748160380572
0.6029748160380572
0.5372071996648297
0.5797386715376658
1.0000000000000004
0.7799154245579976
0.7523197619890014
0.7523197619890014
1.0000000000000002
0.6569729210330907
1.0000000000000002
0.7799154245579976
0.5031026124151314
0.6228922682508607
0.6228922682508607
0.537601087681555
0.537601087681555
0.536892711851518
0.4112070550676187
0.7060777744337089
0.7092972666062739
0.5031026124151314
0.8495766450412413
1.0000000000000002
1.0000000000000002
1.0000000000000002
1.0000000000000004
1.0000000000000004
1.0000000000000002
1.0000000000000002
1.0000000000000002
1.0000000000000002
1.0000000000000002
1.0000000000000002
1.0000000000000004
1.0000000000000002
1.0000000000000004
0.8466473536503034
1.0000000000000004
1.0000000000000002
0.716811741443062
1.0
1.0
1.0
1.0
1.0
0.7523197619890014
0.7523197619890014
0.7523197619890014
0.7523197619890014
1.0000000000000002
1.0000000000000002
0.7523197619890014
1.0
1.0000000000000002
1.0000000000000002
1.0
1.0000000000000002
0.3494699497300859
1.0
0.6029748160380572
1.0000000000000002
0.6694188517266485
1.0000000000000002
1.0000000000000002
0.6694188517266485
0.5098785552331822
1.0000000000000002
1.0000000000000002
1.0000000000000002
1.0000000000000002
0.6029748160380571
0.6327904583679945
0.7168117414430619
0.33609692727625756
1.0000000000000002
0.33609692727625756
0.6694188517266485
0.6327904583679945
0.5586177528223194
0.4826796606496646
0.5797386715376658
0.5797386715376658
0.33609692727625756
1.0000000000000004
1.0000000000000002
1.0
1.0000000000000002
0.40298220897396103
0
0
0.1751280861929285
0.1751280861929285
0.1751280861929285
0
0.44943641652398214
0
0.3799783615910079
0.17077611319011649
0.14649351182365036
0
0.20400761299949288
0.45762416226963265
0.5031026124151314
0.5031026124151314
0.5031026124151314
0.5031026124151314
0.36771998046974713
0.5797386715376658
0.1506401849870651
0.1506401849870651
0.5797386715376658
0.4112070550676187
0.1506401849870651
0.44943641652398214
0.4112070550676187
0.4263728218919759
0.19431434016858148
0.3360969272762575
0.26055567105626243
0.26055567105626243
1.0000000000000002
1.0000000000000002
1.0000000000000002
1.0000000000000002
1.0000000000000002
1.0000000000000002
1.0000000000000002
1.0
0.5031026124151314
0.5031026124151314
0.2605556710562624
0.2605556710562624
1.0000000000000002
0.5031026124151314
1.0000000000000002
1.0000000000000002
0.6327904583679945
0.5803329846765686
0.716811741443062
0.716811741443062
1.0000000000000002
1.0000000000000002
1.0000000000000002
0.5056055588739691
1.0000000000000002
0.6949450440198668
1.0000000000000002
1.0000000000000002
0.8466473536503037
1.0000000000000004
1.0000000000000002
1.0
1.0
1.0
1.0
0.7092972666062739
1.0000000000000002
1.0000000000000002
1.0000000000000002
1.0000000000000002
0.5031026124151314
1.0000000000000002
1.0000000000000002
1.0000000000000002
1.0000000000000002
1.0
1.0000000000000002
1.0000000000000002
1.0
0.7765145304745156
0.7765145304745156
0.7765145304745156
0.7765145304745156
1.0000000000000002
1.0000000000000002
0.5031026124151314
0.5031026124151314
1.0000000000000002
0.5031026124151314
0.8466473536503037
0.8466473536503037
0.8495766450412413
1.0
0.8181802073667197
0.6181142335061833
0.8466473536503037
0.7092972666062739
0.7092972666062739
0.7092972666062739
0.7092972666062739
0.7092972666062739
0.5803329846765686
0.716811741443062
0.5803329846765686
1.0000000000000002
1.0000000000000002
0.8466473536503037
0.6694188517266485
0.7168117414430619
0.7168117414430619
0.8019783064439235
0.6694188517266485
0.6029748160380572
1.0000000000000002
1.0000000000000002
1.0000000000000002
1.0000000000000002
1.0
1.0
1.0000000000000002
1.0000000000000002
1.0000000000000002
1.0
1.0
1.0000000000000002
1.0000000000000002
0.7092972666062739
0.7523197619890014
0.6694188517266485
1.0000000000000002
0.5797386715376658
0.5797386715376658
0.6348087971775132
0.6348087971775132
0.41120705506761873
0.7168117414430619
0.7168117414430619
0.5797386715376658
0.8032002037467096
0.8032002037467096
0.7092972666062739
0.7092972666062739
1.0000000000000002
1.0000000000000002
1.0000000000000002
1.0000000000000002
1.0000000000000002
1.0000000000000002
1.0000000000000002
1.0000000000000002
1.0000000000000002
1.0
0.5803329846765686
1.0
1.0000000000000002
1.0000000000000002
1.0000000000000002
0.7092972666062739
1.0000000000000002
1.0000000000000002
1.0000000000000002
0.7092972666062739
0.7092972666062739
0.7092972666062739
0.8466473536503037
0.8466473536503037
0.8466473536503037
0.716811741443062
0.716811741443062
0.6029748160380572
0.6029748160380572
0.6029748160380572
0.6029748160380572
0.6029748160380572
1.0000000000000002
0.8673636849609287
0.8836351388995085
0.7523197619890014
0.7523197619890014
0.8181802073667197
1.0000000000000002
0.7092972666062739
1.0000000000000002
1.0000000000000002
1.0000000000000002
1.0000000000000002
1.0000000000000002
1.0000000000000002
0.5803329846765686
0.7765145304745156
0.5101490193104813
0.6694188517266485
0.4789125011423486
1.0000000000000002
1.0000000000000002
0.6029748160380572
0.8831282039194523
0.5031026124151314
0.1506401849870651
0.5797386715376658
0.3360969272762575
0.5031026124151314
0.716811741443062
1.0000000000000002
0.7168117414430619
0.6728984701822545
1.0000000000000002
1.0
1.0000000000000002
1.0000000000000002
1.0000000000000002
1.0000000000000002
0.8466473536503034
0.4494364165239822
0.8466473536503034
0.23790309463326234
0.7092972666062739
0.8181802073667197
0.5797386715376658
0
0.5797386715376658
0.6728984701822545
0.7092972666062739
0.4494364165239822
0.8181802073667197
0.5797386715376658
0
0.5797386715376658
1.0000000000000002
1.0000000000000002
1.0000000000000002
1.0000000000000002
0.6735205045780811
1.0000000000000002
1.0000000000000002
1.0000000000000002
1.0000000000000002
1.0
0.3360969272762575
0.3360969272762574
0.6029748160380572
0.3360969272762574
0.6029748160380572
0.3360969272762575
0.3563004293331381
0.7168117414430619
0.22028815056182974
0.23790309463326234
0.7168117414430619
1.0000000000000002
0.4112070550676187
0.37997836159100784
0.7168117414430619
1.0000000000000002
1.0000000000000002
1.0000000000000002
1.0
1.0
0.8495766450412413
1.0
0.8495766450412413
1.0000000000000002
1.0000000000000002
0.5031026124151314
0.8673636849609287
1.0
1.0
1.0
0.6348087971775132
0.5298787228436411
0.6348087971775132
0.5298787228436411
1.0
0.8181802073667197
0.7799154245579976
0.8200207392821179
1.0000000000000002
1.0000000000000002
1.0000000000000002
1.0000000000000002
0.5797386715376658
1.0000000000000002
0.8181802073667197
0.8019783064439235
0.6694188517266485
0.6029748160380572
0.6029748160380572
0.7523197619890014
0.7523197619890014
0.7523197619890014
0.7523197619890014
0.7523197619890014
0.7523197619890014
0.716811741443062
0.7523197619890014
0.7523197619890014
0.7523197619890014
0.716811741443062
0.620127258496865
0.24121360667506989
0.3360969272762575
0.26055567105626243
0.6327904583679945
0.7523197619890014
1.0000000000000004
1.0000000000000002
1.0000000000000002
1.0000000000000002
1.0000000000000002
1.0000000000000002
1.0000000000000002
1.0000000000000004
1.0
0.8181802073667197
0.5797386715376658
1.0000000000000002
1.0000000000000002
1.0000000000000002
1.0000000000000002
1.0000000000000002
1.0000000000000002
1.0000000000000002
1.0000000000000002
1.0
1.0000000000000002
1.0000000000000002
1.0000000000000002
1.0000000000000002
1.0000000000000002
1.0000000000000002
1.0000000000000002
1.0000000000000002
1.0000000000000002
1.0000000000000002
1.0000000000000002
1.0
1.0
1.0000000000000002
1.0000000000000002
1.0000000000000002
1.0
1.0000000000000002
0.8466473536503037
1.0
1.0000000000000002
1.0000000000000002
1.0000000000000002
1.0000000000000002
1.0000000000000002
1.0000000000000002
1.0000000000000002
1.0000000000000002
0.5803329846765686
1.0000000000000004
1.0000000000000004
0.6698277952604175
1.0000000000000002
1.0000000000000002
0.948683298050514
0.5023287782256718
0.5031026124151314
1.0
0.5031026124151314
0.5031026124151314
0.641764556549105
0.7092972666062739
0.7092972666062739
0.7092972666062739
0.5586177528223194
0.5031026124151314
0.5797386715376658
0.7092972666062739
1.0
1.0000000000000002
1.0000000000000002
0.5031026124151314
1.0000000000000002
1.0000000000000002
1.0000000000000002
1.0000000000000002
0.5586177528223194
0.5586177528223194
0.716811741443062
0.7523197619890014
1.0000000000000002
0.8466473536503037
0.8466473536503037
1.0000000000000002
1.0000000000000002
1.0000000000000007
1.0000000000000002
0.8466473536503037
0.8466473536503037
1.0000000000000002
1.0
0.5803329846765686
0.5803329846765686
0.5803329846765686
0.5803329846765686
0.8466473536503037
0.5803329846765686
0.8466473536503037
1.0000000000000002
1.0
0.8466473536503037
0.5803329846765686
0.5803329846765686
0.474330706497194
0.5803329846765686
0.6694188517266485
0.44943641652398214
0.44943641652398214
0.7092972666062739
0.4251241827587344
0.4251241827587344
0.6904920269308479
0.6904920269308479
0.3360969272762575
0.3187840217537793
0.26055567105626243
0.6904920269308479
0.5803329846765686
0.6327904583679949
0.26055567105626243
0.574381354960698
0.574381354960698
0.31526579094433715
0.31526579094433715
0.5797386715376658
0.5797386715376658
0.2910691023819054
0.20199309249791836
0.33609692727625756
0.5803329846765686
0.6029748160380572
0.8495766450412413
0.8466473536503037
1.0000000000000002
1.0000000000000002
1.0000000000000002
1.0000000000000002
1.0000000000000002
1.0000000000000002
1.0
1.0000000000000002
1.0000000000000002
1.0000000000000002
1.0000000000000002
1.0
1.0
1.0000000000000002
1.0000000000000002
1.0
1.0
1.0000000000000002
1.0000000000000002
1.0
1.0000000000000002
1.0000000000000002
1.0
1.0000000000000002
1.0000000000000002
1.0000000000000002
1.0000000000000002
1.0
1.0
1.0000000000000002
1.0000000000000002
1.0
1.0
1.0000000000000002
1.0000000000000002
1.0
1.0
1.0000000000000002
1.0000000000000002
1.0000000000000002
1.0000000000000002
1.0000000000000002
1.0000000000000002
1.0000000000000002
1.0
0.5031026124151314
0.3677199804697471
0.38087260847594373
1.0000000000000002
1.0000000000000002
1.0000000000000002
1.0000000000000002
1.0000000000000002
1.0000000000000002
0.6690736755325348
0.8763511049989043
0.5297337948384737
0.5727393584196196
0.5031026124151314
0.5797386715376658
0.5031026124151314
0.5031026124151314
0.44943641652398214
1.0000000000000002
0.6029748160380572
0.7297276980311307
1.0000000000000002
1.0000000000000002
1.0000000000000004
1.0000000000000004
1.0000000000000002
1.0000000000000002
1.0000000000000002
1.0000000000000002
1.0000000000000002
1.0000000000000002
1.0000000000000002
1.0000000000000002
0.9647638212377325
0.9647638212377325
1.0000000000000002
1.0
1.0000000000000002
1.0000000000000002
1.0
1.0
1.0
0.6029748160380572
1.0000000000000004
0.49458922320561294
0.49458922320561294
0.6194000100245769
1.0000000000000002
1.0000000000000002
0.7092972666062739
0.7092972666062739
1.0000000000000002
0.7092972666062739
0.5031026124151314
1.0000000000000002
1.0000000000000002
1.0000000000000002
1.0000000000000002
1.0
1.0
1.0
0.7092972666062739
0.5031026124151314
1.0000000000000002
0.8586557982260813
0.7168117414430623
0.6029748160380572
1.0000000000000002
1.0
1.0000000000000004
1.0
1.0
1.0000000000000002
1.0000000000000002
1.0000000000000002
1.0000000000000002
1.0000000000000002
1.0000000000000002
1.0000000000000002
1.0000000000000002
1.0000000000000002
1.0
1.0
1.0
1.0
1.0000000000000002
1.0000000000000002
1.0
1.0000000000000002
1.0
1.0
1.0000000000000004
1.0000000000000004
0.7092972666062739
1.0000000000000002
1.0000000000000002
1.0000000000000002
1.0000000000000002
1.0000000000000002
0.7092972666062739
0.7092972666062739
0.7092972666062739
0.7092972666062739
1.0000000000000002
1.0000000000000002
1.0000000000000002
1.0000000000000002
1.0000000000000002
1.0000000000000002
0.7092972666062739
1.0000000000000002
1.0000000000000002
1.0000000000000002
1.0000000000000002
1.0000000000000002
0.5031026124151314
0.7092972666062739
0.7092972666062739
1.0000000000000002
1.0000000000000002
0.41120705506761873
0.6029748160380572
1.0000000000000002
1.0000000000000002
1.0000000000000002
1.0000000000000002
1.0000000000000002
1.0000000000000002
1.0000000000000002
1.0000000000000004
0.5031026124151314
1.0
1.0
0.6029748160380572
0.6029748160380572
0.6644262627030256
0.6644262627030256
0.6644262627030256
0.6644262627030256
1.0000000000000002
1.0000000000000002
1.0000000000000002
0.2256946924331068
0.7523197619890013
1.0000000000000002
1.0000000000000002
1.0000000000000002
1.0000000000000002
1.0000000000000002
1.0000000000000002
1.0000000000000002
0.5797386715376658
1.0
0.5797386715376658
0.41120705506761873
1.0000000000000002
1.0000000000000002
1.0000000000000002
0.7168117414430619
1.0000000000000002
0.6029748160380572
1.0000000000000002
1.0000000000000002
1.0
0.7765145304745156
1.0
0.7765145304745156
1.0
1.0
0.7092972666062739
1.0
1.0
0.7765145304745156
1.0000000000000002
1.0
1.0
1.0
1.0
1.0
1.0000000000000002
1.0000000000000002
1.0000000000000002
1.0000000000000002
1.0
1.0000000000000002
1.0000000000000002
1.0000000000000002
1.0000000000000002
1.0
1.0000000000000002
1.0000000000000002
1.0000000000000002
1.0000000000000002
1.0000000000000002
1.0000000000000002
1.0000000000000002
1.0000000000000002
1.0000000000000002
1.0000000000000002
1.0000000000000002
1.0000000000000002
1.0000000000000002
1.0000000000000002
1.0000000000000002
1.0
0.835049905752098
0.835049905752098
0.7092972666062739
1.0000000000000002
1.0000000000000002
1.0000000000000002
1.0000000000000002
0.6764792400877004
0.5101490193104813
0.5101490193104813
0.4552018457650676
0.8181802073667197
0.8181802073667197
0.7092972666062739
0.5101490193104813
0.4888908902652617
1.0
1.0
0.8477624970048978
0.8477624970048978
1.0000000000000002
0.6029748160380572
0.6029800848870552
0.7578488423364447
0.8495766450412413
0.7578488423364447
0.6029800848870552
0.8955324150715727
0.8955324150715727
0.8466473536503037
0.8955324150715727
0.8495766450412413
1.0000000000000002
0.7092972666062739
0.5031026124151314
0.7092972666062739
1.0000000000000002
1.0000000000000002
1.0000000000000002
1.0000000000000002
1.0000000000000002
1.0000000000000002
1.0000000000000002
0.7092972666062739
1.0000000000000002
1.0000000000000002
1.0000000000000002
0.7092972666062739
0.7092972666062739
0.7092972666062739
0.7092972666062739
0.5031026124151314
1.0000000000000002
0.7092972666062739
0.5031026124151314
1.0000000000000002
1.0000000000000002
0.5031026124151314
0.7168117414430619
0.716811741443062
0.7474073540060464
1.0000000000000002
1.0000000000000004
0.33609692727625756
0.6029748160380572
0.7327068970668786
0.8466473536503034
0.6029748160380572
0.6029748160380572
0.474330706497194
0.6029748160380572
1.0
0.43927499031635536
0.44943641652398214
1.0000000000000002
1.0000000000000002
1.0000000000000002
1.0000000000000002
1.0
1.0000000000000002
1.0000000000000002
1.0000000000000002
1.0000000000000002
1.0000000000000002
1.0
1.0
0.7799154245579976
1.0000000000000002
1.0000000000000002
1.0000000000000002
1.0000000000000002
0.8181802073667197
1.0000000000000002
0.8344777154850027
0.8181802073667197
1.0
0.8344777154850027
0.7092972666062738
1.0
1.0000000000000002
1.0000000000000004
0.5415443207343177
0.5031026124151314
0.7799154245579976
0.4826796606496646
0.5023287782256719
0.3360969272762575
0.38087260847594373
0.7092972666062739
1.0000000000000002
1.0000000000000002
1.0000000000000002
1.0000000000000002
1.0000000000000002
1.0000000000000002
1.0000000000000002
0.7092972666062739
0.7092972666062739
0.7092972666062739
1.0
1.0
1.0
1.0
1.0
0.8466473536503037
0.5803329846765686
0.7765145304745156
0.6694188517266485
0.5031026124151314
0.5031026124151314
1.0000000000000002
1.0000000000000002
1.0000000000000002
1.0
0.368023208756115
0.33609692727625756
0.6348087971775132
1.0000000000000002
1.0000000000000002
1.0000000000000002
1.0000000000000002
1.0000000000000002
1.0000000000000002
1.0000000000000002
1.0000000000000002
1.0000000000000002
1.0000000000000002
1.0000000000000002
1.0000000000000002
1.0000000000000002
