1.0
0.33517574332792605
0.6029748160380572
0.29121941856368966
0.6029748160380572
0.3799783615910079
0.6029748160380572
1.0000000000000002
0.6392306240536286
1.0000000000000002
1.0000000000000002
1.0000000000000002
1.0000000000000002
1.0000000000000002
1.0000000000000002
0.5031026124151314
0.5031026124151314
0.38087260847594373
1.0000000000000002
0.7092972666062739
0.5797386715376658
0.5797386715376658
0.5031026124151314
0.38087260847594373
1.0000000000000002
0.7092972666062739
1.0000000000000002
1.0000000000000002
1.0000000000000002
0.4494364165239822
1.0000000000000004
1.0
0.7799154245579976
0.8019783064439235
1.0000000000000002
1.0000000000000004
1.0000000000000002
1.0000000000000002
0.5031026124151314
1.0000000000000002
0.716811741443062
0.6029748160380572
1.0000000000000002
0.7168117414430619
0.5031026124151314
0.8019783064439235
1.0000000000000002
1.0
1.0000000000000002
1.0
1.0000000000000004
0.7092972666062739
0.7092972666062739
0.3799783615910079
0.5797386715376658
0.4003049304002399
0.2523342014336961
0.7090528735856639
0.6029748160380572
0.7168117414430619
1.0
0.5031026124151314
0.387556981443423
0.5031026124151314
0.6392306240536285
0.6029748160380572
1.0000000000000002
1.0000000000000002
1.0000000000000002
0.5056055588739692
0.5905940088580994
0.4494364165239822
0.609616497320318
0.5031026124151314
0.5031026124151314
0.5797386715376658
1.0000000000000002
1.0000000000000002
1.0000000000000002
1.0000000000000002
1.0000000000000002
0.5797386715376658
0.5023287782256719
0.3360969272762575
0.5023287782256718
0.3360969272762575
0.5023287782256718
0.41120705506761873
1.0000000000000002
0.317107466580271
0.7523197619890013
0.7092972666062739
0.6887753976699389
0.7090528735856639
0.7092972666062739
1.0000000000000002
1.0000000000000002
1.0000000000000002
0.8181802073667197
1.0000000000000002
1.0000000000000002
0.7765145304745156
0.7523197619890014
0.957841488692319
0.957841488692319
0.7092972666062739
0.7092972666062739
0.5797386715376658
1.0000000000000002
1.0
0.6029748160380572
0.5797386715376658
0.5023287782256719
0.5797386715376658
0.5023287782256719
0.3720557314537373
0.38087260847594373
0.5797386715376658
0.5797386715376658
0.28522744186748983
0.7765145304745156
0.5101490193104813
0.5101490193104813
0.3187840217537793
0.6694188517266485
0.7092972666062739
0.5031026124151314
0.7799154245579976
0.7799154245579976
0.7799154245579976
0.7799154245579976
1.0000000000000002
1.0000000000000002
0.3360969272762575
0.5031026124151314
0.5031026124151314
0.6029748160380572
1.0
1.0000000000000002
1.0000000000000002
0.3360969272762575
1.0
1.0000000000000002
0.6029748160380572
1.0000000000000002
0.5797386715376658
1.0000000000000002
1.0000000000000002
1.0000000000000002
1.0000000000000002
1.0000000000000002
1.0000000000000002
1.0
1.0
1.0000000000000002
0.5031026124151314
0.7092972666062739
0.7092972666062739
1.0000000000000002
1.0000000000000002
0.7092972666062739
1.0000000000000002
1.0000000000000002
0.33609692727625756
1.0
1.0000000000000002
0.5101490193104813
0.5101490193104813
0.5101490193104813
1.0000000000000002
1.0000000000000002
1.0000000000000002
1.0000000000000002
0.6029748160380572
0.5797386715376658
0.8816114554784319
0.8816114554784319
1.0000000000000002
1.0000000000000002
1.0000000000000002
0.7092972666062739
1.0000000000000002
1.0
1.0
0.6392306240536285
0.6392306240536285
0.3563004293331381
0.6029748160380572
0.6029748160380572
0.6029748160380572
0.6029748160380572
0.5031026124151314
1.0
1.0000000000000002
0.716811741443062
1.0
0.8019783064439234
0.5689275447725676
0.6953572570566552
1.0000000000000002
1.0000000000000002
1.0000000000000002
1.0000000000000002
1.0000000000000002
1.0000000000000002
0.27627499845935416
0.6029748160380572
0.6029748160380572
1.0000000000000002
1.0000000000000002
1.0000000000000002
0.4112070550676187
1.0000000000000002
1.0000000000000002
1.0000000000000002
1.0000000000000002
1.0000000000000002
1.0000000000000002
0.27627499845935416
0.6029748160380572
0.6029748160380572
1.0000000000000002
1.0000000000000002
1.0000000000000002
0.4112070550676187
0.5797386715376658
0.5797386715376658
0.6029748160380572
0.3360969272762575
0.7765145304745156
0.7168117414430619
0.43161341897075156
0.5803329846765686
1.0
1.0
0.6029748160380572
0.5803329846765686
0.5101490193104813
1.0000000000000002
0.6029748160380572
0.8019783064439234
0.8019783064439234
1.0
1.0000000000000002
1.0000000000000002
0.5381385939035184
1.0000000000000002
1.0000000000000002
1.0000000000000002
1.0000000000000002
1.0000000000000002
1.0
1.0
0.4112070550676187
0.4112070550676187
0.4112070550676187
0.4112070550676187
1.0
1.0000000000000002
1.0000000000000002
1.0000000000000002
1.0000000000000002
0.7523197619890014
0.15055696960204953
0.3720557314537373
0.5697077090551432
0.7168117414430619
0.7168117414430619
0.7765145304745156
0.6029748160380572
0.5245910904457138
0.835049905752098
1.0000000000000002
0.7799154245579976
0.6029748160380571
1.0000000000000002
1.0000000000000002
1.0000000000000002
0.8466473536503034
0.716811741443062
0.6321724880145828
0.8586557982260813
0.8466473536503037
0.8586557982260813
1.0000000000000002
1.0000000000000002
1.0000000000000002
1.0000000000000002
0.5918927626373603
0.42898873118158365
0.7092972666062739
1.0000000000000002
1.0
0.5023287782256719
0.5031026124151314
1.0000000000000002
1.0000000000000002
0.771651025060578
0.771651025060578
0.9428090415820636
0.9428090415820636
0.4736820224661604
0.4736820224661604
0.9428090415820636
0.9428090415820636
0.8032002037467096
0.7092972666062739
0.5031026124151314
1.0000000000000002
0.716811741443062
1.0000000000000002
1.0
1.0000000000000002
0.7765145304745156
0.7765145304745156
0.7765145304745156
0.7765145304745156
0.7765145304745156
0.7168117414430619
0.7765145304745156
0.5507796339456279
1.0000000000000002
1.0000000000000002
0.5031026124151314
0.5031026124151314
1.0000000000000004
1.0000000000000004
1.0000000000000004
1.0000000000000004
1.0000000000000004
0.31799766166594773
0.31799766166594773
0.6827531502984261
0.6827531502984261
0.6694188517266485
0.6181142335061833
0.6327904583679945
0.5101490193104813
0.44943641652398214
0.1757860783933462
0.5245910904457137
0.28843236254753224
0.22576484600261607
0.22547715579776195
1.0000000000000002
1.0000000000000002
0.6694188517266485
1.0000000000000002
0.6694188517266485
1.0000000000000002
1.0000000000000002
1.0000000000000002
1.0000000000000002
0.6029748160380572
0.5031026124151314
0.5031026124151314
1.0
0.6029748160380572
0.33609692727625756
0.41120705506761873
0.41120705506761873
0.41120705506761873
1.0000000000000002
0.33609692727625756
1.0000000000000002
0.6029748160380572
0.6694188517266485
0.6569729210330907
0.7327068970668786
1.0000000000000002
0.6694188517266485
0.6694188517266485
0.6181142335061833
1.0
1.0000000000000002
1.0000000000000002
0.776193897524313
0.26951761324603224
0.5031026124151314
0.4112070550676187
0.4112070550676187
0.38930418740997064
0.4112070550676187
0.5499883949217763
0.4112070550676187
0.26055567105626243
1.0000000000000002
0.6181142335061833
0.5031026124151314
0.5031026124151314
0.5031026124151314
0.5031026124151314
0.5797386715376658
1.0000000000000002
0.7092972666062738
0.7092972666062739
1.0000000000000002
1.0000000000000002
0.5101490193104813
0.7092972666062738
0.732104920251224
0.41120705506761873
0.5031026124151314
0.8181802073667197
0.7092972666062739
0.5031026124151314
1.0000000000000002
0.6029748160380572
1.0
1.0
1.0
1.0000000000000002
0.7090528735856639
0.755474439421554
1.0
1.0
0.6690736755325349
0.4613958558609207
0.5031026124151314
1.0000000000000004
0.7092972666062739
0.3360969272762575
1.0000000000000002
0.4656462190988998
0.5797386715376658
0.35630042933313816
0.6735205045780812
0.3187840217537793
0.7092972666062739
1.0000000000000002
1.0000000000000002
1.0000000000000002
0.7092972666062739
1.0000000000000002
0.41120705506761873
0.5101490193104813
0.7941021852914736
0.7941021852914736
0.7092972666062739
0.5797386715376658
0.5797386715376658
0.6728984701822545
0.6728984701822545
0.7092972666062739
0.5797386715376658
1.0000000000000002
0.7523197619890014
1.0000000000000002
1.0
1.0000000000000002
1.0000000000000002
1.0000000000000002
0.5031026124151314
0.5031026124151314
0.7092972666062739
0.5031026124151314
0.5031026124151314
0.5031026124151314
0.5031026124151314
0.5797386715376658
0.6694188517266485
0.6694188517266485
0.474330706497194
0.474330706497194
0.5883635900492964
0.33609692727625756
0.5031026124151314
0.6694188517266485
0.7092972666062739
0.716811741443062
0.716811741443062
1.0000000000000002
1.0000000000000004
1.0000000000000002
1.0000000000000002
0.474330706497194
0.33609692727625756
0.5797386715376658
0.5797386715376658
0.7092972666062739
0.6827531502984261
0.6194000100245769
0.5031026124151314
0.5697077090551435
0.7092972666062739
1.0000000000000002
0.8571428571428574
0.44990914555967376
0.5499883949217763
0.7765145304745156
0.6694188517266485
1.0
0.7765145304745156
0.7765145304745156
0.7765145304745156
0.34464214103805485
0.5031026124151314
1.0000000000000002
0.7092972666062739
0.7092972666062739
0.7092972666062739
1.0000000000000002
0.7523197619890014
1.0000000000000002
1.0000000000000002
0.41120705506761873
0.7092972666062739
0.7092972666062739
0.7092972666062739
1.0
0.7168117414430619
0.5031026124151314
0.7092972666062739
0.5797386715376658
0.5023287782256718
0.6029748160380572
0.6029748160380572
0.732104920251224
0.3748077700589727
0.6029748160380572
0.7092972666062739
1.0000000000000002
0.8673636849609287
0.4501755023269898
0.7765145304745156
0.8181802073667197
0.6029748160380572
0.7765145304745156
0.7092972666062739
0.7092972666062739
0.4112070550676187
0.5883635900492963
1.0
1.0
1.0
0.2605556710562624
0.5918927626373603
0.6827531502984261
0.4494364165239822
0.6114610473261946
0.6114610473261946
0.4645548689554573
0.4645548689554573
0.5905940088580992
0.6728984701822545
0.7092972666062739
1.0000000000000002
0.5803329846765686
0.6694188517266485
1.0
1.0000000000000002
0.6029748160380572
0.7168117414430619
0.5803329846765686
0.5803329846765686
0.3677199804697471
0.33609692727625756
1.0000000000000002
0.7523197619890014
0.6694188517266485
0.4285693450091423
0.4285693450091423
0.8019783064439239
1.0
1.0000000000000002
1.0000000000000002
1.0000000000000002
1.0000000000000002
1.0
0.5031026124151314
1.0000000000000002
0.6694188517266485
1.0
0.716811741443062
0.5031026124151314
1.0000000000000002
1.0000000000000002
1.0000000000000002
1.0000000000000002
1.0000000000000002
0.5031026124151314
0.7092972666062739
0.716811741443062
0.5797386715376658
0.5031026124151314
0.41036264495218466
0.5797386715376658
0.7023516750117405
0.7092972666062739
0.5031026124151314
1.0000000000000002
0.7523197619890014
1.0
1.0
0.474330706497194
0.474330706497194
0.5101490193104813
0.7092972666062739
0.7092972666062739
0.7092972666062739
0.948683298050514
0.4112070550676187
1.0000000000000002
1.0000000000000002
0.5031026124151314
0.7092972666062739
1.0000000000000002
1.0000000000000002
1.0000000000000002
1.0000000000000002
0.7092972666062739
1.0000000000000002
0.5031026124151314
0.5031026124151314
1.0000000000000002
0.5031026124151314
0.5031026124151314
1.0000000000000002
0.5031026124151314
1.0000000000000002
1.0000000000000002
0.4501755023269898
0.7092972666062739
1.0000000000000002
1.0000000000000002
1.0000000000000002
1.0000000000000002
1.0000000000000002
0.7092972666062739
0.6029748160380572
1.0000000000000002
1.0000000000000002
0.27423415918033694
0.6694188517266485
0.6029748160380572
0.7765145304745156
0.7765145304745156
0.8019783064439234
1.0000000000000002
0.32960336003563334
0.24121360667506989
1.0000000000000002
1.0
0.6694188517266485
0.6694188517266485
0.6827531502984261
0.6827531502984261
0.41036264495218466
0.35630042933313816
0.38087260847594373
1.0000000000000002
0.7765145304745156
0.36771998046974713
0.7765145304745156
0.5101490193104813
0.4552018457650676
1.0
0.2623720290848377
0.8181802073667197
1.0000000000000002
0.41120705506761873
0.5697077090551435
0.45005891304534623
0.45005891304534623
0.1757860783933462
1.0000000000000002
1.0000000000000002
1.0000000000000002
0.6327904583679947
0.7092972666062739
0.5031026124151314
1.0000000000000002
0.5031026124151314
1.0000000000000002
1.0000000000000002
0.5031026124151314
0.716811741443062
0.8466473536503034
1.0000000000000002
0.5031026124151314
0.7092972666062739
0.7092972666062739
0.7092972666062739
1.0000000000000002
0.42305136624080664
0.6728984701822545
0.5797386715376658
0.732104920251224
0.5029292651136352
0.41120705506761873
1.0000000000000002
0.6735205045780812
0.6608048914803657
1.0000000000000002
1.0000000000000002
1.0000000000000002
0.6181142335061833
0.43161341897075156
0.6225407468137513
0.3360969272762575
0.6225407468137513
0.6827531502984261
0.5023287782256719
0.31125746752705374
0.4333009465089471
1.0000000000000002
1.0
0.3901052651831878
0.6029748160380572
0.6029748160380572
0.6029748160380572
0.5031026124151314
0.5803329846765686
0.3563004293331381
0.33609692727625756
0.5803329846765686
0.33609692727625756
0.33609692727625756
0.40347057701869526
0.26055567105626243
1.0000000000000002
1.0000000000000002
0.716811741443062
0.33609692727625745
0.5031026124151314
0
0.6029748160380572
0.7523197619890014
0.33609692727625756
0.44943641652398214
0.5797386715376658
1.0
0.3360969272762575
0.5297337948384737
0.6050614264813995
0.6050614264813995
1.0000000000000002
1.0000000000000004
0.4494364165239821
0.4494364165239821
0.5031026124151314
0.5031026124151314
0.8477624970048975
0.7862881683165714
0.8466473536503034
0.3561776636856882
0.8181802073667197
0.5376010876815549
0.6728984701822545
1.0000000000000002
1.0000000000000002
1.0000000000000002
0.6029748160380572
0.2605556710562624
0.5499883949217763
0.5031026124151314
0.7092972666062739
0.7092972666062739
0.634414761754568
0.634414761754568
0.634414761754568
0.6694188517266485
0.8014841898869768
0.8014841898869768
1.0000000000000002
0.5031026124151314
0.8466473536503037
0.7324075908255661
0.6694188517266485
0.6827531502984261
1.0000000000000002
1.0000000000000002
1.0000000000000002
0.6029748160380572
1.0
1.0
1.0
1.0000000000000002
1.0000000000000002
0.6029748160380572
0.7092972666062739
0.41120705506761873
1.0000000000000002
0.732104920251224
0.340582245353525
0.7092972666062739
1.0000000000000002
0.5031026124151314
0.5031026124151314
1.0000000000000002
1.0000000000000002
0.7092972666062739
0.5031026124151314
0.27627499845935416
1.0000000000000002
0.6029748160380572
1.0
1.0000000000000002
1.0000000000000002
0.7523197619890014
0.7523197619890014
0.5056055588739691
0.5056055588739691
0.9207401897413285
0.9207401897413285
0.773675369346877
0.773675369346877
0.9207401897413285
0.9207401897413285
1.0
0.5193879933129156
0.6735205045780812
0.7168117414430619
0.7765145304745158
0.36127428445688836
0.7092972666062738
0.35547677795468396
0.29121941856368966
0.6225407468137513
0.776193897524313
1.0000000000000002
1.0000000000000002
1.0
1.0
0.6728984701822545
1.0000000000000002
1.0000000000000002
1.0
1.0000000000000002
0.6694188517266485
0.36311001193313747
0.7765145304745156
0.43161341897075156
0.7765145304745156
0.6694188517266485
0.7523197619890014
0.5803329846765686
0.7092972666062739
0.5031026124151314
0.5801330271442869
0.6694188517266485
0.5803329846765686
0.5031026124151314
0.5586177528223194
1.0000000000000002
0.716811741443062
0.5586177528223194
1.0000000000000002
0.7523197619890014
0.4112070550676186
0.4112070550676186
0.4112070550676186
0.4112070550676186
0.4112070550676186
0.7523197619890014
0.7523197619890014
0.7799154245579976
0.4112070550676186
0.4112070550676186
0.6029748160380571
0.4112070550676186
0.5031026124151314
0.4809731079601445
0.8466473536503034
0.4112070550676186
0.7523197619890014
0.4112070550676186
0.41120705506761873
1.0000000000000002
1.0000000000000002
0.5031026124151314
0.4112070550676186
1.0000000000000002
1.0000000000000002
1.0000000000000002
1.0
1.0000000000000002
1.0000000000000002
1.0000000000000002
1.0000000000000002
1.0
1.0000000000000002
1.0000000000000002
1.0000000000000002
1.0000000000000002
0.4003049304002399
0.7092972666062739
0.7092972666062739
0.6029748160380572
0.7092972666062739
0.7092972666062739
0.4112070550676187
0.33609692727625756
0.474330706497194
0.44943641652398214
0.33609692727625756
1.0000000000000002
1.0000000000000002
1.0000000000000002
1.0000000000000002
1.0000000000000002
1.0000000000000002
1.0000000000000002
1.0000000000000002
1.0000000000000002
1.0000000000000002
1.0000000000000002
1.0000000000000002
1.0000000000000002
1.0000000000000002
1.0000000000000002
1.0000000000000002
1.0000000000000002
1.0000000000000002
1.0000000000000002
1.0000000000000002
0.5031026124151314
0.5031026124151314
0.5797386715376658
1.0
0.5031026124151314
0.6327904583679945
0.7092972666062739
1.0000000000000002
1.0000000000000002
0.7092972666062739
0.5031026124151314
1.0000000000000002
0.7092972666062739
0.5031026124151314
1.0000000000000002
0.5031026124151314
0.5031026124151314
0.5031026124151314
0.5031026124151314
0.5031026124151314
0.5031026124151314
1.0000000000000002
0.5031026124151314
1.0000000000000002
0.5031026124151314
1.0000000000000002
0.5031026124151314
0.33609692727625756
0.5797386715376658
0.474330706497194
0.4726991518529401
0.44943641652398214
0.7765145304745156
0.6029800848870552
0.46564621909889997
0.7168117414430619
0.379978361591008
0.7092972666062739
0.5031026124151314
0.5031026124151314
0.5031026124151314
0.5031026124151314
0.5031026124151314
0.41036264495218466
0.41036264495218466
0.41036264495218466
0.6415817207015067
0.41036264495218466
0.41036264495218466
0.41036264495218466
0.41036264495218466
0.41036264495218466
0.6569729210330907
0.7168117414430619
1.0000000000000002
1.0
1.0000000000000002
0.905549965094206
0.8466473536503034
1.0
1.0000000000000002
0.5031026124151314
0.4552018457650676
0.7168117414430619
0.5245910904457137
0.5803329846765686
0.7799154245579976
0.716811741443062
1.0000000000000002
0.7092972666062739
0.5697077090551435
0.7092972666062739
1.0000000000000002
1.0000000000000002
0.7092972666062739
1.0000000000000002
1.0
1.0000000000000002
1.0
0.5376010876815549
0.6194000100245769
0.755474439421554
0.5031026124151314
0.4576241622696326
0.4576241622696326
0.8836351388995087
0.7900322566465156
0.43161341897075156
0.43161341897075156
1.0
0.5031026124151314
0.5031026124151314
0.7092972666062739
0.7092972666062739
1.0000000000000002
1.0000000000000002
0.5031026124151314
0.5031026124151314
0.5031026124151314
0.5031026124151314
0.5031026124151314
0.5031026124151314
1.0000000000000002
1.0000000000000002
0.6728984701822545
1.0000000000000002
0.6694188517266485
0.474330706497194
0.8181802073667197
0.6029748160380571
0.7168117414430619
0.36098742132325357
0.4109954639349511
1.0
0.5911225524640705
0.5193879933129156
0.5586177528223194
0.6029748160380571
0.7168117414430619
0.6029748160380571
0.45762416226963265
1.0
0.5031026124151314
0.7799154245579976
0.6029748160380572
0.6787551892030776
1.0000000000000002
0.36098742132325357
0.4112070550676186
0.6029748160380572
1.0000000000000002
1.0000000000000002
0.829541603408376
0.829541603408376
1.0000000000000002
0.7168117414430619
0.7168117414430619
1.0
0.5586177528223194
0.7523197619890014
0.755474439421554
1.0
1.0
0.33609692727625756
1.0000000000000002
0.716811741443062
1.0000000000000004
0.5031026124151314
0.4112070550676187
0.4112070550676187
0.5797386715376658
0.7523197619890014
0.716811741443062
0.7523197619890014
0.716811741443062
0.3298945456645008
0.6694188517266485
0.5803329846765686
0.35280035882873273
0.2910691023819054
0.6392306240536285
1.0000000000000002
0.5031026124151314
0.27894254532582513
1.0000000000000004
1.0000000000000004
0.7523197619890014
0.7523197619890014
0.5797386715376658
0.5797386715376658
0.6694188517266485
0.716811741443062
0.37997836159100784
0.5797386715376658
0.43161341897075156
0.45026814465562653
0.28530619098136084
0.40298220897396103
0
0.33517574332792605
0.6029748160380572
0.5803329846765686
0.5031026124151314
0.5586177528223194
0.40298220897396103
0.6029748160380572
0.7765145304745156
0.7799154245579976
0.4501755023269898
1.0000000000000002
0.716811741443062
0.716811741443062
0.5031026124151314
0.5031026124151314
0.5031026124151314
0.5031026124151314
0.5797386715376658
0.5056055588739691
0.8901087250340666
0.8901087250340666
0.5918927626373602
0.33609692727625745
0.5031026124151314
0.5031026124151314
1.0000000000000004
0.716811741443062
0.716811741443062
0.716811741443062
0.7523197619890014
0.716811741443062
1.0000000000000002
1.0000000000000002
1.0
1.0000000000000002
1.0000000000000002
1.0000000000000002
0.732104920251224
0.5465828612804853
0.7031727059663412
0.6481633968999558
0.6476308251809643
0.6225407468137513
0.379978361591008
0.4736820224661605
1.0000000000000002
1.0000000000000002
1.0000000000000002
1.0000000000000002
0.7168117414430619
0.5797386715376658
0.7168117414430619
0.7523197619890014
0.2695176132460322
0.5101490193104813
0.43161341897075156
0.6694188517266485
0.6694188517266485
1.0000000000000002
0.7092972666062739
0.7092972666062739
0.7092972666062739
1.0000000000000002
0.5031026124151314
0.5031026124151314
0.7092972666062739
1.0
0.4393387340463309
0.49790411596993445
0.8181802073667197
0.5056055588739692
0.7765145304745156
0.5056055588739691
0.7765145304745156
1.0
0.7765145304745156
0.7092972666062738
0.4494364165239821
0.4576241622696326
0.33609692727625745
0.5757863613345238
0.8181802073667197
0.4826796606496646
0.7092972666062739
0.4112070550676187
0.6694188517266485
0.6694188517266485
0.6029748160380571
0.4112070550676186
0.5031026124151314
1.0000000000000002
1.0000000000000002
1.0000000000000002
0.7523197619890014
0.7092972666062739
0.7092972666062739
0.7092972666062739
0.7092972666062739
1.0000000000000002
1.0000000000000002
1.0
1.0
1.0000000000000002
1.0000000000000002
1.0
1.0000000000000002
0.7168117414430619
0.7168117414430619
0.716811741443062
0.6029748160380572
0.6029748160380571
1.0000000000000004
0.6029748160380571
0.4795818201875527
0.716811741443062
0.6029748160380572
0.7765145304745156
0.6029748160380571
0.5031026124151314
1.0000000000000002
1.0000000000000002
1.0000000000000002
1.0000000000000002
0.7092972666062739
0.5031026124151314
0.5031026124151314
0.7092972666062739
0.5031026124151314
0.7523197619890014
1.0000000000000002
0.6029748160380572
1.0000000000000002
1.0000000000000002
1.0000000000000002
1.0000000000000002
1.0000000000000002
0.5031026124151314
1.0000000000000002
1.0000000000000002
1.0000000000000002
1.0
1.0000000000000002
1.0000000000000002
1.0000000000000002
1.0000000000000002
1.0000000000000002
1.0000000000000004
1.0000000000000004
0.7523197619890014
0.4744932943426848
0.4576241622696326
0.3360969272762575
0.5031026124151314
0.24963549414381236
0.22576484600261607
0.7092972666062739
1.0000000000000002
0.36098742132325357
0.5803329846765686
0.8673636849609289
0.8673636849609289
0.5465828612804853
0.5193879933129156
1.0000000000000002
1.0000000000000002
0.7092972666062739
0.835049905752098
0.835049905752098
1.0000000000000002
0.6694188517266485
0.6029748160380572
0.8200207392821179
0.8200207392821179
1.0000000000000002
1.0000000000000002
1.0000000000000007
0.6327904583679949
0.3467689721338578
0.48719090398246867
0.48719090398246867
0.48719090398246867
0.6476308251809643
1.0000000000000002
1.0
1.0000000000000002
0.7092972666062739
1.0000000000000002
1.0
1.0000000000000002
1.0000000000000002
0.5797386715376658
1.0
0.5023287782256719
0.7092972666062739
1.0000000000000002
1.0000000000000002
0.7092972666062739
1.0000000000000002
1.0000000000000002
1.0000000000000002
1.0000000000000002
1.0000000000000002
0.7092972666062739
1.0000000000000002
0.5029292651136352
1.0000000000000002
0.7765145304745156
1.0000000000000002
1.0
1.0000000000000002
1.0000000000000002
1.0000000000000002
0.6029748160380572
0.8477624970048978
0.8477624970048978
1.0000000000000002
1.0000000000000002
0.4003049304002399
1.0
0.732104920251224
0.9428090415820636
0.9428090415820636
0.6685014601763077
0.9428090415820636
0.9428090415820636
0.4003049304002399
1.0000000000000002
1.0000000000000002
1.0000000000000002
1.0000000000000002
0.8466473536503034
0.7092972666062739
0.7092972666062739
1.0000000000000002
0.8466473536503034
0.8466473536503034
0.5499883949217763
1.0000000000000002
1.0000000000000002
0.5499883949217763
0.3360969272762575
0.7765145304745156
0.7523197619890014
0.5803329846765686
1.0
1.0
0.3360969272762575
0.44943641652398214
0.44943641652398214
0.6029748160380572
1.0000000000000002
0.41120705506761873
1.0000000000000002
0.41120705506761873
0.5571454418860056
0.5571454418860056
0.5571454418860056
1.0000000000000002
1.0000000000000002
0.7731076272598564
1.0000000000000002
1.0000000000000002
0.3677199804697471
0.6685014601763077
0.474330706497194
1.0000000000000002
1.0000000000000002
0.5031026124151314
1.0000000000000002
1.0000000000000002
1.0000000000000002
0.33609692727625756
1.0000000000000002
0.5797386715376658
0.41036264495218466
0.5031026124151314
0.6029748160380572
0.48097310796014436
0.40298220897396103
0.7092972666062739
0.5031026124151314
0.7092972666062739
1.0000000000000002
0.7092972666062739
0.5803329846765686
0.5803329846765686
0.5803329846765686
0.6327904583679945
0.7523197619890014
0.474330706497194
0.33609692727625756
0.7523197619890014
0.6029748160380572
1.0000000000000002
0.5797386715376658
0.3360969272762575
0.4656462190988998
0.5684901084069617
0.5031026124151314
0.5031026124151314
1.0000000000000002
0.6029748160380572
0.6029748160380572
0.8181802073667197
0.474330706497194
0.8951174760884734
0.8951174760884734
0.6827531502984261
1.0000000000000002
0.38087260847594373
0.38087260847594373
0.716811741443062
0.4501755023269897
0.40735260428856745
0.5548556914538668
0.5101490193104813
0.6827531502984261
0.41120705506761873
0.3360969272762575
0.40298220897396103
0.5031026124151314
0.6827531502984261
0.8096229161544017
0.7092972666062739
0.7092972666062739
0.5031026124151314
0.7092972666062739
0.7092972666062739
1.0000000000000002
0.7092972666062739
1.0000000000000002
1.0000000000000002
0.7092972666062739
0.7523197619890014
0.2605556710562624
0.7168117414430619
0.4003049304002399
0.38755725536725033
0.47538728442762657
0.6953572570566551
0.368023208756115
0.7168117414430619
0.38755725536725033
0.5697077090551435
1.0000000000000002
1.0000000000000002
1.0000000000000002
0.7523197619890014
0.4112070550676187
0.41120705506761873
0.41120705506761873
0.6569729210330906
0.2523342014336961
1.0
1.0000000000000002
1.0000000000000002
0.7765145304745156
1.0000000000000002
0.7523197619890014
1.0000000000000002
0.5368927118515179
0.7523197619890014
0.5381385939035186
0.5381385939035186
0.8466473536503037
1.0
0.6029748160380572
0.7765145304745156
1.0000000000000002
0.5031026124151314
1.0000000000000002
0.5031026124151314
0.5031026124151314
0.7092972666062739
0.8466473536503037
0.5031026124151314
0.5031026124151314
0.43161341897075156
0.5803329846765686
0.43161341897075156
0.7092972666062739
0.7765145304745156
1.0
0.38755725536725033
0.3187840217537793
0.5101490193104813
0.46564621909889997
0.4211358913281959
0.4474497625772649
0.4474497625772649
1.0000000000000002
0.7092972666062739
0.7092972666062739
0.948683298050514
0.948683298050514
1.0000000000000002
1.0000000000000002
1.0000000000000002
1.0000000000000002
1.0000000000000002
0.7092972666062739
0.7092972666062739
0.5031026124151314
0.4494364165239822
1.0000000000000002
0.6156818399292701
0.7092972666062739
1.0000000000000002
1.0000000000000002
0.7092972666062739
0.7092972666062739
0.5031026124151314
0.5031026124151314
1.0000000000000002
0.4263728218919759
0.716811741443062
0.5797386715376658
0.4501755023269898
0.4112070550676187
0.4112070550676187
0.3563004293331381
0.6327904583679945
0.6327904583679945
1.0000000000000002
1.0000000000000002
0.7092972666062739
0.7092972666062739
0.5031026124151314
0.7092972666062739
0.7092972666062739
1.0000000000000002
0.7092972666062739
1.0000000000000002
0.7092972666062739
0.5031026124151314
0.716811741443062
0.4494364165239822
0.5031026124151314
0.7092972666062739
0.7092972666062739
0.6029748160380572
0.732104920251224
0.732104920251224
0.7168117414430619
0.5586177528223194
0.7092972666062739
1.0000000000000002
0.5031026124151314
1.0000000000000002
1.0000000000000002
1.0000000000000002
0.474330706497194
0.474330706497194
1.0000000000000002
1.0000000000000002
1.0000000000000002
1.0000000000000002
0.5031026124151314
0.6728984701822545
0.6728984701822545
1.0000000000000002
0.7168117414430619
0.5744651733947116
0.8200207392821179
0.8200207392821179
0.5797386715376658
0.5193070061174111
0.5744651733947116
0.6392306240536285
0.6472503719134118
0.6472503719134118
0.6787551892030776
1.0000000000000002
1.0000000000000002
1.0000000000000002
1.0000000000000002
1.0000000000000002
0.6764792400877006
0.6764792400877006
0.6764792400877006
0.6764792400877006
0.4743307064971939
0.48097310796014436
0.6694188517266485
1.0000000000000002
0.7765145304745156
1.0000000000000002
0.8181802073667197
0.6694188517266485
0.6694188517266485
0.5031026124151314
0.5031026124151314
0.7765145304745156
0.5101490193104813
0.4112070550676187
0
0.7153224879808276
0.4073526042885674
1.0
1.0000000000000002
1.0000000000000002
0.44943641652398214
1.0
0.905549965094206
1.0000000000000002
1.0000000000000002
0.5031026124151314
1.0000000000000002
1.0000000000000002
0.7168117414430619
1.0000000000000002
1.0000000000000002
0.7168117414430619
1.0000000000000002
1.0000000000000002
1.0000000000000002
1.0000000000000002
1.0000000000000002
0.4494364165239822
1.0000000000000002
1.0000000000000002
1.0000000000000002
0.5727393584196198
0.5031026124151314
0.5031026124151314
0.5797386715376658
1.0000000000000002
1.0000000000000002
0.5727393584196198
0.5031026124151314
0.4494364165239822
0.20936827494034183
0.4112070550676187
0.4112070550676187
1.0000000000000002
0.5727393584196198
0.5031026124151314
0.7092972666062739
0.5797386715376658
0.7092972666062739
1.0000000000000002
0.5727393584196198
0.5031026124151314
0.3360969272762574
0.4501755023269898
0.5797386715376658
0.5797386715376658
0.7799154245579976
0.7799154245579976
0.6694188517266484
1.0000000000000002
1.0000000000000002
1.0000000000000002
0.43161341897075156
1.0000000000000002
0.43161341897075156
0.7799154245579976
0.716811741443062
0.41036264495218466
0.41036264495218466
0.41036264495218466
1.0000000000000002
1.0000000000000002
1.0000000000000002
0.8181802073667197
1.0000000000000002
0.5031026124151314
0.5031026124151314
0.7090528735856639
0.6327904583679949
1.0000000000000002
0.5803329846765686
0.7092972666062739
1.0000000000000002
0.340733448315578
0.340733448315578
1.0000000000000002
0.9428090415820636
1.0
1.0000000000000002
1.0000000000000002
1.0
1.0000000000000002
1.0000000000000002
0.844311107293146
0.835049905752098
0.835049905752098
1.0000000000000002
1.0000000000000002
1.0000000000000002
0.8019783064439235
1.0
0.5031026124151315
1.0000000000000007
1.0
1.0000000000000004
1.0000000000000004
1.0000000000000004
1.0000000000000004
0.8586557982260813
0.8586557982260813
0.8586557982260813
0.8586557982260813
1.0000000000000002
1.0000000000000002
0.7523197619890014
0.716811741443062
0.776193897524313
1.0000000000000002
1.0000000000000002
1.0000000000000002
1.0000000000000002
0.5031026124151314
0.7092972666062739
1.0000000000000002
0.7092972666062739
0.5031026124151314
0.4494364165239822
0.5031026124151314
0.7092972666062739
1.0000000000000002
1.0000000000000002
1.0000000000000002
1.0
1.0000000000000002
0.6569729210330907
0.6569729210330907
1.0000000000000002
1.0000000000000002
1.0000000000000002
1.0000000000000002
1.0
1.0000000000000002
1.0000000000000002
0.5101490193104813
0.5056055588739692
0.45026814465562653
0.716811741443062
0.5056055588739692
1.0
1.0
1.0000000000000002
1.0000000000000002
0.5757863613345239
0.5757863613345239
1.0000000000000002
1.0000000000000002
1.0000000000000002
0.5757863613345239
0.5757863613345239
1.0000000000000002
0.5762992116029143
0.5762992116029143
0.5757863613345239
0.5757863613345239
0.4616980536470273
0.4616980536470273
0.948683298050514
1.0
0.7357532581618298
0.7357532581618298
0.5757863613345239
0.5757863613345239
1.0000000000000002
1.0000000000000002
1.0000000000000002
0.5101490193104813
0.5372450751597532
0.5023287782256719
0.5193879933129156
0.45762416226963265
0.716811741443062
0.5101490193104813
0.5372450751597532
0.5101490193104813
0.5372450751597532
0.41036264495218466
0.5507796339456278
0.716811741443062
0.5101490193104813
0.5101490193104813
0.5372450751597532
0.5023287782256719
0.4576241622696326
0.4576241622696326
0.379978361591008
0.716811741443062
0.5101490193104813
0.5372450751597532
0.5372450751597532
0.5803329846765686
0.5193879933129156
0.716811741443062
0.5101490193104813
0.7799154245579976
0.7799154245579976
0.44943641652398214
1.0
0.905549965094206
1.0000000000000002
1.0000000000000002
1.0000000000000002
1.0000000000000002
1.0000000000000002
1.0000000000000002
1.0000000000000002
1.0000000000000002
0.5031026124151314
0.4393387340463309
0.3921811759712531
0.7092972666062739
0.6694188517266485
0.7092972666062739
0.3446421410380548
1.0000000000000002
1.0000000000000002
1.0000000000000002
1.0000000000000002
1.0000000000000002
0.7092972666062738
0.46939638675423867
0.5478015536770083
0.608550673173113
1.0000000000000002
1.0
0.4501755023269898
0.5031026124151314
0.4003049304002399
0.4501755023269898
0.5797386715376658
1.0000000000000002
0.5803329846765686
0.6029748160380572
0.809622916154402
0.809622916154402
0.809622916154402
0.809622916154402
0.809622916154402
0.809622916154402
0.809622916154402
0.809622916154402
0.809622916154402
0.809622916154402
0.6694188517266485
0.6694188517266485
0.6694188517266485
0.6694188517266485
0.6694188517266485
1.0000000000000002
0.6694188517266485
0.6694188517266485
0.474330706497194
0.474330706497194
1.0000000000000002
1.0000000000000002
0.6694188517266485
1.0000000000000002
1.0000000000000002
1.0000000000000002
0.6694188517266485
1.0000000000000002
1.0000000000000002
1.0000000000000002
0.6694188517266485
0.6029748160380572
0.6694188517266485
0.8181802073667197
0.8181802073667197
0.6694188517266485
1.0000000000000002
0.6694188517266485
1.0000000000000002
0.5270724758293459
1.0000000000000002
1.0000000000000002
1.0000000000000002
1.0000000000000002
0.5270724758293459
1.0000000000000002
0.8181802073667197
1.0000000000000002
0.8181802073667197
0.8181802073667197
1.0000000000000002
0.7474073540060464
1.0000000000000002
0.7474073540060464
1.0000000000000002
0.9761870601839528
0.9761870601839528
1.0000000000000002
1.0000000000000002
1.0000000000000002
1.0000000000000002
1.0000000000000002
1.0000000000000002
1.0000000000000002
0.8181802073667197
0.9761870601839528
0.9761870601839528
1.0000000000000002
1.0000000000000002
0.6694188517266485
1.0000000000000002
1.0000000000000002
1.0000000000000002
0.5803329846765686
1.0000000000000002
1.0000000000000002
0.5803329846765686
1.0000000000000002
1.0000000000000002
0.5803329846765686
1.0000000000000002
1.0000000000000002
1.0000000000000002
1.0000000000000002
0.6694188517266485
0.5803329846765686
0.6327904583679945
0.5193879933129156
0.6029748160380572
1.0000000000000002
1.0000000000000002
1.0000000000000002
1.0000000000000002
1.0000000000000002
1.0000000000000002
1.0000000000000002
1.0000000000000002
1.0000000000000002
1.0000000000000002
1.0000000000000002
0.6694188517266485
1.0000000000000002
0.8181802073667197
1.0000000000000002
1.0000000000000002
1.0000000000000002
1.0000000000000002
1.0000000000000002
1.0000000000000002
1.0000000000000002
1.0
1.0000000000000002
1.0000000000000002
1.0000000000000002
0.7731076272598564
0.7731076272598564
0.7092972666062738
1.0000000000000002
1.0000000000000002
1.0000000000000002
1.0000000000000002
1.0000000000000002
1.0000000000000002
0.6694188517266485
1.0000000000000002
1.0000000000000002
0.7474073540060464
1.0000000000000002
1.0000000000000002
1.0000000000000002
1.0000000000000002
1.0000000000000002
1.0000000000000002
0.44943641652398214
1.0
0.6694188517266485
0.7092972666062739
1.0000000000000002
0.5031026124151314
0.41036264495218466
0.6569729210330907
0.33609692727625756
0.23542823895972353
0.5031026124151314
0.5031026124151314
0.4552018457650676
0.26055567105626243
0.3677199804697471
0.6417645565491049
0.5797386715376658
1.0000000000000002
0.5797386715376658
0.5797386715376658
0.5101490193104813
0.4316433290730969
0.6029748160380572
0.6029748160380572
0.6029748160380572
1.0
0.4112070550676187
1.0000000000000002
1.0000000000000002
0.6694188517266485
0.7327068970668786
1.0000000000000002
0.5803329846765686
0.6228922682508607
0.5985034736547937
0.4494364165239821
0.38405571843526176
0.3563004293331381
0.5023287782256718
0.3799783615910079
0.5023287782256718
0.5031026124151314
1.0000000000000002
1.0000000000000002
1.0000000000000002
1.0000000000000002
0.8466473536503034
1.0
0.5797386715376658
1.0000000000000002
0.5797386715376658
0.5797386715376658
1.0000000000000002
1.0000000000000002
1.0000000000000002
1.0000000000000002
1.0000000000000002
1.0000000000000002
0.2605556710562624
0.2605556710562624
0.5031026124151314
0.2784632883398218
1.0000000000000002
1.0000000000000002
1.0000000000000002
0.4501755023269898
0.615218690896332
0.5031026124151314
0.716811741443062
0.47655092203281546
0.3563004293331381
0.3563004293331381
0.3563004293331381
0.3563004293331381
0.3563004293331381
0.3563004293331381
0.3563004293331381
1.0000000000000002
0.7168117414430619
1.0000000000000002
1.0000000000000002
1.0000000000000002
1.0000000000000002
1.0000000000000002
1.0
1.0000000000000002
1.0000000000000002
1.0000000000000002
0.8495766450412413
0.6348087971775132
0.6348087971775132
0.7092972666062738
0.9066822620788307
0.8344777154850027
1.0000000000000002
0.6498913515523019
0.7092972666062739
0.5031026124151314
1.0000000000000002
0.5031026124151314
1.0000000000000002
0.5797386715376658
0.5031026124151314
0.7092972666062739
1.0000000000000002
0.5803329846765686
0.8673636849609287
0.7523197619890014
0.7523197619890014
0.7523197619890014
1.0
1.0000000000000002
1.0000000000000002
1.0000000000000007
0.3901052651831878
0.536892711851518
0.44943641652398214
0.833633638968502
0.5031026124151314
1.0000000000000002
0.5031026124151314
1.0000000000000002
0.5031026124151314
0.716811741443062
0.3227832750340331
0.26055567105626243
0.30412574187549357
0.5803329846765686
0.5586177528223194
0.45026814465562653
0.45026814465562653
0.6029748160380572
0.7523197619890014
0.7523197619890014
1.0000000000000002
0.5031026124151314
0.5031026124151314
0.5031026124151314
0.4112070550676187
0.4112070550676187
0.4494364165239822
0.4494364165239822
0.5803329846765686
0.4576241622696326
0.45762416226963265
0.7092972666062739
0.6181142335061833
1.0
0.6181142335061833
1.0
1.0000000000000002
1.0
1.0
1.0000000000000002
0.6181142335061833
1.0
1.0000000000000002
0.5797386715376658
0.5797386715376658
0.3360969272762574
0.4494364165239822
0.38087260847594373
0.3041257418754935
0.38405571843526176
0.3360969272762574
0.22576484600261607
0.8181802073667197
0.8181802073667197
1.0000000000000002
1.0
0.7092972666062739
0.7523197619890014
1.0000000000000002
1.0000000000000002
0.5031026124151314
0.5031026124151314
0.5031026124151314
0.5031026124151314
0.5031026124151314
0.5031026124151314
0.5031026124151314
0.5031026124151314
0.5031026124151314
0.5031026124151314
0.5031026124151314
0.5031026124151314
0.5031026124151314
0.5031026124151314
0.5031026124151314
1.0000000000000002
1.0000000000000002
0.5023287782256718
1.0000000000000002
0.6694188517266485
0.5031026124151314
0.4112070550676187
0.4112070550676187
0.6029748160380572
0.6029748160380572
0.3360969272762575
0.6029748160380572
0.6029748160380572
0.40298220897396103
0.33609692727625756
0.33609692727625756
0.33609692727625756
0.5905940088580992
0.41120705506761873
0.716811741443062
0.7799154245579976
0.716811741443062
0.5918927626373602
0.5586177528223194
0.5586177528223194
0.716811741443062
0.5803329846765686
0.6694188517266485
0.6029748160380571
0.3360969272762575
0.5031026124151314
0.26055567105626243
0.26055567105626243
1.0000000000000002
1.0
0.4112070550676187
0.4112070550676187
0.8181802073667197
1.0000000000000002
0.5684901084069616
0.8181802073667197
1.0000000000000002
1.0000000000000002
1.0000000000000002
0.3901052651831878
0.6694188517266485
0.43161341897075156
0.6694188517266485
1.0000000000000002
1.0000000000000002
1.0000000000000002
1.0000000000000002
1.0000000000000002
0.387556981443423
0.48097310796014436
0.19431434016858148
0.20199309249791836
1.0000000000000002
0.2772807351054468
0.3360969272762575
0.5586177528223194
0.6735205045780811
1.0000000000000002
1.0000000000000002
0.6694188517266485
0.6694188517266485
1.0000000000000002
0.5031026124151314
0.5031026124151314
0.5031026124151314
0.5031026124151314
0.5031026124151314
0.5031026124151314
0.5031026124151314
0.5031026124151314
0.5031026124151314
0.5031026124151314
0.5031026124151314
0.7092972666062739
0.5031026124151314
0.5031026124151314
0.5031026124151314
0.7092972666062739
1.0000000000000002
0.5031026124151314
0.5697077090551435
1.0000000000000002
0.716811741443062
1.0000000000000002
1.0000000000000002
0.7092972666062739
1.0000000000000004
1.0000000000000002
1.0000000000000002
1.0000000000000002
0.5797386715376658
0.6029748160380572
0.5797386715376658
0.5797386715376658
1.0000000000000002
0.5797386715376658
1.0000000000000002
1.0
1.0000000000000002
1.0000000000000002
0.5783368141495644
0.7092972666062739
0.5031026124151314
1.0000000000000002
0.5031026124151314
0.5031026124151314
1.0000000000000002
0.8466473536503037
0.7523197619890014
0.4494364165239822
1.0000000000000002
1.0000000000000002
1.0000000000000002
1.0000000000000002
0.5797386715376658
0.569834453706807
0.3563004293331381
0.7092972666062739
0.6953572570566552
0.6181142335061833
0.48097310796014436
0.7092972666062739
0.7092972666062739
0.6029748160380572
0.776193897524313
0.6051181215056205
1.0
0.5797386715376658
0.5101490193104813
0.6949450440198668
0.5397408462907232
0.4138357353765092
0.20199309249791836
1.0
1.0
1.0
0.7765145304745156
0.4109954639349511
0.44943641652398214
1.0000000000000002
0.7092972666062739
0.5031026124151314
0.7092972666062739
0.5031026124151314
0.5031026124151314
0.5031026124151314
1.0000000000000002
0.5031026124151314
0.5031026124151314
1.0000000000000002
1.0000000000000002
0.6694188517266485
0.6694188517266485
1.0000000000000002
1.0000000000000002
0.8466473536503034
0.43161341897075156
0.5586177528223194
0.5031026124151314
0.5586177528223194
1.0
0.6181142335061833
1.0
0.6181142335061833
0.5023287782256719
0.7168117414430619
0.7168117414430619
0.7797846119321963
1.0
1.0
1.0
1.0
0.41036264495218466
0.5101490193104813
0.6029748160380572
0.5803329846765686
0.5586177528223194
0.5586177528223194
0.6029748160380572
0.5586177528223194
0.5586177528223194
0.7799154245579976
0.641764556549105
1.0000000000000004
0.5031026124151314
0.6694188517266485
1.0000000000000002
1.0000000000000002
0.7092972666062739
1.0000000000000002
0.4112070550676187
0.5031026124151314
0.8466473536503034
1.0000000000000002
0.6985957980290544
0.8955324150715728
0.45026814465562653
0.4112070550676186
0.40298220897396103
0.43161341897075156
0.43161341897075156
0.5056055588739691
0.43161341897075156
0.5031026124151314
0.5031026124151314
0.8466473536503034
0.7523197619890014
0.7523197619890014
1.0000000000000002
1.0000000000000002
1.0000000000000002
1.0000000000000002
0.26055567105626243
0.26055567105626243
0.23790309463326234
1.0000000000000002
0.7474073540060464
0.8466473536503034
0.8466473536503037
0.7523197619890014
0.6694188517266485
0.5031026124151314
0.7327068970668786
0.7327068970668786
0.8019783064439234
0.8019783064439234
0.6195832783055373
0.6348087971775132
0.6348087971775132
1.0000000000000002
0.7092972666062739
0.7523197619890014
0.6029748160380572
0.26055567105626243
0.26055567105626243
0.31089077468139725
0.33609692727625756
0.33609692727625756
0.33609692727625756
0.14362799865308862
0.5803329846765686
0.5803329846765686
0.6346335797029701
0.6346335797029701
0.43161341897075156
1.0
0.6694188517266485
0.43161341897075156
0.36802320875611494
0.33609692727625756
0.5797386715376658
1.0000000000000002
0.5031026124151314
1.0000000000000002
1.0000000000000002
0.368023208756115
0.4932150017451216
0.35909013896206493
0.716811741443062
0.716811741443062
0.26543445496171714
0.3468540162627405
0.6694188517266485
0.6029748160380572
1.0000000000000002
1.0000000000000002
0.6827531502984261
1.0000000000000002
1.0
1.0
1.0000000000000002
1.0000000000000002
1.0000000000000002
1.0000000000000002
0.6694188517266485
0.5795885271719546
0.5795885271719546
0.6476308251809643
0.5101490193104813
1.0000000000000002
1.0000000000000002
1.0000000000000002
0.5586177528223194
0.41120705506761873
0.5031026124151314
0.5031026124151314
0.5031026124151314
0.3360969272762574
1.0000000000000002
1.0000000000000002
1.0000000000000002
1.0000000000000002
0.3561776636856882
0.4576241622696326
0.40298220897396103
0.38081653297711143
0.38081653297711143
0.33609692727625756
0.5031026124151314
0.5797386715376658
1.0000000000000002
0.33609692727625756
0.6694188517266485
0.6029748160380572
1.0000000000000002
0.6694188517266485
0.5101490193104813
0.5101490193104813
0.33609692727625756
0.7092972666062739
0.7092972666062739
0.43161341897075156
1.0000000000000002
0.5031026124151314
0.4112070550676187
0.4112070550676187
1.0000000000000002
0.5797386715376658
0.5797386715376658
1.0000000000000002
0.47416625842535787
0.6350012214071283
0.3360969272762574
0.5586177528223194
1.0000000000000002
1.0
1.0000000000000002
1.0000000000000002
1.0000000000000002
1.0000000000000002
0.7092972666062739
0.7092972666062739
1.0000000000000002
0.7092972666062739
1.0000000000000002
1.0000000000000002
0.5797386715376658
0.7168117414430619
0.5029292651136352
0.9428090415820636
0.9428090415820636
1.0000000000000002
0.7765145304745156
1.0000000000000002
1.0000000000000002
1.0000000000000002
1.0000000000000002
0.716811741443062
0.5031026124151314
0.5031026124151314
0.8344777154850027
0.6351986941675813
0.6351986941675813
0.6351986941675813
1.0000000000000002
0.7092972666062739
0.7092972666062739
1.0000000000000002
0.7092972666062739
0.7092972666062739
0.5031026124151314
0.5031026124151314
0.43161341897075156
0.4111217451482082
0.6764792400877004
0.3101705771795043
0.7799154245579976
0.6392306240536285
0.6694188517266485
0.5586177528223194
0.6029748160380571
0.5697077090551435
1.0000000000000002
1.0000000000000002
0.5031026124151314
1.0000000000000002
1.0000000000000002
1.0000000000000002
1.0
1.0000000000000002
1.0000000000000002
1.0
0.5912468480229024
1.0000000000000002
1.0000000000000002
1.0000000000000002
1.0000000000000002
0.5031026124151314
0.5031026124151314
1.0000000000000002
1.0000000000000002
1.0000000000000002
0.3563004293331381
0.6728984701822545
0.4237327171150526
1.0000000000000002
1.0000000000000002
1.0000000000000002
0.6827531502984261
0.6694188517266485
0.6827531502984261
1.0000000000000002
0.776193897524313
0.8466473536503034
0.6827531502984261
0.6827531502984261
0.7474073540060464
0.7765145304745156
0.7765145304745156
0.48097310796014436
0.6827531502984261
0.44943641652398214
0
0.5031026124151314
0.5031026124151314
1.0000000000000002
0.716811741443062
1.0000000000000002
0.33609692727625756
0.33609692727625756
0.474330706497194
0.5684901084069616
0.8495766450412413
1.0000000000000002
0.8673636849609287
0.8673636849609287
0.6392306240536285
1.0000000000000002
0.3360969272762575
0.8200207392821179
0.8200207392821179
1.0000000000000002
1.0000000000000002
1.0000000000000002
1.0000000000000002
0.7765145304745156
1.0
1.0000000000000002
1.0000000000000002
1.0000000000000002
0.6949450440198666
0.5795885271719546
0.44943641652398214
0.8032002037467096
1.0000000000000004
0.48097310796014436
1.0000000000000002
0.5797386715376658
1.0
0.41120705506761873
0.8019783064439235
0.7168117414430619
0.6029748160380571
1.0000000000000002
0.7092972666062739
0.7092972666062739
1.0000000000000002
1.0000000000000002
0.716811741443062
0.8466473536503037
0.716811741443062
0.716811741443062
0.7092972666062738
0.48097310796014436
0.7092972666062739
0.6728984701822545
0.7092972666062739
1.0000000000000002
0.7092972666062738
0.8181802073667197
0.474330706497194
0.7092972666062739
0.7092972666062739
0.5023287782256718
1.0000000000000002
1.0000000000000002
0.6348087971775132
0.7765145304745156
0.7765145304745156
0.4112070550676187
0.33609692727625756
0.5031026124151314
0.33609692727625756
0.33165005041511536
1.0000000000000002
1.0000000000000002
1.0000000000000002
0.8466473536503034
0.5697077090551432
1.0000000000000002
0.5797386715376658
0.5031026124151314
0.43161341897075156
0.4112070550676187
0.44943641652398214
1.0000000000000002
1.0000000000000002
0.7092972666062739
0.5031026124151314
0.716811741443062
0.716811741443062
0.716811741443062
0.716811741443062
0.716811741443062
0.716811741443062
0.716811741443062
1.0000000000000002
1.0000000000000002
0.7092972666062739
1.0000000000000002
0.7092972666062739
1.0000000000000002
0.7092972666062739
1.0000000000000002
0.7092972666062739
0.5101490193104813
0.6029748160380572
1.0000000000000002
1.0000000000000002
1.0000000000000002
1.0000000000000002
0.8200207392821179
0.8019783064439235
0.8019783064439234
0.8955324150715727
1.0000000000000002
1.0000000000000002
0.8763511049989043
1.0000000000000002
0.5819696692214292
0.41120705506761873
0.5499883949217763
0.5499883949217763
1.0000000000000002
1.0000000000000002
0.7092972666062739
0.8466473536503034
0.37997836159100784
1.0
1.0000000000000002
1.0000000000000002
1.0000000000000002
1.0000000000000002
1.0000000000000002
1.0000000000000002
0.7092972666062739
1.0000000000000002
1.0000000000000002
0.8466473536503034
0.8181802073667197
1.0000000000000002
1.0000000000000002
0.42467941496356976
0.42467941496356976
0.5372450751597532
0.4494364165239822
0.5023287782256719
0.5586177528223194
0.5465828612804854
0.5023287782256719
0.5727393584196198
0.47408612469672984
0.5465828612804854
0.47408612469672984
0.6684989353354265
0.5857414952608175
0.8181802073667197
0.6029748160380572
0.5029292651136352
0.5031026124151314
0.4110653709825173
0.5193879933129156
0.5803329846765686
0.5465828612804854
0.5465828612804854
0.5023287782256719
0.5465828612804854
0.6327904583679945
1.0
0.6392306240536285
1.0000000000000004
0.6052855104516397
0.6029748160380572
0.5031026124151314
0.6392306240536285
0.8775428433889058
0.8775428433889058
0.7523197619890014
0.7523197619890014
0.6694188517266485
1.0
0.7474073540060464
1.0000000000000002
1.0000000000000002
0.6194000100245769
0.8466473536503034
1.0000000000000002
0.6694188517266485
0.7765145304745156
0.6029748160380572
0.6029748160380572
1.0
1.0
1.0000000000000002
0.6029748160380572
0.6694188517266485
1.0000000000000002
0.368023208756115
0.3563004293331381
0.8019783064439235
0.8019783064439235
0.8019783064439235
0.33609692727625756
1.0
1.0000000000000002
1.0000000000000002
1.0000000000000002
1.0000000000000002
0.5031026124151314
1.0000000000000002
0.5031026124151314
0.5031026124151314
0.7092972666062739
1.0000000000000002
1.0000000000000002
1.0000000000000002
0.6029748160380572
1.0000000000000002
0.3360969272762575
0.5031026124151314
0.6327904583679945
0.3799783615910079
0.4576241622696326
0.5586177528223194
0.3187840217537793
0.3799783615910079
0.4112070550676187
1.0000000000000002
0.6029748160380572
0.5031026124151314
1.0000000000000002
1.0000000000000002
1.0000000000000002
0.7523197619890014
0.5031026124151314
0.33609692727625756
1.0000000000000002
0.8955324150715728
0.4494364165239822
0.29121941856368966
0.29121941856368966
0.29121941856368966
0.45026814465562653
0.5031026124151314
0.5031026124151314
0.6029748160380572
0.6029748160380572
0.2910691023819054
1.0
1.0000000000000002
1.0000000000000002
0.8466473536503034
0.40298220897396103
0.3041257418754935
0.7523197619890013
0.7523197619890013
0.6694188517266485
1.0000000000000002
0.7474073540060464
0.7474073540060464
1.0000000000000002
1.0000000000000002
1.0
0.7092972666062738
1.0000000000000002
1.0000000000000002
1.0000000000000002
0.7168117414430619
0.33609692727625756
1.0000000000000002
0.7092972666062739
0.4494364165239821
0.7092972666062739
0.6029748160380572
0.5797386715376658
0.6694188517266485
1.0
0.6694188517266485
0.5797386715376658
1.0
1.0
0.6827531502984261
0.5031026124151314
0.4112070550676187
1.0000000000000002
0.7765145304745156
0.7765145304745156
0.5245910904457137
0.7765145304745156
0.5245910904457137
0.7765145304745156
0.6694188517266485
0.7765145304745156
0.7765145304745156
0.5245910904457137
0.7765145304745156
0.5031026124151314
0.38087260847594373
1.0000000000000002
1.0000000000000002
1.0000000000000002
1.0000000000000002
1.0000000000000002
1.0
0.5101490193104813
1.0000000000000002
0.46564621909889997
0.716811741443062
0.7523197619890014
0.7092972666062739
0.7398955316569178
0.7398955316569178
1.0000000000000002
1.0000000000000002
1.0000000000000002
0.7092972666062739
1.0000000000000002
0.7092972666062739
0.7092972666062739
1.0000000000000002
0.5101490193104813
1.0000000000000002
1.0000000000000002
1.0000000000000002
1.0
1.0000000000000004
1.0000000000000002
0.5101490193104813
0.7765145304745156
1.0000000000000002
0.8019783064439235
0.6694188517266485
0.6694188517266485
0.6694188517266485
0.6694188517266485
0.43161341897075156
0.6694188517266485
1.0000000000000002
1.0000000000000002
0.6228922682508607
0.5803329846765686
1.0
1.0000000000000002
0.6029748160380572
0.6029748160380572
0.40735260428856745
0.3360969272762575
0.2480853824889377
0.3360969272762575
0.2910691023819054
0.40298220897396103
0.40298220897396103
0.40298220897396103
0.40298220897396103
0.40298220897396103
0.38087260847594373
0.40298220897396103
0.2910691023819054
0.3187840217537793
0.40298220897396103
0.40298220897396103
0.45026814465562653
0.3921811759712531
0.3187840217537793
0.3187840217537793
0.709052873585664
0.33609692727625745
0.7092972666062739
0.40298220897396103
0.6694188517266485
0.6029748160380572
0.6029748160380572
0.6029748160380572
0.7799154245579976
0.6029748160380572
0.6029748160380571
0.5031026124151314
0.5031026124151314
1.0000000000000002
0.5249823337746947
1.0000000000000002
1.0000000000000004
0.3187840217537793
0.7988220846167473
1.0000000000000002
1.0000000000000002
1.0000000000000002
0.7092972666062739
1.0000000000000002
1.0000000000000002
1.0000000000000002
0.7523197619890014
0.732104920251224
1.0000000000000004
1.0
1.0
1.0000000000000002
1.0000000000000002
1.0
1.0000000000000002
1.0000000000000002
0.5031026124151314
0.5031026124151314
1.0000000000000002
0.7092972666062739
0.7092972666062739
0.8466473536503034
1.0
1.0000000000000002
1.0000000000000002
1.0000000000000002
0.41120705506761873
0.7523197619890014
0.4494364165239822
0.5031026124151314
1.0000000000000002
0.5249823337746947
1.0000000000000002
1.0000000000000002
0.33609692727625756
1.0000000000000002
0.6029748160380572
0.6029748160380572
0.474330706497194
0.7092972666062739
1.0000000000000002
0.5697077090551435
0.5031026124151314
0.5031026124151314
1.0000000000000002
0.5031026124151314
0.7092972666062739
0.44943641652398214
0.44943641652398214
0.6029748160380572
1.0000000000000002
1.0000000000000002
0.3360969272762575
0.3360969272762575
0.3360969272762575
0.3360969272762575
0.602974816038057
0.9612250182538669
0.9612250182538669
0.9612250182538669
0.9207401897413287
0.9207401897413287
0.656710817172641
0.656710817172641
0.656710817172641
0.6406302109454314
0.6406302109454314
1.0
1.0000000000000002
1.0000000000000002
1.0
1.0
1.0
1.0
1.0
1.0
1.0
0.6029748160380572
0.6029748160380572
1.0000000000000002
0.732104920251224
1.0000000000000002
1.0
1.0000000000000002
0.7168117414430619
1.0000000000000002
0.5031026124151314
0.33609692727625756
0.5023287782256719
0.5023287782256719
1.0000000000000002
1.0000000000000002
1.0
1.0000000000000002
1.0000000000000002
1.0000000000000002
1.0000000000000002
0.8181802073667197
0.7092972666062739
0.7092972666062739
0.5031026124151314
0.7092972666062739
0.7092972666062739
0.5031026124151314
0.5031026124151314
0.5031026124151314
1.0000000000000002
0.716811741443062
0.716811741443062
0.716811741443062
0.716811741443062
0.716811741443062
0.716811741443062
0.716811741443062
0.7765145304745156
0.7765145304745156
0.7765145304745156
0.7092972666062739
0.7092972666062739
0.7765145304745156
0.7092972666062739
0.7092972666062739
0.7092972666062739
0.7092972666062739
0.7092972666062739
0.5797386715376658
0.7092972666062739
1.0000000000000002
1.0000000000000002
1.0
1.0
0.6728984701822545
1.0000000000000002
0.368023208756115
1.0
0.368023208756115
0.6181142335061833
1.0
0.7092972666062739
0.5101490193104813
0.5797386715376658
1.0000000000000002
1.0000000000000002
1.0000000000000002
1.0000000000000002
0.28530619098136084
0.5101490193104813
0.38405571843526176
0.38405571843526176
0.5499883949217763
0.6029748160380572
0.2605556710562624
0.2605556710562624
0.6827531502984261
1.0000000000000002
1.0000000000000002
1.0000000000000002
1.0000000000000002
0.6327904583679949
0.6327904583679949
0.5101490193104813
0.5797386715376658
0.5031026124151314
0.5031026124151314
1.0
0.5031026124151314
0.5031026124151314
0.5031026124151314
0.5031026124151314
0.7523197619890014
1.0000000000000002
0.6827531502984261
1.0000000000000002
0.7321049202512239
0.368023208756115
1.0000000000000002
1.0000000000000002
0.368023208756115
0.368023208756115
0.368023208756115
0.45026814465562653
1.0000000000000002
0.6694188517266485
0.6827531502984261
0.4736001139580345
0.5465828612804854
0.3980859247110369
0.5023287782256718
0.6694188517266485
0.602232503337843
0.6827531502984261
1.0000000000000002
1.0
1.0000000000000002
0.6827531502984261
1.0000000000000002
0.6827531502984261
1.0000000000000002
0.8229382910085348
0.42305136624080664
1.0000000000000002
0.5797386715376658
1.0000000000000002
0.41120705506761873
0.5031026124151314
0.5031026124151314
0.5383508031224613
1.0000000000000002
1.0
0.776193897524313
1.0000000000000002
1.0
0.6181142335061833
1.0000000000000002
1.0
1.0000000000000002
0.6694188517266485
0.6498913515523022
0.6498913515523022
0.5797386715376658
0.5797386715376658
1.0000000000000002
0.36771998046974713
0.5800337443273424
0.7060777744337089
0.4189067161570913
0.26055567105626243
0.29121941856368966
0.3563004293331381
0.5801330271442869
0.3563004293331381
1.0000000000000002
1.0000000000000002
0.6029748160380572
0.5031026124151314
0.7092972666062739
0.5031026124151314
1.0000000000000002
0.5031026124151314
0.7092972666062739
0.5031026124151314
0.44943641652398214
0.5697077090551435
1.0000000000000002
1.0000000000000002
1.0000000000000002
1.0000000000000002
1.0000000000000002
0.38087260847594373
0.6694188517266485
0.6029748160380572
0.5797386715376658
0.4112070550676187
0.7321049202512239
0.6029748160380572
0.6029748160380572
0.948683298050514
1.0000000000000002
1.0000000000000002
1.0000000000000002
1.0000000000000002
1.0000000000000002
1.0000000000000002
1.0000000000000002
1.0000000000000002
1.0000000000000002
0.7092972666062739
0.5031026124151314
0.5031026124151314
1.0000000000000002
0.7092972666062739
1.0000000000000002
0.7092972666062739
0.7092972666062739
0.7092972666062739
1.0000000000000002
1.0000000000000002
1.0000000000000002
0.7092972666062739
0.5031026124151314
0.44943641652398214
0.7092972666062739
1.0000000000000002
1.0000000000000002
0.5031026124151314
1.0000000000000002
0.2605556710562624
0.2605556710562624
0.7092972666062739
0.6694188517266485
0.6694188517266485
0.40735260428856745
0.5031026124151314
0.5031026124151314
0.4494364165239821
0.26055567105626243
0.3563004293331381
0.7092972666062739
1.0000000000000002
0.2605556710562624
0.2605556710562624
1.0000000000000002
0.7092972666062739
0.5031026124151314
1.0000000000000002
0.5031026124151314
0.5031026124151314
0.7523197619890014
1.0
0.8019783064439235
1.0
0.5031026124151314
0.5031026124151314
0.5031026124151314
0.5031026124151314
0.7092972666062739
0.6029748160380572
0.5031026124151314
1.0000000000000002
1.0
1.0000000000000002
0.7092972666062739
1.0000000000000002
0.9058259409629567
0.5023287782256718
0.5031026124151314
0.5797386715376658
0.5797386715376658
0.47735956402171653
0.47735956402171653
0.5803329846765686
0.5803329846765686
0.4736820224661604
0.4736820224661604
0.5803329846765686
0.5803329846765686
0.4736820224661604
1.0000000000000002
0.7092972666062739
0.5031026124151314
1.0000000000000002
1.0000000000000002
0.4765509220328154
0.948683298050514
0.7092972666062739
0.5031026124151314
0.641764556549105
0.641764556549105
0.474330706497194
0.6348087971775132
0.6348087971775132
1.0
1.0000000000000002
1.0000000000000002
1.0000000000000002
1.0000000000000002
1.0000000000000002
1.0000000000000002
0.6728984701822545
0.5797386715376658
0.7092972666062739
1.0000000000000002
1.0000000000000002
1.0
1.0000000000000002
0.6029748160380572
1.0000000000000002
1.0
1.0
1.0000000000000002
1.0000000000000002
0.5797386715376658
0.5797386715376658
0.5797386715376658
0.7092972666062739
0.7765145304745156
0.26055567105626243
0.4494364165239821
0.7523197619890014
1.0000000000000002
1.0000000000000002
1.0000000000000002
1.0000000000000002
1.0000000000000002
1.0000000000000002
1.0000000000000002
1.0000000000000002
1.0000000000000002
1.0000000000000002
1.0000000000000002
1.0000000000000002
1.0000000000000002
1.0000000000000002
1.0000000000000002
1.0000000000000002
1.0000000000000002
1.0000000000000002
1.0000000000000002
1.0000000000000002
1.0000000000000002
1.0000000000000002
1.0000000000000002
1.0000000000000002
0.7092972666062739
1.0000000000000002
1.0000000000000002
1.0
1.0
1.0000000000000002
1.0000000000000002
1.0000000000000002
1.0000000000000002
1.0000000000000002
1.0000000000000002
1.0000000000000002
1.0
1.0000000000000002
1.0000000000000002
0.3563004293331381
0.3901052651831878
1.0000000000000002
1.0000000000000002
1.0000000000000002
1.0000000000000002
0.6029748160380572
0.7092972666062738
0.7092972666062738
1.0000000000000002
1.0
0.7092972666062739
0.7092972666062739
1.0000000000000002
1.0000000000000002
1.0000000000000002
0.7092972666062739
1.0
0.6694188517266485
0.7092972666062739
1.0000000000000002
1.0000000000000002
0.6029748160380572
0.9428090415820636
0.9428090415820636
1.0000000000000002
0.5031026124151314
1.0000000000000002
1.0000000000000002
0.6029748160380572
1.0000000000000002
1.0000000000000002
0.6029748160380572
1.0000000000000002
0.7092972666062739
1.0000000000000002
0.5031026124151314
0.6392306240536285
0.6029748160380572
0.6694188517266485
0.5031026124151314
0.8477624970048979
1.0000000000000002
0.6029748160380572
0.415076503287144
0.8181802073667197
0.8181802073667197
1.0000000000000004
1.0000000000000004
1.0000000000000002
0.7092972666062739
0.7092972666062739
1.0000000000000002
0.7092972666062739
0.5031026124151314
0.5031026124151314
0.5797386715376658
0.5023287782256718
0.6694188517266485
1.0
0.3901052651831878
0.7092972666062739
0.7765145304745156
0.4112070550676187
0.5797386715376658
1.0000000000000002
1.0000000000000002
1.0
0.4656462190988998
0.47408612469672984
0.47408612469672984
0.6029748160380572
0.7523197619890013
0.7523197619890013
0.34257479806115176
0.7092972666062739
0.6694188517266485
0.6694188517266485
0.8350499057520979
0.6348087971775132
0.7092972666062739
0.5797386715376658
0.6288915206066101
1.0000000000000002
1.0
0.7092972666062739
1.0000000000000002
1.0000000000000002
1.0000000000000002
0.5697077090551432
1.0000000000000002
0.7092972666062739
1.0000000000000002
1.0000000000000002
0.6827531502984261
0.6694188517266485
0.6327904583679945
1.0000000000000002
1.0000000000000002
0.7092972666062739
0.5031026124151314
0.7092972666062739
0.7092972666062739
0.7092972666062739
1.0000000000000002
0.7092972666062739
0.716811741443062
0.7523197619890014
1.0000000000000004
0.3799783615910079
0.3799783615910079
0.7092972666062739
0.6029748160380572
0.7092972666062739
0.7092972666062739
0.5031026124151314
0.7092972666062739
1.0000000000000002
0.5031026124151314
0.7092972666062739
0.7092972666062739
0.5031026124151314
0.5031026124151314
0.5031026124151314
0.5031026124151314
0.2605556710562624
0.2605556710562624
0.2605556710562624
0.2605556710562624
0.5031026124151314
0.5031026124151314
0.5586177528223194
0.45026814465562653
0.3041257418754935
0.3041257418754935
0.22028815056182974
0.20461595327752397
1.0000000000000002
1.0000000000000002
1.0000000000000002
1.0000000000000002
1.0000000000000002
0.5795885271719546
0.8737701068042875
0.8181802073667197
1.0000000000000002
1.0000000000000002
1.0000000000000002
1.0000000000000002
1.0000000000000002
0.4112070550676187
0.8181802073667197
0.4112070550676187
0.8181802073667197
0.4112070550676187
0.9449111825230682
1.0
1.0
1.0000000000000002
1.0000000000000002
1.0000000000000002
0.835049905752098
1.0000000000000002
1.0000000000000002
0.5797386715376658
1.0000000000000002
1.0000000000000002
0.6728984701822545
0.36311001193313747
0.5376010876815549
0.6949450440198668
0.7060777744337089
0.6327904583679949
0.5602611935265221
0.6348087971775132
0.6050614264813995
0.6050614264813995
0.8019783064439235
1.0000000000000002
0.8495766450412413
1.0000000000000002
1.0000000000000002
1.0000000000000002
0.5697077090551435
1.0000000000000002
0.6728984701822545
0.948683298050514
0.7092972666062739
1.0000000000000002
0.41120705506761873
0.41120705506761873
0.7092972666062739
0.7092972666062739
0.5031026124151314
0.35919638667180404
1.0000000000000002
1.0
1.0
1.0
1.0
0.7096597996236951
0.7096597996236951
0.6029748160380572
0.8181802073667197
0.8836351388995085
0.8901087250340665
0.7357532581618298
0.7357532581618298
1.0000000000000002
1.0000000000000002
0.7092972666062739
1.0000000000000002
0.5031026124151314
1.0000000000000002
1.0000000000000002
1.0000000000000002
0.5031026124151314
0.7092972666062739
0.7092972666062739
0.7092972666062739
0.7092972666062739
0.7092972666062739
1.0000000000000002
1.0000000000000002
0.5031026124151314
0.5031026124151314
0.5031026124151314
0.5031026124151314
0.5697077090551432
0.5697077090551432
0.3187840217537793
0.3187840217537793
0.3187840217537793
0.3187840217537793
1.0000000000000002
0.3187840217537793
0.3187840217537793
0.5031026124151314
0.5031026124151314
0.7168117414430619
0.6569729210330907
0.5803329846765686
0.8181802073667197
0.8181802073667197
0.6225407468137513
0.4826796606496646
1.0000000000000002
1.0000000000000002
1.0000000000000002
1.0000000000000002
1.0000000000000002
1.0000000000000002
1.0000000000000002
0.41036264495218466
0.4576241622696326
0.5757863613345238
0.6906579940599962
0.523536876902361
0.6029748160380572
0.6029748160380572
1.0000000000000004
1.0
1.0
1.0
1.0
1.0
0.7610391667672629
0.45026814465562653
0.45026814465562653
0.45026814465562653
0.4494364165239821
0.5101490193104813
0.6350012214071283
0.6029748160380572
0.33609692727625756
1.0000000000000002
1.0000000000000002
1.0000000000000002
1.0000000000000002
1.0000000000000002
0.33609692727625756
1.0000000000000002
0.4652915323370137
1.0000000000000002
0.41120705506761873
1.0000000000000002
1.0000000000000002
0.5031026124151314
0.7168117414430619
0.44943641652398214
1.0000000000000002
1.0000000000000002
1.0
0.7765145304745156
1.0
0.7765145304745156
0.6029748160380572
1.0
0.7092972666062739
0.6029748160380572
1.0
1.0
1.0000000000000002
0.7092972666062739
1.0000000000000002
0.5797386715376658
0.948683298050514
1.0000000000000002
1.0000000000000002
1.0
1.0
1.0
0.6029748160380572
0.7765145304745156
0.7092972666062739
0.7092972666062739
0.7092972666062739
0.7092972666062739
0.6029748160380572
0.7092972666062739
0.6569729210330907
0.716811741443062
0.7092972666062739
0.7092972666062738
1.0000000000000002
0.5697077090551432
0.7092972666062739
0.8032002037467099
0.44857690602166556
0.44857690602166556
0.5797386715376658
0.7765145304745156
0.7765145304745156
0.7092972666062739
0.5031026124151314
0.6569729210330907
0.6694188517266485
0.6694188517266485
0.5031026124151314
0.4112070550676187
1.0000000000000002
0.5797386715376658
0.5499883949217763
1.0000000000000002
0.33609692727625756
0.5101490193104813
0.5101490193104813
0.5101490193104813
0.5031026124151314
0.5031026124151314
0.2746117864358066
0.31089077468139725
0.31089077468139725
0.4112070550676187
0.3677199804697471
0.474330706497194
0.38087260847594373
0.38087260847594373
0.38087260847594373
0.38087260847594373
0.3563004293331381
0.4697567680115259
0.4697567680115259
1.0000000000000002
1.0000000000000002
1.0000000000000002
0.42305136624080664
1.0000000000000002
1.0000000000000002
1.0000000000000002
1.0000000000000002
0.33609692727625756
1.0000000000000002
1.0000000000000002
1.0000000000000002
1.0
0.7765145304745156
0.6029748160380572
0.6029748160380572
1.0
0.7799154245579976
0.5031026124151314
0.8200207392821179
0.716811741443062
0.716811741443062
1.0000000000000002
0.7092972666062739
1.0000000000000002
0.5031026124151314
0.5031026124151314
0.20199309249791836
0.4552018457650676
1.0000000000000002
0.7092972666062739
0.5031026124151314
0.7168117414430619
0.6392306240536285
0.6476308251809643
0.5023287782256718
0.5023287782256718
0.755474439421554
0.755474439421554
1.0
0.5031026124151314
0.6029748160380572
0.773675369346877
0.773675369346877
1.0000000000000002
0.6029748160380572
0.7092972666062739
1.0000000000000002
0.5031026124151314
1.0000000000000002
0.7092972666062739
0.7092972666062739
1.0000000000000002
0.5031026124151314
1.0000000000000002
0.5031026124151314
1.0000000000000002
1.0000000000000002
1.0000000000000002
0.6827531502984261
0.6827531502984261
0.6694188517266485
0.6827531502984261
1.0000000000000002
0.5031026124151314
1.0000000000000002
0.7092972666062739
1.0000000000000002
1.0000000000000002
1.0000000000000002
1.0000000000000002
1.0000000000000002
0.5031026124151314
1.0000000000000002
0.5031026124151314
0.7092972666062739
0.7092972666062739
0.7092972666062739
0.7092972666062739
0.5031026124151314
0.7092972666062739
1.0000000000000002
0.5031026124151314
1.0000000000000002
0.716811741443062
0.716811741443062
0.8466473536503034
0.716811741443062
1.0000000000000004
0.46975676801152594
0.7092972666062739
0.5031026124151314
0.5031026124151314
0.5031026124151314
0.7092972666062739
0.7092972666062739
0.7092972666062739
0.7092972666062739
1.0000000000000002
1.0000000000000002
1.0000000000000002
0.7092972666062739
1.0000000000000002
1.0000000000000002
1.0000000000000002
1.0000000000000002
0.7092972666062739
1.0000000000000002
0.7092972666062739
0.5031026124151314
0.776193897524313
1.0000000000000002
1.0000000000000002
0.6728984701822545
0.6728984701822545
0.5031026124151314
0.5031026124151314
1.0000000000000002
0.5031026124151314
0.7092972666062739
0.5031026124151314
0.5031026124151314
1.0000000000000002
1.0000000000000002
1.0000000000000004
0.7092972666062739
1.0000000000000002
0.7474073540060464
0.474330706497194
1.0000000000000002
0.5029292651136352
0.3200154270308073
0.474330706497194
0.41120705506761873
0.2605556710562624
1.0000000000000002
0.3799783615910079
0.3360969272762575
0.3799783615910079
0.3360969272762575
1.0000000000000002
1.0000000000000002
1.0000000000000002
0.22028815056182974
0.5031026124151314
0.5031026124151314
0.5031026124151314
0.3360969272762575
1.0000000000000002
0.23773923857522394
0.23773923857522394
0.57273935841962
0.5023287782256718
0.5023287782256718
0.5507796339456279
0.8333333333333335
0.3187840217537793
0.7092972666062738
0.7092972666062739
0.7092972666062739
0.4726991518529401
0.5797386715376658
1.0000000000000002
1.0000000000000002
0.5499883949217763
0.5499883949217763
0.6029748160380572
1.0000000000000002
1.0000000000000002
1.0000000000000002
1.0000000000000002
0.7060777744337089
0.7799154245579976
0.6029748160380572
0.7092972666062739
0.5031026124151314
0.5031026124151314
0.5803329846765686
0.5803329846765686
0.5031026124151314
0.5031026124151314
0.7092972666062739
1.0000000000000002
0.716811741443062
0.716811741443062
0.6327904583679949
0.3677199804697471
0.948683298050514
0.6639925549631843
0.6639925549631843
0.6639925549631843
0.6694188517266485
1.0
1.0000000000000002
0.3563004293331381
0.4003049304002399
0.6685014601763077
0.9428090415820636
1.0000000000000002
0.716811741443062
0.4494364165239821
0.8181802073667197
1.0000000000000002
1.0000000000000004
0.8181802073667195
0.7168117414430619
0.6029748160380572
0.4576241622696326
0.6694188517266485
0.6029748160380572
0.43161341897075156
1.0
0.6728984701822545
0.5031026124151314
1.0000000000000002
1.0000000000000002
1.0000000000000002
1.0000000000000002
1.0000000000000002
0.7092972666062739
0.7092972666062739
0.7092972666062739
1.0000000000000002
1.0000000000000002
0.7092972666062739
0.7092972666062739
0.3563004293331381
0.4073526042885674
0.5031026124151314
1.0000000000000002
0.5031026124151314
0.6029748160380572
1.0
1.0
1.0
1.0
1.0
1.0000000000000002
0.41036264495218466
1.0000000000000002
1.0000000000000002
1.0000000000000002
1.0000000000000002
1.0000000000000002
1.0000000000000002
1.0000000000000002
0.6827531502984261
1.0000000000000002
0.2910691023819054
0.4552018457650676
0.5797386715376658
0.6694188517266485
0.48097310796014436
0.5031026124151314
0.8466473536503034
0.716811741443062
1.0
0.5797386715376658
0.474330706497194
0.2910691023819054
0.474330706497194
0.5031026124151314
1.0000000000000002
1.0000000000000002
1.0000000000000002
0.5031026124151314
0.33609692727625756
0.6415817207015067
0.5031026124151314
1.0000000000000002
1.0
1.0000000000000002
0.7736753693468769
1.0
0.368023208756115
1.0
0.6694188517266485
1.0000000000000002
1.0000000000000002
0.7168117414430624
0.5499883949217763
1.0000000000000002
1.0000000000000002
1.0000000000000002
0.5031026124151314
0.5031026124151314
1.0000000000000002
0.5031026124151314
1.0000000000000002
0.3360969272762575
0.5149138161160748
0.7168117414430621
0.7168117414430621
0.4743307064971939
0.4743307064971939
0.8181802073667197
0.41120705506761873
1.0000000000000002
1.0000000000000002
1.0000000000000002
0.41120705506761873
0.33609692727625756
1.0000000000000002
0.6348087971775132
0.6029748160380572
0.5031026124151314
0.5371527818585983
0.5371527818585983
0.5803329846765686
1.0000000000000002
1.0
1.0000000000000002
1.0000000000000002
0.7092972666062739
0.5031026124151314
1.0000000000000002
0.5499883949217763
0.5499883949217763
1.0000000000000002
1.0
0.5797386715376658
0.5916895223854666
1.0000000000000002
1.0000000000000002
0.5754149145133081
1.0000000000000002
1.0000000000000002
