[0, 52, 57, 68, 73]
[1, 4, 5, 8, 19, 20, 21, 22, 23, 24, 25, 26, 27, 51, 53, 56, 58, 67, 69, 72, 74, 83, 84]
[4, 8, 39, 49, 51, 52, 53, 54, 56, 65, 67, 68, 69, 70, 72]
[0]
[1, 5]
[4, 8, 49, 51, 54, 56, 57, 58, 65, 67, 70, 72, 73, 74]
[14]
[15, 38]
[16]
[17]
[18]
[19, 20]
[19, 20]
[21, 22]
[21, 22]
[23, 24]
[23, 24]
[25, 26]
[25, 26]
[27]
[28]
[29, 30]
[29, 30]
[31, 32]
[31, 32]
[33, 34]
[33, 34]
[35, 36]
[35, 36]
[37]
[15, 38]
[43, 44]
[43, 44]
[43, 44]
[43, 44]
[43, 44]
[43, 44]
[59, 60, 80]
[59, 60, 80]
[59, 60, 80]
[59, 60, 80]
[59, 60, 80]
[59, 60, 80]
[59, 60, 80]
[41]
[42]
[43, 44]
[43, 44]
[11, 45, 86]
[46, 75]
[47]
[48]
[49, 54, 65, 70]
[57, 73]
[58, 74]
[49, 54, 65, 70]
[0, 52, 57, 68, 73]
[1, 4, 5, 8, 19, 20, 21, 22, 23, 24, 25, 26, 27, 51, 53, 56, 58, 67, 69, 72, 74, 83, 84]
[43, 44]
[43, 44]
[78, 79]
[78, 79]
[78, 79]
[78, 79]
[49, 54, 65, 70]
[0, 52, 57, 68, 73]
[48]
[49, 54, 65, 70]
[57, 73]
[48]
[46, 75]
[78, 79]
[78, 79]
[76, 77]
[76, 77]
[78, 79]
[78, 79]
[80]
[3]
[85]
[43, 44]
[78, 79]
[78, 79]
[43, 44]
[78, 79]
[78, 79]
[43, 44]
[43, 44]
[78, 79]
[78, 79]
[78, 79]
[78, 79]
[43, 44]
[43, 44]
[43, 44]
[43, 44]
[43, 44]
[43, 44]
[78, 79]
[78, 79]
[43, 44]
[78, 79]
[78, 79]
[11, 45, 86]
[43, 44]
[43, 44]
[43, 44]
