0.6755571577384749
0.8651600275073515
0.8651600275073515
0.6755571577384749
0.6755571577384749
1.0
1.0
1.0
1.0
1.0
1.0
1.0
1.0
1.0
1.0
1.0
1.0
1.0
1.0
1.0
1.0
1.0
1.0
1.0
1.0
1.0
1.0
1.0
1.0
1.0
0.9037749551350623
0.7418011102528388
0.7418011102528388
0.7817821097640076
0.7817821097640076
0.7418011102528388
0.7418011102528388
0.8333333333333334
0.8309691490542968
0.8309691490542968
0.9087129070824723
0.9087129070824723
0.9087129070824723
0.9087129070824723
0.9087129070824723
0.9087129070824723
0.9087129070824723
0.9087129070824723
0.9087129070824723
0.9087129070824723
0.9087129070824723
0.8867722965855405
0.891852385912825
0.891852385912825
0.891852385912825
0.891852385912825
0.891852385912825
0.891852385912825
0.891852385912825
0.891852385912825
0.891852385912825
0.891852385912825
0.891852385912825
0.891852385912825
0.7029862289595639
0.7142089077018654
0.7029862289595639
0.7142089077018654
0.6755571577384749
0.8578661890962597
0.8110177634953865
0.8110177634953865
0.8110177634953865
0.8110177634953865
0.6755571577384749
0.8110177634953865
0.8110177634953865
0.8110177634953865
0.8110177634953865
0.6755571577384749
0.7029862289595639
0.7029862289595639
0.7029862289595639
0.7029862289595639
1.0
1.0
1.0
1.0
1.0
1.0
1.0
1.0
1.0
1.0
1.0
1.0
1.0
1.0
1.0
1.0
0.8110177634953865
0.894590744661054
0.7817821097640076
0.7817821097640076
1.0
1.0
1.0
1.0
1.0
1.0
1.0
0.7418011102528388
1.0
1.0
1.0
1.0
1.0
1.0
1.0
1.0
1.0
1.0
1.0
1.0
1.0
1.0
1.0
1.0
1.0
1.0
1.0
1.0
1.0
1.0
1.0
1.0
1.0
1.0
1.0
1.0
1.0
1.0
1.0
1.0
1.0
1.0
1.0
1.0
1.0
1.0
0.8873127660361978
0.8873127660361978
0.6755571577384749
0.6755571577384749
0.6755571577384749
0.6755571577384749
0.7418011102528388
0.7418011102528388
0.6755571577384749
0.6755571577384749
0.6755571577384749
0.6755571577384749
1.0
1.0
1.0
1.0
1.0
1.0
1.0
1.0
1.0
1.0
1.0
1.0
1.0
1.0
1.0
1.0
1.0
1.0
1.0
1.0
1.0
1.0
1.0
1.0
1.0
1.0
1.0
1.0
1.0
1.0
1.0
1.0
1.0
1.0
1.0
1.0
1.0
1.0
1.0
1.0
1.0
1.0
1.0
1.0
1.0
1.0
1.0
1.0
1.0
1.0
1.0
1.0
1.0
0.7418011102528388
1.0
1.0
1.0
1.0
1.0
1.0
1.0
1.0
1.0
1.0
1.0
1.0
1.0
1.0
1.0
1.0
1.0
1.0
1.0
1.0
1.0
1.0
1.0
1.0
1.0
1.0
1.0
1.0
1.0
1.0
1.0
1.0
1.0
1.0
1.0
1.0
1.0
1.0
0.7418011102528388
1.0
1.0
1.0
1.0
1.0
1.0
1.0
1.0
0.7418011102528388
0.7400676672381087
0.7418011102528388
0.7400676672381087
0.7418011102528388
0.7553556916850086
0.8441426999601607
0.8441426999601607
0.8174258141649446
0.8174258141649446
0.7730960395317724
0.7730960395317724
0.8466070022305259
0.8466070022305259
0.6755571577384749
0.7418011102528388
1.0
1.0
1.0
1.0
1.0
1.0
1.0
1.0
1.0
1.0
1.0
1.0
1.0
1.0
1.0
1.0
1.0
1.0
1.0
1.0
1.0
1.0
1.0
1.0
1.0
1.0
1.0
1.0
1.0
1.0
1.0
1.0
1.0
1.0
1.0
1.0
1.0
1.0
1.0
1.0
1.0
1.0
1.0
1.0
1.0
1.0
1.0
1.0
1.0
1.0
1.0
1.0
1.0
1.0
1.0
1.0
1.0
1.0
1.0
1.0
1.0
1.0
1.0
1.0
1.0
1.0
1.0
1.0
1.0
1.0
1.0
1.0
1.0
0.6755571577384749
1.0
1.0
1.0
0.9075499672957952
0.9075499672957952
1.0
1.0
1.0
1.0
1.0
1.0
1.0
1.0
1.0
1.0
1.0
1.0
1.0
1.0
1.0
1.0
1.0
1.0
1.0
0.8740118423302576
0.8740118423302576
0.8441426999601607
0.8441426999601607
0.8174258141649446
0.8174258141649446
0.7851655377881701
0.7851655377881701
0.8466070022305259
0.8466070022305259
0.8441426999601607
0.8441426999601607
0.8174258141649446
0.8174258141649446
0.7851655377881701
0.7851655377881701
0.8466070022305259
0.8466070022305259
0.8259223440443022
0.8259223440443022
0.7400676672381087
0.7730960395317724
0.7730960395317724
0.7400676672381087
0.7400676672381087
0.7730960395317724
0.7730960395317724
0.7400676672381087
0.8441426999601607
0.8441426999601607
0.8174258141649446
0.8174258141649446
0.7675670354645487
0.7675670354645487
0.8466070022305259
0.8466070022305259
0.7418011102528388
0.7418011102528388
0.8578661890962597
0.9055088817476932
0.6755571577384749
1.0
0.6755571577384749
0.6755571577384749
0.6755571577384749
0.6755571577384749
1.0
1.0
1.0
1.0
1.0
1.0
1.0
1.0
1.0
1.0
1.0
1.0
1.0
1.0
1.0
1.0
0.6755571577384749
0.6755571577384749
0.6755571577384749
0.6755571577384749
0.7418011102528388
0.7418011102528388
0.6755571577384749
0.6755571577384749
0.6755571577384749
0.6755571577384749
0.6666666666666667
0.6666666666666667
0.6973577280667042
0.8933996418221948
0.8933996418221948
0.8933996418221948
0.8933996418221948
0.8933996418221948
0.8933996418221948
0.8110177634953865
0.7418011102528388
1.0
1.0
1.0
1.0
1.0
1.0
1.0
1.0
1.0
1.0
1.0
1.0
1.0
1.0
1.0
1.0
1.0
1.0
1.0
1.0
1.0
1.0
1.0
1.0
1.0
1.0
1.0
1.0
1.0
1.0
1.0
1.0
1.0
1.0
1.0
1.0
1.0
1.0
