0.5434782608695652
0.8235294117647058
0.9482758620689655
0.8307692307692307
0.84375
0.6428571428571428
0.9523809523809523
0.9642857142857143
0.8809523809523809
0.7162162162162162
0.42592592592592593
0.3258426966292135
0.3220338983050848
0.8181818181818181
0.75
1.0
0.7307692307692308
0.875
0.7333333333333334
0.8666666666666667
0.7333333333333334
0.875
0.3846153846153846
0.4666666666666667
0.4666666666666667
0.5161290322580645
0.33720930232558144
0.453125
0.5
1.0
1.0
1.0
1.0
0.6774193548387097
0.5416666666666667
0.5945945945945945
0.65625
0.5945945945945945
0.65625
0.6363636363636364
1.0
1.0
0.6363636363636364
0.7857142857142857
0.88
0.5555555555555556
0.6923076923076923
0.6451612903225806
0.4526315789473684
0.9393939393939394
0.9019607843137255
0.33720930232558144
0.33720930232558144
1.0
1.0
1.0
0.44999999999999996
0.34782608695652173
0.5
0.4545454545454546
0.3614457831325302
0.6212121212121212
0.6212121212121212
0.6120689655172413
0.728813559322034
0.33720930232558144
1.0
0.7586206896551724
0.6842105263157895
0.4411764705882353
0.8787878787878788
0.6041666666666667
0.6041666666666667
0.6041666666666667
0.6774193548387097
0.9038461538461539
0.8372093023255813
0.8333333333333334
1.0
0.6923076923076923
0.7857142857142857
0.7333333333333334
0.9333333333333333
0.6875
0.75
0.3977272727272727
0.45945945945945943
0.43243243243243246
0.48484848484848486
0.5238095238095238
0.4382022471910112
0.4382022471910112
1.0
1.0
0.9117647058823529
0.6060606060606061
0.6060606060606061
0.6060606060606061
0.875
1.0
1.0
0.9090909090909091
0.6933333333333334
0.7692307692307692
0.7894736842105263
0.9076923076923077
0.9550561797752809
0.7777777777777778
0.7777777777777778
0.4408602150537635
0.4375
0.7096774193548387
0.7777777777777778
0.75
0.675
0.675
1.0
0.7666666666666666
0.7096774193548387
0.7
0.575
0.575
1.0
0.8181818181818181
0.47619047619047616
1.0
0.7894736842105263
0.7894736842105263
0.7894736842105263
0.7894736842105263
0.8
0.5333333333333333
0.33720930232558144
0.625
1.0
1.0
0.5897435897435898
0.631578947368421
0.84375
0.84375
0.84375
0.8125
0.8125
0.9302325581395349
0.7311827956989247
0.64
0.64
0.7083333333333333
0.653061224489796
0.653061224489796
0.5454545454545454
0.5416666666666667
0.9111111111111111
0.2857142857142857
0.4571428571428572
0.5263157894736843
1.0
0.6129032258064516
1.0
1.0
0.5909090909090908
1.0
1.0
0.45999999999999996
0.9111111111111111
0.6060606060606061
0.6774193548387097
0.6052631578947368
0.6363636363636364
1.0
0.419047619047619
0.6666666666666667
0.7692307692307692
0.5945945945945945
0.9032258064516129
0.84375
0.5
0.5
0.7
0.6206896551724138
0.4545454545454546
0.390625
0.38596491228070173
0.6470588235294117
0.543859649122807
0.6470588235294117
0.32432432432432434
0.8571428571428572
0.6451612903225806
0.7614678899082569
0.8918918918918919
0.5789473684210527
0.5789473684210527
0.48245614035087714
0.5789473684210527
0.5789473684210527
0.9142857142857143
0.5806451612903225
0.5510204081632653
0.5121951219512195
0.9333333333333333
0.4651162790697675
0.43939393939393945
0.6666666666666667
0.6666666666666667
0.6666666666666667
0.6666666666666667
0.4328358208955224
0.7096774193548387
0.8
0.27826086956521734
0.5396825396825398
0.8666666666666667
0.8666666666666667
0.75
0.8648648648648649
0.84375
0.7941176470588236
0.9
0.8709677419354839
0.5555555555555556
0.5232558139534884
0.36
0.84375
0.84375
0.7096774193548387
0.6538461538461539
0.9696969696969697
0.9333333333333333
0.75
0.8
0.8666666666666667
0.8
0.7333333333333334
0.9375
0.8
0.8666666666666667
0.8666666666666667
0.6
0.6
0.875
0.8
0.46153846153846156
0.92
0.7678571428571428
0.53125
0.7894736842105263
0.7894736842105263
0.7857142857142857
0.45945945945945943
0.8857142857142857
0.7692307692307692
0.8928571428571429
0.9333333333333333
0.7948717948717949
0.3846153846153846
0.84
0.8
0.9473684210526316
0.9473684210526316
0.8709677419354839
0.7
0.33944954128440363
0.4
0.4177215189873418
0.4545454545454546
0.4545454545454546
0.32456140350877194
0.32456140350877194
0.7941176470588236
0.4545454545454546
0.453125
0.4411764705882353
0.4411764705882353
0.4545454545454546
0.7931034482758621
0.4339622641509434
0.5294117647058824
0.6590909090909092
0.6590909090909092
0.6818181818181819
0.6590909090909092
0.6818181818181819
0.6818181818181819
0.6818181818181819
0.6818181818181819
0.6818181818181819
0.99
0.7913043478260869
0.5164835164835164
0.7840909090909091
0.7123287671232876
0.4545454545454546
1.0
1.0
0.7941176470588236
0.7941176470588236
0.8108108108108107
0.696969696969697
0.9333333333333333
0.6666666666666667
0.7333333333333334
0.6666666666666667
0.6571428571428571
0.5813953488372092
0.5066666666666666
0.631578947368421
0.6176470588235294
0.4852941176470589
0.4411764705882353
0.9032258064516129
0.75
0.9375
0.9375
1.0
0.41880341880341876
1.0
1.0
0.7758620689655172
0.55
0.55
0.5666666666666667
0.5666666666666667
0.5
0.5
0.5526315789473684
0.5526315789473684
0.5526315789473684
0.5526315789473684
0.5
0.5
0.5416666666666667
0.5416666666666667
0.5
0.5
0.5263157894736843
0.5263157894736843
0.5238095238095238
0.45192307692307687
0.45192307692307687
0.4915254237288136
0.45192307692307687
0.45192307692307687
0.5066666666666666
0.4693877551020408
0.8289473684210527
0.5833333333333333
0.8709677419354839
0.5833333333333333
0.8947368421052632
0.38888888888888884
0.4852941176470589
0.46478873239436624
0.675
0.6428571428571428
0.5818181818181818
0.35779816513761464
0.44999999999999996
0.4545454545454546
0.5555555555555556
0.5454545454545454
0.47058823529411764
0.5
0.5555555555555556
0.5588235294117647
0.52
0.34615384615384615
0.6666666666666667
0.8666666666666667
0.6666666666666667
0.8125
0.8
0.9333333333333333
0.6666666666666667
0.4
0.4
0.7419354838709677
0.4
0.6842105263157895
0.47540983606557374
0.47540983606557374
0.6
0.736842105263158
0.4222222222222223
0.4285714285714286
0.4285714285714286
0.6486486486486487
0.5882352941176471
0.7407407407407407
0.9047619047619048
0.5333333333333333
0.6785714285714286
0.6785714285714286
0.32692307692307687
0.6785714285714286
0.8666666666666667
0.8666666666666667
0.5666666666666667
0.3970588235294118
0.4666666666666667
0.5666666666666667
0.36986301369863017
0.4666666666666667
0.4695652173913043
0.8666666666666667
0.48275862068965514
0.48275862068965514
0.48275862068965514
0.4897959183673469
0.45999999999999996
0.47058823529411764
0.4819277108433735
0.4819277108433735
0.4819277108433735
0.8
0.9285714285714286
0.7857142857142857
0.9333333333333333
0.5454545454545454
0.6
0.3913043478260869
0.3913043478260869
0.42105263157894735
0.42028985507246375
0.4509803921568627
0.5454545454545454
0.5454545454545454
1.0
0.75
0.6470588235294117
0.52
1.0
1.0
0.7948717948717949
0.5454545454545454
0.3275862068965517
0.8181818181818181
0.6666666666666667
1.0
0.6818181818181819
0.6818181818181819
0.6363636363636364
0.6363636363636364
0.5357142857142857
0.7
0.7037037037037037
0.5625
0.5625
0.7857142857142857
0.5
0.7
0.691358024691358
0.5625
0.5625
0.7857142857142857
0.9649122807017544
0.9
0.4411764705882353
0.8411214953271028
0.8411214953271028
0.41025641025641024
0.875
0.8666666666666667
0.525
0.525
0.8372093023255813
0.8372093023255813
0.9459459459459459
0.9047619047619048
0.42105263157894735
0.33333333333333337
0.33333333333333337
0.375
0.375
0.76
0.7857142857142857
0.7346938775510203
0.7346938775510203
0.7346938775510203
0.7346938775510203
0.75
0.7333333333333334
0.9365079365079365
0.9365079365079365
0.7941176470588236
0.6153846153846154
0.6363636363636364
0.7941176470588236
0.935483870967742
0.7818181818181819
0.9655172413793104
0.84375
0.84375
0.8709677419354839
0.6976744186046512
0.7848101265822784
0.7848101265822784
0.7857142857142857
0.7837837837837838
0.7906976744186046
0.4537037037037037
0.8240740740740741
0.8240740740740741
0.6039603960396039
0.6039603960396039
0.7333333333333334
0.8125
0.6666666666666667
0.6666666666666667
0.5070422535211268
0.48
0.6774193548387097
0.6842105263157895
0.4666666666666667
0.7708333333333334
0.4385964912280702
0.4385964912280702
0.3793103448275862
0.4
0.4545454545454546
0.9090909090909091
0.4032258064516129
0.4032258064516129
0.4954128440366973
0.625
0.8888888888888888
0.38749999999999996
0.7857142857142857
0.6
0.5454545454545454
0.5454545454545454
0.7155963302752293
0.7647058823529411
0.6865671641791045
0.3928571428571429
0.40476190476190477
0.5
0.8571428571428572
0.7333333333333334
0.52
0.8
0.9333333333333333
0.9333333333333333
0.8666666666666667
0.7714285714285715
0.6666666666666667
0.7
0.8571428571428572
0.7857142857142857
0.75
0.8666666666666667
0.7948717948717949
0.4666666666666667
0.5789473684210527
0.7777777777777778
0.38095238095238093
0.3055555555555556
0.36363636363636365
0.36363636363636365
0.38095238095238093
0.38095238095238093
0.9333333333333333
0.875
0.46153846153846156
0.7333333333333334
0.9333333333333333
0.9333333333333333
0.5135135135135135
0.5135135135135135
0.8666666666666667
0.8125
0.8805970149253731
0.6470588235294117
0.6865671641791045
0.8666666666666667
0.8666666666666667
0.9333333333333333
0.8125
0.8125
0.8125
0.6865671641791045
0.7313432835820896
0.4411764705882353
0.6041666666666667
0.4852941176470589
0.6521739130434783
1.0
0.8571428571428572
0.4782608695652174
0.4545454545454546
0.4
0.52
0.8823529411764706
0.4545454545454546
0.40506329113924056
0.4411764705882353
0.40506329113924056
0.8974358974358975
0.8974358974358975
0.9636363636363636
0.9090909090909091
0.6774193548387097
0.65625
0.6470588235294117
0.4716981132075472
0.5833333333333333
0.6052631578947368
0.5833333333333333
0.9523809523809523
0.5714285714285714
0.9333333333333333
0.8666666666666667
0.9074074074074074
0.4411764705882353
0.4782608695652174
0.4545454545454546
0.3513513513513513
0.6739130434782609
0.6727272727272727
0.6727272727272727
0.4545454545454546
0.7333333333333334
0.8
0.7333333333333334
0.75
0.8
0.8666666666666667
0.6730769230769231
0.8235294117647058
0.8205128205128205
0.8
0.8235294117647058
0.4956521739130435
0.6886792452830188
0.7
0.7419354838709677
0.44999999999999996
1.0
0.7864077669902912
0.84
0.4852941176470589
0.4411764705882353
0.6761904761904762
0.7176470588235294
0.5384615384615384
0.7666666666666666
0.4852941176470589
0.9411764705882353
0.65
0.5384615384615384
0.4411764705882353
0.875
0.8181818181818181
0.7105263157894737
0.5
0.40476190476190477
0.5
0.4285714285714286
0.4285714285714286
0.38888888888888884
0.42307692307692313
0.42307692307692313
1.0
1.0
0.5609756097560976
0.9302325581395349
0.7913043478260869
0.33333333333333337
0.7192982456140351
0.7184466019417476
0.4482758620689655
0.2948717948717948
0.4871794871794872
0.5066666666666666
0.5066666666666666
0.30434782608695654
0.41666666666666663
0.6557377049180328
0.7157894736842105
0.6428571428571428
0.8484848484848485
0.3589743589743589
0.7714285714285715
0.35238095238095235
0.4285714285714286
0.36363636363636365
0.6835443037974683
0.6835443037974683
0.3392857142857143
0.8285714285714285
0.6835443037974683
0.6835443037974683
0.76
0.8928571428571429
1.0
1.0
1.0
1.0
1.0
1.0
1.0
1.0
0.7333333333333334
0.6666666666666667
0.6344086021505376
0.4545454545454546
0.4054054054054054
0.41666666666666663
0.4411764705882353
0.6666666666666667
0.5333333333333333
0.5405405405405406
0.6808510638297872
0.6808510638297872
0.6176470588235294
0.5405405405405406
0.6595744680851063
0.6595744680851063
0.6176470588235294
0.4035087719298246
0.4852941176470589
0.4916666666666667
0.4918032786885246
0.9302325581395349
0.41025641025641024
0.3846153846153846
0.6470588235294117
0.41025641025641024
0.7142857142857143
0.5789473684210527
0.8666666666666667
0.9375
0.7837837837837838
0.37777777777777777
0.35
0.8181818181818181
0.3492063492063492
0.34375
0.5806451612903225
0.782608695652174
0.782608695652174
0.4285714285714286
0.9333333333333333
0.41860465116279066
0.7777777777777778
0.5333333333333333
0.8285714285714285
0.8305084745762712
0.7428571428571429
0.8
0.8
0.8
0.8823529411764706
0.49230769230769234
0.575
0.75
0.5066666666666666
0.4545454545454546
0.4444444444444444
0.7608695652173914
0.75
0.8709677419354839
0.8709677419354839
0.5882352941176471
0.40909090909090906
0.8333333333333334
0.7916666666666666
0.8333333333333334
0.9473684210526316
0.6388888888888888
0.7857142857142857
0.6203703703703703
0.6203703703703703
0.6181818181818182
0.859375
0.859375
0.828125
0.828125
0.7623762376237624
0.7623762376237624
0.7524752475247525
0.7524752475247525
0.7524752475247525
0.7524752475247525
1.0
0.78
0.7647058823529411
0.5692307692307692
0.8909090909090909
0.4473684210526315
0.6363636363636364
0.7719298245614035
0.5531914893617021
0.7058823529411764
0.5222222222222221
0.6176470588235294
0.5904761904761905
0.7916666666666666
1.0
1.0
1.0
0.8333333333333334
0.7916666666666666
0.7916666666666666
1.0
1.0
1.0
0.8333333333333334
0.7916666666666666
0.6451612903225806
0.6515151515151515
0.3951612903225806
0.6666666666666667
0.43333333333333335
0.4903846153846154
0.4495412844036697
0.7058823529411764
1.0
0.5042016806722689
0.6608695652173913
0.30952380952380953
0.6056338028169015
0.5070422535211268
0.9302325581395349
0.9117647058823529
0.6904761904761905
0.7468354430379747
1.0
0.5070422535211268
0.3943661971830986
0.4137931034482759
0.4137931034482759
0.33720930232558144
1.0
0.8717948717948718
0.9425287356321839
0.4893617021276596
1.0
1.0
1.0
1.0
1.0
0.6153846153846154
0.967741935483871
0.5737704918032787
0.5555555555555556
0.5625
0.4285714285714286
0.43000000000000005
0.5185185185185186
0.4
0.5
0.4285714285714286
0.40963855421686746
0.5625
1.0
0.7272727272727273
0.6818181818181819
0.8333333333333334
0.6363636363636364
0.6818181818181819
0.8181818181818181
0.40909090909090906
0.33333333333333337
0.7916666666666666
0.6785714285714286
0.8061224489795918
0.9292035398230089
0.7168141592920354
0.7311827956989247
0.9333333333333333
0.9333333333333333
0.9333333333333333
0.8
0.8
0.875
0.8666666666666667
0.9333333333333333
0.8666666666666667
0.8125
0.5
0.75
0.8666666666666667
0.8666666666666667
0.6875
0.896551724137931
0.896551724137931
0.875
0.9375
0.9375
0.41880341880341876
0.33720930232558144
0.676923076923077
0.6923076923076923
0.676923076923077
0.6923076923076923
0.6923076923076923
0.6428571428571428
0.7868852459016393
0.6440677966101696
0.64
0.6666666666666667
0.7619047619047619
0.5529411764705883
0.7285714285714286
0.5384615384615384
0.7289719626168225
0.5384615384615384
0.719626168224299
0.6888888888888889
0.5714285714285714
0.9032258064516129
0.8181818181818181
0.935483870967742
0.6111111111111112
0.41666666666666663
0.4545454545454546
0.4722222222222222
0.5454545454545454
0.36363636363636365
0.9375
0.9375
0.8484848484848485
0.90625
0.55
0.7611940298507462
0.41666666666666663
0.4666666666666667
0.48484848484848486
0.7636363636363637
0.4354838709677419
0.4545454545454546
0.7157894736842105
0.4954128440366973
0.4392523364485982
0.6666666666666667
0.8
0.75
0.7333333333333334
0.896551724137931
0.9032258064516129
0.90625
0.42105263157894735
0.5555555555555556
0.3369565217391305
0.8571428571428572
0.6875
0.6363636363636364
0.5555555555555556
0.5454545454545454
0.5454545454545454
0.5416666666666667
0.34615384615384615
0.38235294117647056
0.5384615384615384
0.6363636363636364
0.4
0.5428571428571429
0.7333333333333334
0.8
0.7333333333333334
0.75
0.47619047619047616
0.8
0.7333333333333334
0.9873417721518988
0.8666666666666667
0.4666666666666667
0.8666666666666667
0.8666666666666667
0.9375
0.6923076923076923
0.9375
0.7906976744186046
0.6428571428571428
0.7160493827160495
0.6666666666666667
0.6904761904761905
0.3697478991596639
0.6666666666666667
0.7333333333333334
0.5555555555555556
0.8
0.47619047619047616
0.7333333333333334
0.5
0.4666666666666667
0.4666666666666667
0.5
0.4666666666666667
0.935483870967742
0.6904761904761905
0.6274509803921569
0.45299145299145294
0.7631578947368421
0.7435897435897436
0.7692307692307692
0.5
0.4117647058823529
0.5555555555555556
0.48305084745762716
0.48305084745762716
0.4
0.33720930232558144
0.4157303370786517
0.8627450980392157
0.33720930232558144
0.7619047619047619
0.625
0.4083333333333333
0.34615384615384615
0.3173076923076923
0.4545454545454546
0.4411764705882353
0.4054054054054054
0.4545454545454546
0.4696969696969697
0.33720930232558144
0.7142857142857143
0.6222222222222222
0.8484848484848485
0.8461538461538461
0.7837837837837838
0.7142857142857143
0.7619047619047619
0.5421686746987953
0.7014925373134329
0.813953488372093
0.6129032258064516
0.6181818181818182
0.9298245614035088
0.7027027027027026
0.7115384615384616
0.5454545454545454
0.6744186046511628
1.0
1.0
0.7837837837837838
0.9506172839506173
0.962962962962963
0.9636363636363636
0.7083333333333333
0.7083333333333333
0.8472222222222222
0.8472222222222222
0.33333333333333337
0.5142857142857142
0.4
0.41860465116279066
0.41463414634146345
0.4
0.3855421686746988
0.6428571428571428
0.4915254237288136
0.7027027027027026
0.8064516129032258
0.9693877551020408
0.9693877551020408
0.712962962962963
1.0
0.4421052631578948
0.42452830188679247
0.5294117647058824
0.813953488372093
0.7419354838709677
0.8205128205128205
0.4700854700854701
0.5306122448979591
0.8292682926829268
0.7580645161290323
0.4956521739130435
0.4714285714285714
0.855072463768116
0.935064935064935
0.6605504587155964
0.7027027027027026
0.7037037037037037
0.8615384615384616
0.33720930232558144
1.0
0.4375
0.7580645161290323
0.41747572815533984
0.4285714285714286
0.8372093023255813
0.9105691056910569
0.9655172413793104
0.3571428571428571
0.3571428571428571
0.7130434782608696
0.4545454545454546
0.46153846153846156
0.34883720930232553
0.37209302325581395
0.6896551724137931
0.33720930232558144
0.33720930232558144
0.9716981132075472
0.9716981132075472
0.4329896907216495
0.5306122448979591
0.8292682926829268
0.7580645161290323
0.4077669902912622
0.4285714285714286
0.8222222222222222
0.9426229508196722
0.4285714285714286
0.813953488372093
0.75
0.4329896907216495
0.7619047619047619
0.4666666666666667
0.6666666666666667
0.7741935483870968
1.0
1.0
0.9375
0.5042016806722689
0.5042016806722689
0.6666666666666667
0.9375
0.7222222222222222
0.8125
0.5384615384615384
0.875
0.7857142857142857
0.6904761904761905
0.6382978723404256
0.828125
0.5522388059701493
0.7846153846153846
0.5671641791044777
0.6458333333333333
0.63
0.6698113207547169
0.4933333333333333
0.6181818181818182
0.4196428571428571
0.6181818181818182
0.8
0.6111111111111112
0.8666666666666667
0.875
0.8666666666666667
0.9333333333333333
0.8666666666666667
0.44791666666666663
0.3529411764705882
0.33333333333333337
0.38095238095238093
0.8181818181818181
0.4347826086956522
0.9302325581395349
0.4526315789473684
0.6836734693877551
0.75
0.75
0.4545454545454546
0.6129032258064516
0.4173913043478261
0.6363636363636364
0.4193548387096774
0.6428571428571428
0.3571428571428571
0.5892857142857143
0.5394736842105263
0.5394736842105263
0.5258620689655172
0.6041666666666667
0.6612903225806452
0.7043478260869565
0.6181818181818182
0.46564885496183206
0.6181818181818182
0.47572815533980584
0.47572815533980584
0.35652173913043483
0.34782608695652173
0.39603960396039606
0.546218487394958
0.29032258064516125
0.29032258064516125
0.29032258064516125
0.29032258064516125
0.6181818181818182
0.6739130434782609
0.8666666666666667
0.8666666666666667
0.5
0.9333333333333333
0.8
0.368421052631579
0.8181818181818181
0.368421052631579
0.7096774193548387
0.37142857142857144
0.3116883116883117
0.8333333333333334
0.44791666666666663
0.5504587155963303
0.9245283018867925
0.5714285714285714
0.8
0.6774193548387097
0.6875
0.4375
0.4375
0.5806451612903225
0.6774193548387097
0.5688073394495412
0.5688073394495412
0.736842105263158
0.8181818181818181
0.6181818181818182
0.4722222222222222
0.6904761904761905
0.5135135135135135
0.5135135135135135
0.5211267605633803
0.6129032258064516
0.47572815533980584
0.47572815533980584
0.5466666666666666
0.6976744186046512
0.6470588235294117
0.6153846153846154
0.4137931034482759
0.6666666666666667
0.5466666666666666
0.6976744186046512
0.8
0.9333333333333333
0.5714285714285714
0.9333333333333333
0.8125
0.75
0.75
0.75
0.3839285714285714
0.4022988505747126
0.5824175824175823
1.0
0.8125
1.0
0.7333333333333334
0.4
0.5238095238095238
0.4117647058823529
0.4
0.5238095238095238
0.5238095238095238
0.4482758620689655
0.7538461538461538
0.49122807017543857
0.686046511627907
0.3535353535353535
0.3535353535353535
0.6627906976744187
0.9076923076923077
0.3846153846153846
0.5245901639344263
0.5283018867924528
0.4122807017543859
0.5833333333333333
0.6605504587155964
0.4534883720930233
0.4767441860465116
0.5526315789473684
0.813953488372093
0.7674418604651163
0.8205128205128205
0.8205128205128205
0.6904761904761905
0.514018691588785
0.514018691588785
0.6470588235294117
0.6428571428571428
0.8205128205128205
0.8205128205128205
0.6904761904761905
0.3232323232323232
0.7857142857142857
0.8
0.49275362318840576
0.7894736842105263
1.0
0.9333333333333333
0.42391304347826086
0.4666666666666667
0.8666666666666667
0.4545454545454546
0.4545454545454546
0.3846153846153846
0.6770833333333333
0.7692307692307692
0.7142857142857143
0.6046511627906976
0.6875
0.7407407407407407
0.65625
0.7407407407407407
0.8928571428571429
0.9104477611940298
0.8928571428571429
0.9104477611940298
0.8666666666666667
0.9333333333333333
0.8
0.8
0.4814814814814815
1.0
0.6666666666666667
0.6627906976744187
1.0
0.7954545454545454
1.0
0.972972972972973
1.0
1.0
1.0
1.0
1.0
1.0
0.8857142857142857
0.8285714285714285
0.8157894736842105
0.9411764705882353
0.8857142857142857
0.775
1.0
1.0
0.7647058823529411
0.9347826086956522
0.5526315789473684
0.3278688524590164
0.8863636363636364
1.0
0.6181818181818182
0.5555555555555556
0.5555555555555556
0.9846153846153847
0.9873417721518988
0.8888888888888888
0.45238095238095233
0.9285714285714286
0.4642857142857143
0.9
0.48484848484848486
0.7358490566037736
0.8
0.4
0.42307692307692313
0.7777777777777778
0.8
0.5909090909090908
0.8666666666666667
0.46808510638297873
0.5294117647058824
0.47058823529411764
0.40740740740740744
0.7
0.6363636363636364
0.4907407407407407
0.4579439252336449
0.47706422018348627
0.3448275862068966
0.5106382978723405
0.33720930232558144
0.5555555555555556
0.6744186046511628
0.8918918918918919
0.6862745098039216
0.75
0.875
0.7818181818181819
0.5357142857142857
0.5
0.5
0.5555555555555556
0.7818181818181819
0.360655737704918
0.875
0.9333333333333333
0.8666666666666667
0.8484848484848485
0.8484848484848485
0.3482142857142857
0.6458333333333333
0.85
0.31999999999999995
0.4852941176470589
0.6595744680851063
0.6833333333333333
0.5789473684210527
0.5789473684210527
0.5357142857142857
0.95
0.95
0.5
0.7692307692307692
0.4411764705882353
0.4852941176470589
0.3908045977011494
0.6666666666666667
0.4683544303797469
0.45599999999999996
0.4126984126984127
0.5391304347826087
0.6695652173913044
0.423728813559322
0.3214285714285714
0.3904761904761904
0.6724137931034483
0.5445544554455446
0.4666666666666667
0.3829787234042553
0.5333333333333333
0.52
0.5504587155963303
0.4411764705882353
0.32258064516129037
0.8666666666666667
0.75
0.8125
0.5
0.6181818181818182
0.6181818181818182
0.6181818181818182
0.8666666666666667
0.5555555555555556
0.8
0.8666666666666667
0.875
0.7948717948717949
0.4666666666666667
0.4666666666666667
0.6705882352941177
0.6705882352941177
0.7102803738317758
0.7102803738317758
0.8636363636363636
0.40740740740740744
0.30487804878048785
0.5818181818181818
0.9666666666666667
0.6181818181818182
0.9180327868852459
0.6181818181818182
0.5252525252525253
0.6962025316455696
0.6181818181818182
0.6695652173913044
0.7215189873417722
0.43137254901960786
1.0
1.0
0.84375
0.47058823529411764
0.4
0.3220338983050848
0.9375
0.8125
0.8666666666666667
0.52
0.5
0.4545454545454546
0.4545454545454546
0.40909090909090906
0.5714285714285714
0.5161290322580645
0.48684210526315785
0.48684210526315785
0.33333333333333337
0.8666666666666667
0.5652173913043479
0.8235294117647058
0.9333333333333333
0.8666666666666667
0.75
0.875
0.8125
0.875
0.5405405405405406
0.5405405405405406
0.5675675675675675
0.5675675675675675
0.575
0.575
0.5609756097560976
0.5609756097560976
0.4878048780487805
0.4878048780487805
0.5666666666666667
0.5666666666666667
0.631578947368421
0.5333333333333333
0.5333333333333333
0.5333333333333333
0.5405405405405406
0.5405405405405406
0.55
0.55
0.8
0.8
0.8
0.8
0.5333333333333333
0.6666666666666667
0.75
0.6857142857142857
0.6153846153846154
0.7123287671232876
0.7123287671232876
0.39622641509433965
0.4285714285714286
0.8983050847457628
0.5119047619047619
0.6451612903225806
0.7096774193548387
0.9285714285714286
0.3571428571428571
0.7777777777777778
0.6923076923076923
0.6470588235294117
0.5063291139240507
0.3457943925233645
0.875
0.8666666666666667
0.8666666666666667
0.75
0.8666666666666667
0.8666666666666667
0.7333333333333334
0.8666666666666667
0.5
0.8
0.9333333333333333
0.875
0.4666666666666667
0.8
0.43137254901960786
0.41666666666666663
0.8666666666666667
0.47619047619047616
0.9333333333333333
0.8666666666666667
0.9333333333333333
0.9333333333333333
0.8125
0.8
0.8
0.875
0.38961038961038963
0.7
0.4382022471910112
0.4736842105263158
0.8666666666666667
0.3653846153846154
0.36363636363636365
0.2857142857142857
0.3513513513513513
0.8115942028985508
0.8548387096774194
0.8157894736842105
0.8108108108108107
0.33333333333333337
0.6060606060606061
0.4666666666666667
0.6
0.4117647058823529
0.37142857142857144
0.7333333333333334
0.6962025316455696
0.5609756097560976
0.4695652173913043
0.6730769230769231
0.8666666666666667
0.7333333333333334
0.6875
0.8125
0.75
0.6666666666666667
0.7575757575757576
0.7560975609756098
0.7142857142857143
0.6785714285714286
0.7333333333333334
0.631578947368421
0.5
0.7313432835820896
0.7619047619047619
1.0
0.9166666666666666
0.8928571428571429
0.7619047619047619
0.5463917525773196
0.5154639175257731
0.5233644859813085
0.813953488372093
0.7380952380952381
0.5773195876288659
0.514018691588785
0.5327102803738317
0.8222222222222222
0.7128712871287128
1.0
0.6666666666666667
0.44859813084112155
0.6153846153846154
0.5714285714285714
0.4112149532710281
0.6153846153846154
0.5714285714285714
1.0
0.42741935483870963
0.33720930232558144
0.33333333333333337
0.33720930232558144
0.42741935483870963
0.33720930232558144
0.33333333333333337
0.33720930232558144
0.41463414634146345
0.4098360655737705
0.782608695652174
0.7727272727272727
0.9253731343283582
1.0
1.0
0.967741935483871
0.39449541284403666
0.7916666666666666
0.5925925925925926
0.7083333333333333
0.5925925925925926
0.6739130434782609
0.6666666666666667
0.675
0.7857142857142857
0.7195121951219512
0.5192307692307692
0.5263157894736843
0.6976744186046512
0.5326086956521738
0.3829787234042553
0.6052631578947368
0.6052631578947368
0.6666666666666667
0.6811594202898551
0.5466666666666666
0.5466666666666666
0.5542168674698795
0.6428571428571428
0.5714285714285714
0.9189189189189189
0.6811594202898551
0.6634615384615384
0.6634615384615384
0.6153846153846154
0.5714285714285714
0.6811594202898551
0.7164179104477613
0.4444444444444444
0.8860759493670887
0.8860759493670887
0.7473684210526316
0.7473684210526316
0.6875
0.6666666666666667
0.8292682926829268
0.8292682926829268
0.4521739130434783
0.47619047619047616
0.875
0.7333333333333334
0.75
0.4
0.8125
0.6774193548387097
0.5042735042735043
0.578125
0.6875
0.75
0.6212121212121212
0.4358974358974359
0.3448275862068966
0.44628099173553715
0.4358974358974359
0.3448275862068966
0.375
0.42500000000000004
0.6956521739130435
0.6739130434782609
1.0
1.0
0.7303370786516854
0.6956521739130435
0.6739130434782609
1.0
1.0
0.7303370786516854
0.9555555555555556
0.9649122807017544
0.4794520547945206
0.736842105263158
0.4193548387096774
0.7575757575757576
1.0
1.0
0.6956521739130435
0.6739130434782609
0.7303370786516854
0.4358974358974359
0.4273504273504274
0.4273504273504274
0.4358974358974359
0.4273504273504274
0.42592592592592593
0.4358974358974359
0.4273504273504274
0.4358974358974359
0.42592592592592593
0.4358974358974359
0.4273504273504274
0.4358974358974359
0.4358974358974359
0.4273504273504274
0.42592592592592593
0.53125
0.4273504273504274
0.33720930232558144
0.4358974358974359
0.42592592592592593
0.78125
0.78125
0.3711340206185567
0.7380952380952381
0.5773195876288659
0.514018691588785
0.5327102803738317
0.8222222222222222
1.0
0.8717948717948718
0.967741935483871
0.4022988505747126
0.4117647058823529
0.8125
0.4878048780487805
0.46875
0.47058823529411764
0.40909090909090906
0.525
0.6105263157894737
1.0
1.0
0.6052631578947368
0.4084507042253521
0.9459459459459459
0.6136363636363636
1.0
0.9841269841269842
0.9841269841269842
0.9841269841269842
1.0
0.9739130434782609
0.9739130434782609
0.9739130434782609
0.9739130434782609
0.9655172413793104
0.7402597402597403
0.9464285714285714
0.9491525423728814
0.9464285714285714
0.9491525423728814
0.9
1.0
1.0
0.9655172413793104
0.9655172413793104
0.9655172413793104
0.7472527472527473
1.0
0.9
0.9636363636363636
0.9
0.9285714285714286
0.9310344827586207
0.9310344827586207
0.9310344827586207
0.9310344827586207
0.9310344827586207
0.6309523809523809
1.0
1.0
1.0
0.9298245614035088
0.881578947368421
0.7115384615384616
0.9636363636363636
0.9298245614035088
0.8846153846153846
0.9298245614035088
1.0
0.9310344827586207
1.0
1.0
0.9310344827586207
0.9512195121951219
0.9310344827586207
1.0
0.9827586206896551
0.7439024390243902
0.9827586206896551
0.782051282051282
0.7662337662337663
0.9473684210526316
0.7468354430379747
0.9827586206896551
0.9473684210526316
0.8860759493670887
0.9298245614035088
0.9473684210526316
0.7468354430379747
0.9827586206896551
1.0
0.69
0.6091954022988506
0.9464285714285714
1.0
0.9310344827586207
0.9655172413793104
0.9310344827586207
0.9636363636363636
0.9310344827586207
0.9827586206896551
0.8205128205128205
0.8205128205128205
0.9655172413793104
0.9655172413793104
0.9655172413793104
0.9655172413793104
0.8205128205128205
1.0
0.9310344827586207
0.9655172413793104
0.85
0.9
0.9836065573770492
0.7019230769230769
0.9636363636363636
0.85
0.9
0.8666666666666667
1.0
0.7019230769230769
0.9464285714285714
1.0
0.7234042553191489
1.0
0.9333333333333333
0.9333333333333333
0.7234042553191489
0.9523809523809523
0.9523809523809523
0.44897959183673475
1.0
1.0
0.9333333333333333
1.0
0.9
0.9285714285714286
0.9655172413793104
0.9636363636363636
0.6774193548387097
0.7066666666666667
0.43434343434343436
1.0
1.0
1.0
0.7631578947368421
0.5137614678899083
0.6714285714285715
0.9772727272727273
0.9545454545454546
1.0
0.8979591836734694
1.0
0.47126436781609193
0.75
0.5333333333333333
0.8018867924528301
0.6046511627906976
0.5151515151515151
0.5757575757575757
0.6551724137931034
0.4285714285714286
0.5357142857142857
0.5
0.4285714285714286
0.7678571428571428
0.7857142857142857
0.3163265306122449
0.7714285714285715
0.7142857142857143
0.7818181818181819
0.5555555555555556
0.7142857142857143
1.0
1.0
1.0
0.9142857142857143
0.6533333333333333
0.5
0.7058823529411764
0.6190476190476191
0.6190476190476191
0.6153846153846154
0.7777777777777778
0.6666666666666667
0.7096774193548387
0.6666666666666667
0.6666666666666667
0.8461538461538461
0.52
0.5862068965517242
0.6470588235294117
0.6732673267326732
0.6071428571428572
0.4375
0.8666666666666667
0.3392857142857143
0.4814814814814815
0.39603960396039606
0.5952380952380952
0.4056603773584906
0.4056603773584906
0.8181818181818181
0.7096774193548387
0.6515151515151515
0.6973684210526316
0.5233644859813085
0.875
0.5471698113207547
0.7358490566037736
0.575
0.5853658536585367
0.5853658536585367
0.5681818181818181
0.6486486486486487
0.6388888888888888
0.8666666666666667
0.54
0.7096774193548387
0.5576923076923077
0.6
0.3829787234042553
0.3829787234042553
0.8636363636363636
0.6888888888888889
0.6153846153846154
0.7215189873417722
0.6888888888888889
0.6153846153846154
0.7215189873417722
0.6153846153846154
0.7215189873417722
0.6153846153846154
0.7215189873417722
0.7027027027027026
1.0
1.0
0.3829787234042553
0.44285714285714284
1.0
0.65625
0.8125
0.8666666666666667
0.41836734693877553
0.33720930232558144
0.33720930232558144
0.33720930232558144
0.33720930232558144
0.631578947368421
0.6666666666666667
0.5531914893617021
0.5319148936170213
0.5
0.5454545454545454
0.9333333333333333
0.375
0.725
0.4
0.32608695652173914
0.6417910447761195
0.48484848484848486
0.326530612244898
0.9545454545454546
0.8913043478260869
0.725
0.6428571428571428
0.6428571428571428
0.9375
0.984375
0.72
0.7333333333333334
0.8666666666666667
0.8484848484848485
0.5066666666666666
0.6
0.625
0.4545454545454546
0.4545454545454546
0.4545454545454546
0.4545454545454546
0.5897435897435898
0.52
0.6883116883116883
0.4029850746268657
0.7419354838709677
0.6547619047619048
0.4411764705882353
0.7419354838709677
0.6547619047619048
0.7142857142857143
0.9333333333333333
0.41666666666666663
0.7333333333333334
0.4696969696969697
0.375
0.3414634146341463
0.5263157894736843
0.4666666666666667
0.4666666666666667
0.40740740740740744
0.3731343283582089
0.578125
1.0
1.0
1.0
1.0
0.8666666666666667
0.9333333333333333
0.8666666666666667
0.8125
0.8
0.75
0.90625
0.8285714285714285
0.9
0.8
0.875
0.6666666666666667
0.6666666666666667
0.6666666666666667
0.6666666666666667
0.8571428571428572
0.7857142857142857
0.5142857142857142
0.39473684210526316
0.5238095238095238
0.9411764705882353
0.9506172839506173
0.6022727272727273
0.6739130434782609
0.453125
0.3804347826086957
0.3982300884955752
0.5929203539823009
0.5222222222222221
0.8235294117647058
0.7128712871287128
0.8648648648648649
0.37209302325581395
0.7714285714285715
0.7714285714285715
0.4130434782608695
0.4571428571428572
1.0
0.5047619047619047
0.5
0.5
0.5
0.41836734693877553
0.4107142857142857
0.4576271186440678
0.41414141414141414
0.4107142857142857
0.4576271186440678
0.41836734693877553
0.4903846153846154
0.4444444444444444
0.5441176470588236
0.4054054054054054
0.5441176470588236
0.48809523809523814
0.7425742574257426
0.6551724137931034
0.7425742574257426
0.6551724137931034
0.7142857142857143
0.6813186813186813
0.8387096774193549
0.7083333333333333
0.7083333333333333
0.625
0.64
0.537037037037037
0.7674418604651163
0.8461538461538461
0.7857142857142857
0.33720930232558144
0.8387096774193549
0.6082474226804124
0.33720930232558144
0.33720930232558144
0.3363636363636363
0.3363636363636363
0.3363636363636363
0.3363636363636363
0.3363636363636363
0.3363636363636363
0.4444444444444444
0.6428571428571428
0.9111111111111111
1.0
1.0
1.0
0.7857142857142857
0.42307692307692313
0.7857142857142857
0.4852941176470589
0.4852941176470589
0.8666666666666667
0.8205128205128205
0.8709677419354839
0.875
0.7948717948717949
0.825
0.8
0.48275862068965514
0.4375
0.41428571428571426
0.5714285714285714
0.7033898305084746
0.8461538461538461
0.375
0.375
0.5263157894736843
0.4285714285714286
0.5454545454545454
0.5
0.33333333333333337
0.7096774193548387
0.5
0.5
0.4390243902439024
0.5806451612903225
0.9534883720930233
1.0
0.44791666666666663
1.0
0.44791666666666663
0.44791666666666663
0.33720930232558144
0.4789915966386554
0.9375
0.9375
0.9375
0.9375
0.875
0.875
0.90625
0.6976744186046512
0.5806451612903225
0.8461538461538461
1.0
0.7215189873417722
0.5333333333333333
0.4852941176470589
0.3932584269662921
0.3846153846153846
0.7215189873417722
0.7215189873417722
0.6181818181818182
0.5357142857142857
0.6181818181818182
0.5925925925925926
0.43103448275862066
0.9534883720930233
0.9302325581395349
0.7333333333333334
0.75
0.8
0.875
0.5535714285714286
0.4747474747474747
0.4649122807017544
0.6231884057971014
0.33720930232558144
0.41666666666666663
0.6774193548387097
0.4242424242424242
0.33720930232558144
0.6
0.6842105263157895
0.9428571428571428
0.6590909090909092
0.5421686746987953
0.5421686746987953
0.42307692307692313
0.9433962264150944
0.9433962264150944
0.9433962264150944
0.48
0.48
0.7164179104477613
0.8125
0.8666666666666667
0.8666666666666667
0.8461538461538461
0.9
0.44999999999999996
0.5652173913043479
0.34375
0.3695652173913043
0.44999999999999996
0.8888888888888888
0.4545454545454546
0.33720930232558144
0.962962962962963
0.5092592592592593
0.7462686567164178
0.7195121951219512
0.6451612903225806
0.768595041322314
0.6
0.6111111111111112
0.6
0.6216216216216216
0.4285714285714286
0.5306122448979591
0.38144329896907214
0.44999999999999996
0.5
0.2857142857142857
0.3258426966292135
0.6136363636363636
0.5405405405405406
0.5405405405405406
0.5405405405405406
0.5405405405405406
0.9
0.9
0.9
0.9
0.728813559322034
0.728813559322034
0.9444444444444444
0.9428571428571428
0.9428571428571428
0.9
0.9
0.9
0.9
0.47619047619047616
0.782608695652174
0.5405405405405406
0.5405405405405406
0.5609756097560976
0.5609756097560976
0.9
0.9
0.9
0.9
0.4666666666666667
0.4666666666666667
0.6875
0.6875
0.5625
0.725
0.7857142857142857
0.8933333333333333
0.8933333333333333
0.8933333333333333
0.8933333333333333
0.5652173913043479
0.75
0.8666666666666667
0.8666666666666667
0.875
0.8666666666666667
0.9333333333333333
0.8125
0.7878787878787878
0.43434343434343436
0.4065934065934066
0.6557377049180328
0.819672131147541
0.8
0.7215189873417722
0.5652173913043479
0.504950495049505
0.8363636363636364
0.5565217391304348
0.3855421686746988
0.4173913043478261
0.75
0.7333333333333334
0.8666666666666667
0.7333333333333334
0.75
0.9333333333333333
0.41414141414141414
0.7321428571428572
0.6
0.6666666666666667
0.711340206185567
0.711340206185567
0.40909090909090906
0.47058823529411764
0.5714285714285714
0.45833333333333337
0.6944444444444444
0.6046511627906976
0.6470588235294117
0.8461538461538461
0.3982300884955752
0.6666666666666667
0.6129032258064516
0.8125
0.875
0.6470588235294117
0.7857142857142857
0.8
0.8571428571428572
0.625
0.33333333333333337
0.4838709677419355
0.6470588235294117
0.4545454545454546
0.453125
0.5333333333333333
0.4852941176470589
0.8
0.48571428571428577
0.7
0.7272727272727273
0.453125
0.4545454545454546
0.4545454545454546
0.4545454545454546
0.4852941176470589
0.4852941176470589
0.9333333333333333
0.7333333333333334
0.8709677419354839
0.5925925925925926
0.6428571428571428
0.5066666666666666
0.4878048780487805
0.5333333333333333
0.4411764705882353
0.5
0.43333333333333335
0.6
0.4526315789473684
0.4629629629629629
0.4411764705882353
0.8
0.8125
0.875
0.8709677419354839
0.8529411764705882
0.37037037037037035
0.4545454545454546
0.4482758620689655
0.5686274509803921
0.5066666666666666
0.7674418604651163
0.5258620689655172
0.5
0.44565217391304346
0.55
0.55
0.55
0.55
0.75
0.65
0.9375
0.631578947368421
0.45999999999999996
0.45999999999999996
0.5416666666666667
0.5416666666666667
0.5
0.5
0.5416666666666667
0.9142857142857143
0.9636363636363636
0.8947368421052632
0.9230769230769231
0.6018518518518519
0.7948717948717949
0.4117647058823529
0.44791666666666663
0.4807692307692307
0.625
0.4
0.7272727272727273
0.78125
0.8
0.8125
0.8666666666666667
0.8666666666666667
0.7647058823529411
0.8
0.40625
0.4042553191489362
0.3246753246753247
0.6774193548387097
0.7272727272727273
0.4545454545454546
0.5466666666666666
0.7777777777777778
0.7857142857142857
0.7058823529411764
0.4666666666666667
0.7407407407407407
0.4444444444444444
0.5961538461538461
0.5961538461538461
0.5961538461538461
0.4117647058823529
0.9787234042553191
0.7931034482758621
0.9333333333333333
0.8
0.875
0.7948717948717949
0.40625
0.4545454545454546
0.4545454545454546
0.7
0.5573770491803278
0.3804347826086957
0.472972972972973
0.4545454545454546
0.7
0.8666666666666667
0.8666666666666667
0.8125
0.8
0.55
0.8
0.875
0.8666666666666667
0.8125
0.8
0.3111111111111111
0.8333333333333334
0.8333333333333334
1.0
0.7272727272727273
1.0
0.8484848484848485
0.4821428571428571
0.5405405405405406
1.0
0.6666666666666667
0.5333333333333333
0.5714285714285714
0.8
0.7477477477477478
0.7610619469026548
0.7303370786516854
0.7303370786516854
0.6181818181818182
0.6545454545454545
0.7454545454545455
0.8666666666666667
0.8666666666666667
0.7857142857142857
0.7333333333333334
0.8709677419354839
0.9333333333333333
0.7857142857142857
0.36363636363636365
0.5138888888888888
0.6836734693877551
0.39560439560439564
0.3142857142857143
0.6428571428571428
0.75
0.43999999999999995
0.8620689655172413
0.8709677419354839
0.4545454545454546
0.6
0.7622950819672132
0.72
0.72
0.46153846153846156
0.6818181818181819
0.7096774193548387
0.8666666666666667
0.7619047619047619
0.31343283582089554
0.7226890756302521
0.7226890756302521
0.5
0.6722689075630253
0.6722689075630253
0.6722689075630253
0.6722689075630253
0.7
0.5333333333333333
0.4
0.6428571428571428
0.43617021276595747
0.4690265486725663
0.7439024390243902
0.7164179104477613
0.7164179104477613
0.6829268292682926
0.676056338028169
0.6956521739130435
0.6266666666666667
0.45360824742268047
0.375
0.3846153846153846
0.625
0.39495798319327735
0.7123287671232876
0.625
0.7123287671232876
0.625
0.41414141414141414
0.75
0.6428571428571428
0.7857142857142857
0.7088607594936709
0.7088607594936709
0.39
0.39
0.33333333333333337
0.4
0.8918918918918919
0.8918918918918919
0.8918918918918919
0.5909090909090908
0.6428571428571428
0.6428571428571428
0.53125
0.5555555555555556
0.4117647058823529
0.8064516129032258
0.8571428571428572
0.5
0.6904761904761905
0.9367088607594937
0.487603305785124
0.4516129032258065
0.7714285714285715
0.6991869918699187
0.6991869918699187
0.6991869918699187
0.8
0.7948717948717949
0.4666666666666667
0.625
0.4329896907216495
0.3846153846153846
0.4545454545454546
1.0
1.0
0.6545454545454545
0.5555555555555556
0.6545454545454545
1.0
1.0
0.5555555555555556
0.65
0.65
0.6568627450980392
0.6568627450980392
1.0
0.35443037974683544
0.5161290322580645
0.873015873015873
0.4285714285714286
0.7215189873417722
0.7215189873417722
0.5
0.38888888888888884
0.5333333333333333
0.7
0.6666666666666667
0.6666666666666667
0.6470588235294117
0.6470588235294117
0.6470588235294117
0.6470588235294117
0.6470588235294117
0.6470588235294117
0.4473684210526315
0.8478260869565217
0.7037037037037037
0.47706422018348627
0.7608695652173914
0.8548387096774194
0.7692307692307692
0.7692307692307692
0.9047619047619048
0.4083333333333333
0.8333333333333334
0.5700000000000001
0.8333333333333334
0.6666666666666667
0.5208333333333333
0.5272727272727273
0.76
0.7818181818181819
0.76
0.4423076923076923
0.45833333333333337
0.6666666666666667
0.8333333333333334
1.0
0.8095238095238095
0.6274509803921569
0.5892857142857143
0.9642857142857143
0.6222222222222222
0.8717948717948718
0.6296296296296297
0.7142857142857143
0.8974358974358975
0.9473684210526316
0.4642857142857143
0.9619047619047619
0.3571428571428571
0.9506172839506173
0.8888888888888888
0.8714285714285714
0.8888888888888888
0.8714285714285714
0.7450980392156863
0.8076923076923077
0.8260869565217391
0.4852941176470589
0.4852941176470589
0.9285714285714286
1.0
0.8378378378378378
0.8888888888888888
0.6170212765957447
0.8888888888888888
0.8181818181818181
0.8484848484848485
0.9298245614035088
0.8181818181818181
0.9122807017543859
0.8484848484848485
0.8947368421052632
0.8181818181818181
0.8484848484848485
0.9122807017543859
0.8181818181818181
0.9122807017543859
0.8484848484848485
0.9122807017543859
0.8666666666666667
0.9
0.9
0.9
0.9
0.9
0.8709677419354839
0.8709677419354839
0.8709677419354839
0.8253968253968254
0.828125
0.5689655172413793
0.5576923076923077
0.8947368421052632
0.9
0.8
0.7948717948717949
0.8461538461538461
0.7142857142857143
0.3711340206185567
0.3928571428571429
0.37209302325581395
0.74
0.74
0.74
0.7272727272727273
0.6976744186046512
0.9761904761904762
0.9047619047619048
0.8043478260869565
1.0
1.0
0.92
1.0
0.9545454545454546
1.0
0.935483870967742
1.0
0.4852941176470589
0.7452830188679245
0.45333333333333337
0.6481481481481481
0.5573770491803278
0.45833333333333337
0.63
0.8
0.4642857142857143
0.4752475247524752
0.7222222222222222
0.8200000000000001
0.7674418604651163
0.813953488372093
0.7674418604651163
0.8656716417910448
0.49350649350649356
0.6428571428571428
0.6612903225806452
0.6612903225806452
0.7619047619047619
0.5252525252525253
0.7981651376146789
0.7941176470588236
0.7894736842105263
0.7209302325581395
0.4181818181818182
0.6666666666666667
0.6666666666666667
0.6896551724137931
0.8333333333333334
0.8333333333333334
0.7755102040816326
0.3529411764705882
0.5
0.78125
0.5625
0.5625
0.3626373626373627
0.6428571428571428
0.78125
0.78125
0.7714285714285715
0.8
0.8
0.5454545454545454
0.704225352112676
0.8666666666666667
0.6296296296296297
0.6296296296296297
0.4137931034482759
0.3793103448275862
0.7241379310344828
0.6075949367088608
0.6052631578947368
0.6333333333333333
0.6455696202531646
0.6739130434782609
0.48
0.48571428571428577
0.8641975308641976
0.7777777777777778
0.5764705882352941
0.6612903225806452
0.6363636363636364
0.6363636363636364
0.4242424242424242
0.33720930232558144
0.33720930232558144
1.0
1.0
1.0
1.0
1.0
1.0
0.7142857142857143
0.696629213483146
0.6976744186046512
0.5789473684210527
0.5789473684210527
0.7073170731707317
0.7073170731707317
0.4285714285714286
0.29670329670329665
0.29670329670329665
0.27586206896551724
0.27586206896551724
0.2941176470588235
0.28
0.2777777777777778
0.26415094339622647
0.3125
0.3125
0.26168224299065423
0.26168224299065423
0.3142857142857143
1.0
1.0
0.8666666666666667
0.75
0.7333333333333334
0.8666666666666667
0.7333333333333334
0.7341772151898734
0.43181818181818177
0.5925925925925926
0.5454545454545454
0.8125
0.84375
0.4545454545454546
0.32530120481927716
0.32530120481927716
0.6290322580645161
0.5294117647058824
0.4545454545454546
0.3620689655172413
0.4392523364485982
1.0
0.935483870967742
0.92
0.5108695652173914
0.9545454545454546
1.0
0.9534883720930233
0.3733333333333333
0.8125
0.55
0.7619047619047619
0.9152542372881356
0.7142857142857143
0.7428571428571429
0.5227272727272727
0.5333333333333333
0.5348837209302326
0.55
0.631578947368421
0.9649122807017544
0.9649122807017544
0.78125
0.8125
0.78125
0.8125
0.5625
0.38636363636363635
0.3584905660377359
0.33333333333333337
0.4526315789473684
0.4526315789473684
0.9333333333333333
0.9333333333333333
0.9333333333333333
0.9148936170212766
0.9148936170212766
0.38636363636363635
0.3584905660377359
0.33333333333333337
0.4526315789473684
0.4526315789473684
0.9333333333333333
0.9333333333333333
0.9333333333333333
0.9148936170212766
0.9148936170212766
0.8
0.31481481481481477
0.7777777777777778
0.7619047619047619
0.7058823529411764
0.8461538461538461
0.5588235294117647
0.7241379310344828
1.0
0.9152542372881356
0.9482758620689655
0.7464788732394366
0.6785714285714286
0.4
0.390625
0.7083333333333333
0.8108108108108107
1.0
0.868421052631579
0.868421052631579
0.9333333333333333
0.9
0.9310344827586207
0.9310344827586207
0.868421052631579
0.9333333333333333
0.9
0.8955223880597015
0.8947368421052632
0.9
0.8955223880597015
0.9333333333333333
0.9333333333333333
0.8970588235294118
0.8461538461538461
0.8970588235294118
0.9333333333333333
0.9076923076923077
0.9333333333333333
0.9333333333333333
0.8636363636363636
0.868421052631579
0.8461538461538461
0.9333333333333333
0.9310344827586207
0.9
0.9
0.9333333333333333
0.9
0.8717948717948718
0.8717948717948718
0.9
0.9
0.9
0.9
0.8461538461538461
0.8461538461538461
0.8461538461538461
0.9333333333333333
0.7234042553191489
0.9310344827586207
0.868421052631579
0.7419354838709677
0.7419354838709677
0.9333333333333333
0.9
0.7234042553191489
0.9333333333333333
0.9
0.7234042553191489
0.9
0.9
0.7234042553191489
0.9333333333333333
0.9333333333333333
0.9
0.9104477611940298
0.8947368421052632
0.9333333333333333
0.9333333333333333
0.9104477611940298
0.9333333333333333
0.9333333333333333
0.8970588235294118
0.8461538461538461
0.8461538461538461
0.8970588235294118
0.9333333333333333
0.8923076923076922
0.9333333333333333
0.8923076923076922
0.868421052631579
0.859375
0.9333333333333333
0.9
0.9
0.9
0.9
0.9
0.9333333333333333
0.9
0.9
0.9
0.868421052631579
0.9310344827586207
0.47058823529411764
0.9310344827586207
0.9333333333333333
0.7868852459016393
0.7903225806451613
0.8970588235294118
0.9333333333333333
0.9
0.9
0.5666666666666667
0.5666666666666667
0.9193548387096774
0.9333333333333333
0.7868852459016393
0.8064516129032258
0.9841269841269842
0.868421052631579
0.9310344827586207
0.4225352112676056
0.7333333333333334
0.9310344827586207
0.868421052631579
0.7903225806451613
0.7777777777777778
0.8970588235294118
0.868421052631579
0.7868852459016393
0.7903225806451613
0.8970588235294118
0.9333333333333333
0.9
0.9032258064516129
0.5543478260869565
0.5543478260869565
0.868421052631579
0.9310344827586207
0.4225352112676056
0.6419753086419753
0.9310344827586207
0.9333333333333333
0.7868852459016393
0.8064516129032258
0.8970588235294118
0.9333333333333333
0.9
0.9
0.9
0.9333333333333333
0.7868852459016393
0.8064516129032258
0.9104477611940298
0.9333333333333333
0.868421052631579
0.9310344827586207
0.4225352112676056
0.6329113924050633
0.9310344827586207
0.9333333333333333
0.7868852459016393
0.8064516129032258
0.8472222222222222
0.9333333333333333
0.9
0.9333333333333333
0.9
0.9333333333333333
0.7868852459016393
0.8064516129032258
0.8450704225352113
0.9333333333333333
0.8484848484848485
0.9333333333333333
0.9333333333333333
0.8333333333333334
0.8484848484848485
0.9
0.4392523364485982
0.8387096774193549
0.9310344827586207
0.9310344827586207
0.9333333333333333
0.9333333333333333
0.9
0.5135135135135135
0.5135135135135135
0.679245283018868
0.9310344827586207
0.9310344827586207
0.9
0.9
0.9333333333333333
0.9333333333333333
0.9
0.8461538461538461
0.9333333333333333
0.4392523364485982
0.828125
0.868421052631579
0.9
0.9
0.8307692307692307
0.8333333333333334
0.9
0.7727272727272727
0.9655172413793104
0.9310344827586207
0.9310344827586207
0.9333333333333333
0.9
0.9090909090909091
0.9333333333333333
0.9076923076923077
0.8947368421052632
0.8947368421052632
0.8947368421052632
0.8947368421052632
0.9333333333333333
0.868421052631579
0.9333333333333333
0.8955223880597015
0.9
0.625
0.33720930232558144
0.5
0.5294117647058824
0.4285714285714286
0.4285714285714286
0.4
0.7777777777777778
0.9047619047619048
0.7333333333333334
0.8
0.9333333333333333
0.7333333333333334
0.8666666666666667
0.7727272727272727
0.4545454545454546
0.7096774193548387
0.84
0.4545454545454546
0.6
0.6538461538461539
0.7083333333333333
0.6451612903225806
0.7
0.6451612903225806
0.7
0.6346153846153846
0.7
0.75
0.9259259259259259
0.736842105263158
0.7538461538461538
0.42592592592592593
0.5454545454545454
0.5454545454545454
1.0
0.46153846153846156
0.5
0.5
1.0
0.7441860465116279
0.7941176470588236
0.7941176470588236
0.6153846153846154
0.5535714285714286
0.5357142857142857
0.5357142857142857
0.7941176470588236
0.9
0.9
0.6774193548387097
0.7142857142857143
0.7142857142857143
0.935483870967742
0.6666666666666667
0.84375
0.8125
0.875
0.75
0.8125
0.8
0.7948717948717949
0.875
0.4545454545454546
0.4411764705882353
0.3846153846153846
0.7
0.5
0.5666666666666667
0.41025641025641024
0.875
0.8125
0.8125
0.875
0.84375
0.4545454545454546
0.4545454545454546
0.5066666666666666
0.4285714285714286
0.48275862068965514
0.5238095238095238
0.5168539325842696
0.4285714285714286
0.4545454545454546
0.4782608695652174
0.47435897435897434
1.0
1.0
0.5066666666666666
0.4411764705882353
0.4411764705882353
0.4852941176470589
0.6708860759493671
0.7256637168141593
0.6181818181818182
0.6666666666666667
0.6363636363636364
0.5555555555555556
0.4545454545454546
0.4411764705882353
1.0
1.0
0.6470588235294117
0.543859649122807
0.8461538461538461
0.4852941176470589
0.5066666666666666
0.9032258064516129
0.9032258064516129
0.453125
0.9365079365079365
0.9365079365079365
0.927710843373494
0.6923076923076923
0.7941176470588236
0.6818181818181819
0.8611111111111112
0.6842105263157895
0.65
0.65
0.7941176470588236
0.6458333333333333
0.7758620689655172
0.8333333333333334
0.825
0.5869565217391304
0.6153846153846154
0.5384615384615384
0.5825242718446602
0.7352941176470589
0.9827586206896551
0.5471698113207547
0.4411764705882353
0.595959595959596
0.8928571428571429
0.9047619047619048
0.8909090909090909
0.4691358024691358
0.4691358024691358
0.8235294117647058
0.8285714285714285
0.75
0.48571428571428577
0.7142857142857143
0.36585365853658536
0.8181818181818181
0.33333333333333337
0.6
0.9705882352941176
1.0
0.9761904761904762
0.7
0.6338028169014085
0.9104477611940298
0.43333333333333335
0.7333333333333334
0.5
0.5142857142857142
0.5142857142857142
0.5142857142857142
0.5142857142857142
0.5142857142857142
0.6181818181818182
0.7215189873417722
0.6181818181818182
0.7215189873417722
0.98
0.9818181818181818
0.98
0.7457627118644068
0.7301587301587302
0.6031746031746033
0.5
0.7428571428571429
0.7894736842105263
0.4571428571428572
0.6415094339622642
0.33783783783783783
1.0
1.0
1.0
1.0
1.0
1.0
1.0
1.0
1.0
1.0
1.0
1.0
1.0
1.0
1.0
1.0
0.8461538461538461
0.84
1.0
1.0
0.5714285714285714
1.0
0.5555555555555556
0.9285714285714286
0.47619047619047616
0.8666666666666667
0.5454545454545454
0.5454545454545454
0.5333333333333333
0.5333333333333333
0.7058823529411764
0.8461538461538461
0.5333333333333333
0.5333333333333333
0.5333333333333333
0.36170212765957444
0.34615384615384615
0.34615384615384615
0.32530120481927716
1.0
0.9827586206896551
0.8571428571428572
0.8529411764705882
0.9310344827586207
0.9827586206896551
0.9310344827586207
0.9827586206896551
0.9344262295081968
0.8539325842696629
0.8636363636363636
0.9344262295081968
0.9344262295081968
0.52
0.8333333333333334
0.7096774193548387
0.540983606557377
0.6428571428571428
0.8666666666666667
0.9285714285714286
0.5454545454545454
0.6774193548387097
0.4242424242424242
0.4242424242424242
0.5294117647058824
0.5294117647058824
0.5454545454545454
0.5454545454545454
0.5238095238095238
0.6086956521739131
0.6086956521739131
0.55
0.8666666666666667
0.9285714285714286
0.5454545454545454
0.6774193548387097
0.4117647058823529
0.4117647058823529
0.5294117647058824
0.5294117647058824
0.5454545454545454
0.5454545454545454
0.5238095238095238
0.6086956521739131
0.6086956521739131
0.55
0.4526315789473684
0.33720930232558144
0.33720930232558144
0.8918918918918919
0.6428571428571428
0.5925925925925926
0.5903614457831325
0.7333333333333334
0.978021978021978
0.8387096774193549
0.5238095238095238
0.4545454545454546
0.4067796610169492
0.5333333333333333
1.0
0.935483870967742
1.0
1.0
0.632183908045977
0.6585365853658536
0.625
0.8076923076923077
0.6610169491525424
0.8571428571428572
0.45070422535211263
0.5454545454545454
0.5454545454545454
0.7674418604651163
0.423728813559322
0.5084745762711864
0.5847457627118644
0.38983050847457623
0.5338983050847458
0.4545454545454546
0.40476190476190477
0.5066666666666666
0.3157894736842105
0.3157894736842105
0.375
0.8
0.4
0.34375
0.7333333333333334
0.4516129032258065
0.36363636363636365
0.7333333333333334
0.7857142857142857
0.9333333333333333
0.4736842105263158
0.4736842105263158
0.6
0.546875
0.5692307692307692
0.5217391304347826
0.4545454545454546
0.8125
0.4285714285714286
0.38095238095238093
0.7294117647058824
0.8571428571428572
0.6363636363636364
0.4477611940298507
0.4477611940298507
0.6046511627906976
0.5294117647058824
0.5925925925925926
0.4545454545454546
0.4117647058823529
0.9523809523809523
0.9523809523809523
0.8409090909090909
0.8409090909090909
1.0
0.5
0.875
0.5686274509803921
0.5151515151515151
0.5531914893617021
0.33870967741935487
0.375
0.375
0.8
0.6101694915254237
0.7394957983193278
0.84
0.6271186440677966
0.7647058823529411
0.8
0.5901639344262295
1.0
0.6734693877551021
0.6734693877551021
0.6101694915254237
0.7416666666666667
0.84
0.6101694915254237
0.7459016393442623
0.9761904761904762
0.5222222222222221
0.5517241379310345
0.6373626373626373
0.6
0.7247706422018348
0.4852941176470589
0.8666666666666667
0.8666666666666667
0.38636363636363635
0.4666666666666667
0.4893617021276596
0.4565217391304348
0.4666666666666667
0.5522388059701493
0.9285714285714286
0.9523809523809523
0.9523809523809523
0.9285714285714286
0.9285714285714286
0.8135593220338984
0.8103448275862069
0.8103448275862069
0.8103448275862069
0.8103448275862069
0.5925925925925926
0.6481481481481481
0.896551724137931
0.7857142857142857
0.6363636363636364
0.7857142857142857
0.7333333333333334
0.8
0.8666666666666667
0.8666666666666667
0.9333333333333333
0.5909090909090908
0.8666666666666667
0.8666666666666667
0.9333333333333333
0.8666666666666667
0.6666666666666667
0.875
0.33333333333333337
0.8620689655172413
0.9
0.875
0.875
0.46875
0.4126984126984127
0.43243243243243246
0.43243243243243246
0.7121212121212122
0.5405405405405406
0.5405405405405406
0.4752475247524752
0.4933333333333333
0.4933333333333333
0.38181818181818183
0.75
0.8666666666666667
0.7948717948717949
0.8181818181818181
0.6363636363636364
0.5454545454545454
0.4666666666666667
0.4666666666666667
0.6415094339622642
0.6415094339622642
0.8571428571428572
0.6666666666666667
0.9333333333333333
0.8125
0.8125
0.3414634146341463
0.47058823529411764
0.4418604651162791
0.4666666666666667
0.5
0.44999999999999996
0.4623655913978495
0.4516129032258065
0.39252336448598135
0.6347826086956522
0.9777777777777777
0.7215189873417722
0.9777777777777777
0.7215189873417722
0.7
0.39495798319327735
1.0
0.3666666666666667
0.75
0.5652173913043479
0.8
0.9285714285714286
0.8125
0.8666666666666667
0.9333333333333333
0.8125
0.7333333333333334
0.8181818181818181
0.47058823529411764
0.5833333333333333
0.676056338028169
0.4204545454545454
0.5833333333333333
0.5833333333333333
0.9761904761904762
0.3924050632911392
0.7604166666666666
0.6666666666666667
0.7857142857142857
0.7857142857142857
0.5887850467289719
0.7857142857142857
0.4285714285714286
0.5294117647058824
1.0
0.8018018018018018
1.0
1.0
1.0
0.9411764705882353
0.5555555555555556
0.5555555555555556
0.9310344827586207
0.5614035087719298
0.5614035087719298
1.0
1.0
0.76
0.9411764705882353
1.0
0.9672131147540983
0.9285714285714286
0.9285714285714286
0.7948717948717949
0.7608695652173914
0.38749999999999996
0.38749999999999996
0.48684210526315785
0.4285714285714286
0.9
0.5454545454545454
0.9384615384615385
0.48051948051948057
0.9743589743589743
0.9642857142857143
0.72
0.9818181818181818
0.98
0.7457627118644068
0.9803921568627451
0.71875
0.9642857142857143
0.59375
0.48888888888888893
0.6739130434782609
0.6875
1.0
0.9230769230769231
1.0
0.75
0.8484848484848485
0.868421052631579
1.0
0.868421052631579
1.0
0.8484848484848485
0.9333333333333333
1.0
0.8484848484848485
0.9333333333333333
0.8421052631578947
0.868421052631579
1.0
1.0
1.0
0.7076923076923076
0.8333333333333334
0.6716417910447761
0.6153846153846154
0.9772727272727273
0.868421052631579
0.6222222222222222
0.5961538461538461
1.0
0.8421052631578947
0.8947368421052632
0.9555555555555556
0.8947368421052632
0.9772727272727273
0.8421052631578947
0.9333333333333333
0.9333333333333333
0.9
0.8307692307692307
0.7727272727272727
1.0
0.9310344827586207
0.9310344827586207
0.9
0.8461538461538461
0.7727272727272727
1.0
0.8421052631578947
0.9333333333333333
0.9333333333333333
0.5833333333333333
0.8055555555555556
0.8055555555555556
0.8421052631578947
0.9333333333333333
0.9
0.9
0.9
0.9545454545454546
0.8421052631578947
0.9333333333333333
0.9
0.9
0.9
0.9545454545454546
0.8421052631578947
0.9333333333333333
0.9333333333333333
0.9333333333333333
0.9333333333333333
1.0
1.0
0.8461538461538461
1.0
0.8461538461538461
1.0
0.8571428571428572
0.9285714285714286
0.6153846153846154
0.5454545454545454
0.5454545454545454
0.6086956521739131
0.6086956521739131
0.4736842105263158
0.4736842105263158
0.5454545454545454
0.5454545454545454
0.47619047619047616
0.6923076923076923
0.40476190476190477
0.5714285714285714
0.472972972972973
0.6428571428571428
0.5957446808510638
0.7380952380952381
0.9506172839506173
0.9069767441860466
0.5
0.9333333333333333
0.8888888888888888
0.4285714285714286
0.9672131147540983
0.875
0.8666666666666667
0.8666666666666667
0.8
0.8666666666666667
0.864406779661017
0.8125
0.5445544554455446
0.8666666666666667
0.8666666666666667
0.8
0.7333333333333334
0.75
0.975
0.40217391304347827
0.7538461538461538
0.6521739130434783
0.6612903225806452
0.4901960784313726
0.37815126050420167
0.6162790697674418
0.44545454545454544
0.4814814814814815
0.8484848484848485
0.5454545454545454
0.39473684210526316
0.3370786516853933
0.4545454545454546
0.7647058823529411
0.5333333333333333
0.5789473684210527
0.5789473684210527
0.4821428571428571
0.4821428571428571
0.4036697247706422
0.4111111111111111
0.84
0.76
0.7931034482758621
0.6545454545454545
0.625
0.4852941176470589
0.4852941176470589
0.7333333333333334
0.8666666666666667
0.8666666666666667
0.9333333333333333
0.8666666666666667
0.8666666666666667
0.9333333333333333
0.4666666666666667
0.6875
0.9333333333333333
0.8
0.7058823529411764
0.8666666666666667
0.75
0.875
0.75
0.7333333333333334
0.631578947368421
0.8666666666666667
0.9333333333333333
0.875
0.75
0.8666666666666667
0.875
0.8125
0.75
0.8125
0.4545454545454546
0.8125
0.8125
0.875
0.84375
0.875
0.90625
0.5454545454545454
0.5454545454545454
1.0
0.41666666666666663
0.5
0.4285714285714286
0.48275862068965514
0.40740740740740744
0.7777777777777778
0.4666666666666667
0.4545454545454546
0.35526315789473684
0.32727272727272727
1.0
1.0
0.8709677419354839
0.4545454545454546
0.3267326732673267
0.3267326732673267
0.6470588235294117
0.9782608695652174
1.0
1.0
1.0
0.9402985074626866
0.7083333333333333
0.6111111111111112
0.7333333333333334
0.4696969696969697
0.5223880597014925
0.8636363636363636
0.6
0.5930232558139534
0.4285714285714286
0.6896551724137931
0.6330275229357798
0.7215189873417722
0.625
0.7428571428571429
0.6551724137931034
0.8863636363636364
0.8709677419354839
0.42307692307692313
0.64
0.6363636363636364
0.6363636363636364
0.8
0.8
0.84
0.7948717948717949
0.8108108108108107
0.5714285714285714
0.6774193548387097
1.0
1.0
0.6875
0.6666666666666667
0.3571428571428571
0.36363636363636365
0.84375
0.736842105263158
0.75
0.8181818181818181
0.9666666666666667
0.9583333333333334
1.0
0.75
0.8181818181818181
0.9666666666666667
0.9583333333333334
1.0
0.75
0.8
0.8
0.9333333333333333
0.8125
0.8666666666666667
0.75
0.5862068965517242
0.5128205128205128
0.8103448275862069
0.8103448275862069
0.8103448275862069
0.8103448275862069
0.8103448275862069
0.5566037735849056
0.6086956521739131
0.8103448275862069
0.65625
0.8153846153846154
0.6923076923076923
0.8333333333333334
0.5333333333333333
0.5333333333333333
0.5842696629213483
0.6829268292682926
0.7571428571428571
0.8125
0.8709677419354839
0.47887323943661975
0.5454545454545454
0.5454545454545454
0.4342105263157895
0.96
0.9333333333333333
0.8787878787878788
0.4516129032258065
0.967032967032967
0.6666666666666667
0.6666666666666667
0.4666666666666667
0.625
0.4375
0.9223300970873787
0.6666666666666667
0.5128205128205128
0.4864864864864865
0.5652173913043479
0.8
0.8666666666666667
0.8666666666666667
0.8666666666666667
0.8
0.7333333333333334
0.8
0.41463414634146345
0.5326086956521738
0.4242424242424242
0.4242424242424242
0.4878048780487805
0.5490196078431373
0.5490196078431373
0.9759036144578314
1.0
0.9782608695652174
0.7234042553191489
1.0
0.625
0.8125
0.9852941176470589
0.9506172839506173
0.9636363636363636
0.9027777777777778
0.7291666666666667
0.6626506024096386
0.5121951219512195
0.47058823529411764
0.6075949367088608
0.6463414634146342
0.6875
0.6708860759493671
0.6181818181818182
0.5333333333333333
0.6181818181818182
0.6206896551724138
0.37755102040816324
1.0
