0.6666666666666667
0.6666666666666667
0.7878787878787878
0.84
0.9736842105263158
0.7317073170731707
0.9736842105263158
0.7317073170731707
0.6052631578947368
0.9423076923076923
0.9459459459459459
0.9245283018867925
1.0
1.0
0.972972972972973
1.0
0.9827586206896551
0.8615384615384616
0.9642857142857143
0.9642857142857143
1.0
0.9333333333333333
1.0
1.0
0.9375
0.9333333333333333
1.0
0.631578947368421
1.0
0.9821428571428571
1.0
1.0
1.0
1.0
1.0
1.0
1.0
1.0
1.0
1.0
1.0
1.0
0.875
0.9375
0.5
0.54
0.5333333333333333
0.4736842105263158
0.5384615384615384
0.5588235294117647
0.4193548387096774
0.4130434782608695
0.9791666666666666
1.0
0.9692307692307692
1.0
1.0
1.0
1.0
1.0
1.0
1.0
1.0
1.0
0.9827586206896551
0.9508196721311475
0.46153846153846156
1.0
0.8333333333333334
1.0
1.0
1.0
1.0
1.0
1.0
0.7916666666666666
0.7916666666666666
0.962962962962963
1.0
1.0
0.875
0.9333333333333333
0.7777777777777778
0.7735849056603774
0.5833333333333333
0.8857142857142857
0.7234042553191489
0.7555555555555555
0.7555555555555555
0.5833333333333333
0.3783783783783784
0.3783783783783784
0.9285714285714286
1.0
1.0
0.875
0.9375
1.0
1.0
1.0
1.0
0.972972972972973
0.967032967032967
0.967032967032967
0.5909090909090908
0.5909090909090908
0.84375
1.0
1.0
0.8
0.9705882352941176
0.7474747474747474
0.7474747474747474
0.9285714285714286
0.8409090909090909
1.0
0.9466666666666667
0.9743589743589743
1.0
0.9009009009009009
0.8717948717948718
0.5588235294117647
0.5588235294117647
0.6016949152542372
0.6016949152542372
0.8571428571428572
1.0
0.49090909090909096
0.5357142857142857
0.6071428571428572
0.8409090909090909
0.5
0.3936170212765957
0.5
0.6774193548387097
0.9666666666666667
0.5185185185185186
0.5
0.5384615384615384
0.736842105263158
0.6666666666666667
0.8333333333333334
0.75
1.0
0.717948717948718
1.0
0.868421052631579
0.9642857142857143
1.0
1.0
0.868421052631579
0.28421052631578947
0.7297297297297297
0.9473684210526316
0.8108108108108107
1.0
1.0
1.0
1.0
1.0
0.92
0.7916666666666666
0.7916666666666666
1.0
1.0
1.0
0.9375
0.36363636363636365
0.44999999999999996
0.36363636363636365
0.9791666666666666
1.0
1.0
0.9791666666666666
1.0
0.8409090909090909
0.515625
0.9090909090909091
0.9166666666666666
0.515625
0.8125
0.8125
0.8125
0.8125
0.8125
0.4367816091954023
0.33333333333333337
0.9534883720930233
0.8181818181818181
0.515625
0.989247311827957
0.6417910447761195
0.6376811594202898
0.7878787878787878
1.0
1.0
1.0
1.0
1.0
0.8928571428571429
0.875
0.5384615384615384
0.5373134328358209
0.875
0.8928571428571429
1.0
1.0
0.5363636363636364
0.9534883720930233
0.9534883720930233
0.9767441860465116
0.8928571428571429
0.8928571428571429
0.9459459459459459
1.0
1.0
1.0
1.0
0.8888888888888888
0.4
0.35
0.3529411764705882
0.8181818181818181
0.8205128205128205
0.7878787878787878
0.8205128205128205
0.509090909090909
0.75
0.75
0.3191489361702128
0.8125
0.35922330097087374
0.35922330097087374
0.3939393939393939
0.33333333333333337
0.33333333333333337
1.0
1.0
1.0
0.9534883720930233
0.9534883720930233
1.0
1.0
1.0
1.0
0.36363636363636365
0.375
0.375
0.375
0.375
0.375
0.375
0.375
0.375
0.36363636363636365
0.375
0.375
0.375
0.375
0.375
0.375
0.375
1.0
1.0
1.0
1.0
1.0
1.0
0.9333333333333333
0.9333333333333333
0.8484848484848485
0.8484848484848485
0.967741935483871
0.8181818181818181
0.9090909090909091
0.9512195121951219
0.7254901960784313
1.0
0.9591836734693877
1.0
0.9591836734693877
0.9473684210526316
0.7142857142857143
0.7948717948717949
0.990990990990991
0.6734693877551021
0.9759036144578314
0.8910891089108911
0.505050505050505
0.8861788617886179
0.8861788617886179
0.6491228070175439
0.5094339622641509
0.6363636363636364
0.8604651162790697
0.9333333333333333
0.9310344827586207
0.9
0.9230769230769231
0.8285714285714285
0.8285714285714285
0.8536585365853658
0.4347826086956522
0.5333333333333333
0.55
1.0
0.4782608695652174
0.7567567567567568
0.7567567567567568
0.4571428571428572
0.48351648351648346
0.5714285714285714
0.5535714285714286
0.5535714285714286
1.0
0.7428571428571429
0.84
1.0
1.0
1.0
1.0
1.0
1.0
1.0
1.0
1.0
0.7234042553191489
0.8111111111111111
1.0
1.0
0.9333333333333333
0.925
1.0
1.0
1.0
0.9666666666666667
0.967741935483871
1.0
0.7441860465116279
0.7241379310344828
0.90625
0.90625
0.9259259259259259
0.9285714285714286
0.9583333333333334
0.9622641509433962
0.9487179487179487
0.9107142857142857
0.8947368421052632
0.9743589743589743
0.8360655737704918
0.9259259259259259
0.9743589743589743
0.9333333333333333
0.9166666666666666
0.9166666666666666
0.875
0.875
0.8536585365853658
0.9189189189189189
0.9189189189189189
0.8536585365853658
0.935483870967742
0.9818181818181818
0.9821428571428571
0.9824561403508771
0.9824561403508771
0.9642857142857143
0.7857142857142857
1.0
0.9863013698630136
0.9425287356321839
0.9726027397260274
0.9659090909090909
0.4772727272727273
0.9333333333333333
0.8888888888888888
0.9259259259259259
0.6
0.8888888888888888
0.9411764705882353
0.49056603773584906
0.4054054054054054
0.4054054054054054
1.0
1.0
1.0
1.0
1.0
1.0
1.0
1.0
1.0
1.0
1.0
1.0
0.36363636363636365
0.375
0.375
0.9733333333333334
0.34246575342465757
0.9545454545454546
0.896551724137931
0.8620689655172413
0.8620689655172413
0.8620689655172413
0.9117647058823529
0.8928571428571429
0.9
0.9
1.0
1.0
1.0
1.0
0.935483870967742
0.32608695652173914
0.34246575342465757
0.3787878787878788
0.375
0.375
0.390625
0.390625
0.9375
0.9375
0.9375
0.859375
1.0
0.9583333333333334
0.9583333333333334
0.9166666666666666
0.9166666666666666
1.0
1.0
0.8125
0.42168674698795183
0.7058823529411764
0.7058823529411764
1.0
0.9285714285714286
0.41836734693877553
1.0
1.0
1.0
0.4025974025974026
0.9333333333333333
0.9333333333333333
1.0
1.0
1.0
0.4915254237288136
0.75
0.75
0.5
0.85
1.0
1.0
0.9777777777777777
0.6989247311827957
0.9538461538461538
0.846938775510204
0.3921568627450981
0.9166666666666666
0.9333333333333333
0.9245283018867925
0.8518518518518519
0.9322033898305084
0.7096774193548387
1.0
1.0
1.0
1.0
0.6363636363636364
1.0
1.0
1.0
1.0
1.0
1.0
1.0
1.0
1.0
1.0
0.8888888888888888
0.975609756097561
1.0
0.9333333333333333
0.9090909090909091
0.9333333333333333
0.9375
0.8666666666666667
0.9565217391304348
0.962962962962963
0.5
0.5964912280701755
0.9782608695652174
0.9642857142857143
0.6578947368421053
1.0
0.9259259259259259
1.0
1.0
1.0
0.5416666666666667
0.8333333333333334
0.6071428571428572
0.6071428571428572
0.5416666666666667
0.5416666666666667
0.41666666666666663
0.4642857142857143
0.6181818181818182
0.9824561403508771
0.4246575342465754
0.4246575342465754
0.46875
0.8695652173913043
0.9130434782608696
0.8823529411764706
0.9545454545454546
1.0
0.5925925925925926
0.9545454545454546
0.9545454545454546
0.9545454545454546
0.9545454545454546
0.9642857142857143
0.9
0.9545454545454546
0.875
0.875
0.9285714285714286
0.9642857142857143
1.0
0.9545454545454546
0.875
0.875
0.9285714285714286
1.0
0.36363636363636365
0.38095238095238093
0.38095238095238093
0.9333333333333333
1.0
0.8
0.9285714285714286
0.8846153846153846
0.7
0.85
0.7142857142857143
0.8846153846153846
1.0
1.0
0.9166666666666666
0.9166666666666666
0.9761904761904762
0.9210526315789473
0.9210526315789473
1.0
0.6551724137931034
0.42500000000000004
0.43333333333333335
0.4565217391304348
0.5945945945945945
0.7027027027027026
0.7027027027027026
0.96
1.0
0.9333333333333333
0.9333333333333333
0.9375
0.9454545454545454
0.9365079365079365
0.9365079365079365
1.0
0.6461538461538461
1.0
0.967741935483871
0.9649122807017544
0.962962962962963
0.9375
0.9375
0.935483870967742
0.4307692307692308
1.0
0.7777777777777778
0.7058823529411764
0.6153846153846154
0.8947368421052632
0.7272727272727273
1.0
0.36734693877551017
1.0
0.9333333333333333
1.0
0.9333333333333333
0.9333333333333333
0.9189189189189189
0.7777777777777778
0.8095238095238095
0.5
0.5
0.6153846153846154
0.7435897435897436
0.8918918918918919
0.8918918918918919
0.9583333333333334
0.9189189189189189
0.9534883720930233
0.9603960396039604
0.9603960396039604
0.8194444444444444
0.8632478632478633
0.8632478632478633
0.7058823529411764
0.7058823529411764
0.7058823529411764
0.7058823529411764
0.7058823529411764
0.7058823529411764
0.7058823529411764
0.7058823529411764
0.6271186440677966
0.74
0.9767441860465116
0.9767441860465116
0.7083333333333333
0.7083333333333333
0.9411764705882353
1.0
0.9722222222222222
0.9444444444444444
0.9583333333333334
0.9333333333333333
1.0
1.0
0.9333333333333333
1.0
0.9333333333333333
0.9444444444444444
0.9761904761904762
0.8
0.37142857142857144
0.4666666666666667
0.9333333333333333
1.0
0.9333333333333333
0.9333333333333333
0.9722222222222222
0.8888888888888888
0.9736842105263158
0.9
0.6290322580645161
0.6349206349206349
1.0
0.9444444444444444
0.9333333333333333
1.0
0.875
0.875
1.0
1.0
1.0
1.0
0.9333333333333333
1.0
1.0
0.9333333333333333
1.0
0.9375
1.0
0.875
0.9333333333333333
1.0
1.0
1.0
1.0
1.0
1.0
1.0
0.9333333333333333
0.9333333333333333
1.0
1.0
1.0
0.9411764705882353
0.5128205128205128
0.5714285714285714
0.55
0.5714285714285714
0.55
0.5714285714285714
1.0
1.0
0.65
0.5070422535211268
0.6046511627906976
0.627906976744186
0.96
0.9649122807017544
0.3421052631578947
0.8846153846153846
0.8947368421052632
0.90625
0.8648648648648649
0.8611111111111112
0.9375
0.96875
0.9565217391304348
1.0
0.6666666666666667
1.0
0.9215686274509804
1.0
0.9152542372881356
1.0
0.7702702702702703
0.6274509803921569
0.9743589743589743
0.8095238095238095
0.95
0.8095238095238095
0.9743589743589743
0.8095238095238095
0.9743589743589743
0.8048780487804879
1.0
0.935483870967742
0.8378378378378378
0.8378378378378378
0.7209302325581395
0.9142857142857143
0.9142857142857143
0.9166666666666666
1.0
1.0
1.0
0.6363636363636364
0.5142857142857142
0.8648648648648649
1.0
1.0
0.9807692307692307
0.9772727272727273
0.972972972972973
0.975
0.9772727272727273
0.8
0.9166666666666666
0.9166666666666666
0.4821428571428571
0.4821428571428571
1.0
0.9333333333333333
1.0
1.0
0.9333333333333333
0.9375
0.7272727272727273
0.64
0.9375
1.0
0.5555555555555556
0.3787878787878788
0.7777777777777778
0.6111111111111112
1.0
1.0
0.8529411764705882
0.7972972972972973
1.0
0.8181818181818181
0.8260869565217391
0.5740740740740741
0.5740740740740741
0.35
1.0
1.0
0.5555555555555556
0.9827586206896551
0.9824561403508771
0.9206349206349207
0.9863013698630136
0.9333333333333333
0.8947368421052632
0.9444444444444444
1.0
0.46031746031746035
0.8947368421052632
0.9130434782608696
0.5873015873015873
0.47619047619047616
0.9473684210526316
0.8070175438596492
1.0
1.0
0.7894736842105263
1.0
0.8888888888888888
0.32608695652173914
0.6923076923076923
0.7699115044247787
0.7699115044247787
0.7699115044247787
0.7538461538461538
0.7538461538461538
1.0
0.926829268292683
1.0
0.9558823529411765
0.9558823529411765
0.9558823529411765
1.0
0.9558823529411765
0.8571428571428572
0.9285714285714286
0.9649122807017544
0.9759036144578314
1.0
0.96
1.0
0.8823529411764706
0.8611111111111112
0.696969696969697
0.647887323943662
1.0
0.9861111111111112
0.9577464788732395
1.0
0.8974358974358975
1.0
1.0
1.0
1.0
1.0
1.0
1.0
1.0
0.9705882352941176
1.0
1.0
1.0
1.0
1.0
1.0
1.0
1.0
0.9866666666666667
0.7222222222222222
0.6799999999999999
0.7297297297297297
0.6825396825396826
0.6825396825396826
0.7307692307692308
0.9310344827586207
0.9767441860465116
0.9487179487179487
0.9487179487179487
1.0
0.9743589743589743
1.0
0.9047619047619048
0.9333333333333333
1.0
0.9285714285714286
0.9285714285714286
0.5757575757575757
0.9090909090909091
0.39622641509433965
0.39622641509433965
0.7647058823529411
0.6666666666666667
1.0
1.0
0.9333333333333333
1.0
1.0
1.0
0.9189189189189189
1.0
0.75
1.0
0.8
0.7916666666666666
1.0
0.5681818181818181
0.5288461538461539
0.5288461538461539
0.5288461538461539
0.41666666666666663
0.9375
0.9375
0.9375
0.9375
0.8
0.8987341772151899
0.8987341772151899
0.8795180722891567
0.875
1.0
0.9
0.9
0.9
0.9
0.9666666666666667
0.9333333333333333
0.9375
0.9
0.7142857142857143
0.925
0.7391304347826086
1.0
0.9607843137254902
0.9821428571428571
0.9607843137254902
0.9666666666666667
0.96875
0.9473684210526316
0.8857142857142857
0.7701149425287357
0.7701149425287357
0.40740740740740744
1.0
0.7701149425287357
0.7701149425287357
0.41538461538461535
0.9333333333333333
0.5217391304347826
0.55
0.55
0.8333333333333334
0.8333333333333334
0.9615384615384616
0.9333333333333333
0.9333333333333333
1.0
1.0
0.9333333333333333
1.0
0.9333333333333333
1.0
0.3529411764705882
0.36363636363636365
0.3529411764705882
0.8409090909090909
1.0
0.7920792079207921
1.0
1.0
1.0
1.0
1.0
1.0
1.0
1.0
1.0
1.0
1.0
1.0
1.0
0.9166666666666666
1.0
0.9166666666666666
0.972972972972973
0.7959183673469388
0.8
1.0
0.75
0.8051948051948052
1.0
1.0
1.0
1.0
1.0
1.0
1.0
1.0
1.0
1.0
0.9787234042553191
0.9787234042553191
0.9285714285714286
0.9433962264150944
0.9411764705882353
1.0
0.9846153846153847
0.9523809523809523
0.9746835443037974
0.8444444444444444
0.48888888888888893
0.8823529411764706
0.45999999999999996
0.360655737704918
1.0
1.0
0.8983050847457628
0.9411764705882353
1.0
0.9130434782608696
0.9130434782608696
0.9577464788732395
1.0
1.0
1.0
0.9464285714285714
0.5652173913043479
0.4193548387096774
0.5416666666666667
0.4516129032258065
1.0
1.0
0.9574468085106383
1.0
1.0
1.0
0.935483870967742
1.0
0.9473684210526316
0.9661016949152542
0.8615384615384616
1.0
0.9444444444444444
0.9090909090909091
0.9411764705882353
0.972972972972973
0.9827586206896551
0.8615384615384616
1.0
0.9411764705882353
0.5714285714285714
1.0
0.75
0.9259259259259259
0.9583333333333334
0.9166666666666666
0.4415584415584416
0.4415584415584416
0.5
0.6
0.5301204819277108
0.6888888888888889
0.7111111111111111
1.0
1.0
0.8181818181818181
1.0
0.7916666666666666
0.9090909090909091
1.0
1.0
1.0
0.9253731343283582
1.0
0.9333333333333333
1.0
1.0
1.0
0.9375
1.0
1.0
0.9333333333333333
0.8666666666666667
0.9333333333333333
0.7619047619047619
1.0
0.9375
1.0
0.9333333333333333
0.875
0.875
0.9090909090909091
1.0
0.9333333333333333
1.0
0.44999999999999996
0.5
0.4838709677419355
0.4838709677419355
0.4695652173913043
0.5
0.5161290322580645
0.5161290322580645
0.8695652173913043
0.3484848484848485
0.6764705882352942
0.6764705882352942
0.6875
0.7857142857142857
0.7666666666666666
0.9375
0.9375
0.9375
0.9272727272727272
0.975609756097561
0.975609756097561
0.7241379310344828
0.8823529411764706
0.8823529411764706
0.9714285714285714
0.9882352941176471
1.0
0.989010989010989
0.9875
0.989010989010989
0.9875
0.8888888888888888
0.7
0.8947368421052632
0.9696969696969697
0.935483870967742
0.6046511627906976
1.0
0.6363636363636364
0.6046511627906976
0.6046511627906976
0.9649122807017544
0.9230769230769231
0.9393939393939394
0.967741935483871
0.9032258064516129
1.0
0.6041666666666667
0.5714285714285714
0.5714285714285714
0.9545454545454546
0.9
0.9545454545454546
1.0
1.0
1.0
1.0
1.0
1.0
1.0
1.0
1.0
1.0
1.0
1.0
1.0
1.0
1.0
0.9333333333333333
1.0
0.9333333333333333
1.0
1.0
0.9333333333333333
1.0
1.0
1.0
1.0
1.0
1.0
1.0
1.0
1.0
0.8666666666666667
0.9545454545454546
0.9436619718309859
0.9024390243902439
0.8780487804878049
0.8969072164948454
1.0
1.0
1.0
0.9333333333333333
1.0
1.0
1.0
1.0
1.0
1.0
1.0
1.0
0.7251908396946565
0.8653846153846154
0.9428571428571428
1.0
1.0
1.0
0.7627118644067796
0.8645833333333334
0.9682539682539683
0.9473684210526316
0.8645833333333334
0.8
1.0
0.9333333333333333
0.7652173913043478
0.7652173913043478
0.8
1.0
0.9285714285714286
0.8055555555555556
1.0
0.9743589743589743
0.9148936170212766
0.9767441860465116
0.803921568627451
1.0
0.9523809523809523
0.9523809523809523
0.9523809523809523
0.9523809523809523
1.0
0.9523809523809523
0.9523809523809523
0.9523809523809523
0.9523809523809523
0.9090909090909091
0.5833333333333333
0.4
0.3076923076923077
0.5
0.34090909090909094
0.34090909090909094
0.33333333333333337
0.5333333333333333
0.5333333333333333
0.5066666666666666
0.5066666666666666
0.7916666666666666
0.9375
1.0
0.9375
1.0
0.5333333333333333
0.5066666666666666
0.5066666666666666
1.0
1.0
0.875
0.9333333333333333
0.8709677419354839
0.9761904761904762
0.875
0.7777777777777778
0.6363636363636364
0.5454545454545454
0.9090909090909091
0.9090909090909091
0.78
0.7551020408163265
0.78
0.8809523809523809
0.8181818181818181
0.9384615384615385
0.9583333333333334
0.7741935483870968
0.7555555555555555
0.9795918367346939
0.9897959183673469
0.978494623655914
1.0
1.0
1.0
1.0
1.0
0.7887323943661972
0.7572815533980582
0.98989898989899
0.8
0.9333333333333333
0.7435897435897436
0.6875
0.7027027027027026
0.9545454545454546
1.0
0.9902912621359223
0.9797979797979798
0.9333333333333333
0.9797979797979798
0.9090909090909091
1.0
1.0
0.990990990990991
1.0
1.0
0.9375
0.875
0.9444444444444444
0.631578947368421
1.0
1.0
0.9024390243902439
0.8688524590163934
0.9552238805970149
0.8852459016393442
0.9402985074626866
1.0
0.9310344827586207
0.9489795918367347
0.75
0.6842105263157895
0.9733333333333334
1.0
0.9611650485436893
0.9611650485436893
0.9333333333333333
1.0
1.0
0.9375
1.0
0.9895833333333334
0.9705882352941176
0.9705882352941176
0.9523809523809523
0.9090909090909091
0.9523809523809523
0.5116279069767442
1.0
0.6666666666666667
0.6
1.0
0.9894736842105263
0.94
0.98989898989899
0.9333333333333333
0.9375
1.0
1.0
0.9894736842105263
0.5333333333333333
0.6774193548387097
0.9655172413793104
0.9655172413793104
0.47058823529411764
0.6909090909090909
0.34883720930232553
0.8181818181818181
1.0
1.0
0.9090909090909091
0.92
0.9540229885057472
0.9827586206896551
0.6875
1.0
0.9285714285714286
0.9285714285714286
0.9736842105263158
0.9736842105263158
0.8035714285714286
0.40476190476190477
0.875
0.41463414634146345
0.8596491228070176
0.9019607843137255
0.9552238805970149
0.8556701030927836
0.9230769230769231
0.8082191780821918
0.41463414634146345
0.9787234042553191
0.8205128205128205
0.8991596638655462
0.4555555555555556
0.8064516129032258
0.8064516129032258
0.8064516129032258
0.8064516129032258
0.9787234042553191
0.9382716049382716
0.8983050847457628
0.8823529411764706
1.0
0.9333333333333333
1.0
0.46341463414634143
0.9333333333333333
1.0
1.0
0.9333333333333333
0.8732394366197183
1.0
0.9770114942528736
1.0
1.0
1.0
0.7678571428571428
1.0
1.0
1.0
1.0
1.0
1.0
1.0
1.0
1.0
1.0
0.5254237288135593
1.0
1.0
1.0
0.8558558558558559
0.8558558558558559
0.8448275862068966
0.967741935483871
0.8446601941747574
0.8446601941747574
0.94
0.9166666666666666
0.8780487804878049
0.9782608695652174
0.8769230769230769
0.9224137931034483
0.9714285714285714
0.9333333333333333
1.0
1.0
1.0
1.0
0.8666666666666667
0.9333333333333333
1.0
1.0
0.945054945054945
0.41414141414141414
0.4444444444444444
0.4242424242424242
0.41414141414141414
0.41414141414141414
1.0
1.0
1.0
1.0
1.0
1.0
1.0
1.0
1.0
1.0
1.0
0.9830508474576272
0.9649122807017544
0.9436619718309859
0.875
0.8933333333333333
0.7868852459016393
0.9102564102564102
0.8533333333333333
0.41414141414141414
0.4444444444444444
0.7222222222222222
0.96
0.9375
0.90625
0.6153846153846154
0.3846153846153846
0.5185185185185186
0.6829268292682926
0.38372093023255816
1.0
0.7111111111111111
1.0
1.0
1.0
1.0
1.0
1.0
1.0
1.0
1.0
1.0
1.0
1.0
1.0
0.96
1.0
0.8536585365853658
0.96
1.0
0.855072463768116
0.8947368421052632
1.0
1.0
0.6190476190476191
0.48809523809523814
0.48809523809523814
0.9
0.5555555555555556
0.8787878787878788
0.5853658536585367
0.5853658536585367
1.0
0.5
0.9
0.8857142857142857
0.7014925373134329
0.8823529411764706
0.9285714285714286
1.0
1.0
0.9230769230769231
0.8
0.9333333333333333
0.75
0.9195402298850575
0.9195402298850575
1.0
1.0
1.0
1.0
1.0
1.0
1.0
1.0
1.0
1.0
1.0
1.0
1.0
1.0
1.0
1.0
1.0
1.0
1.0
1.0
1.0
1.0
1.0
1.0
1.0
0.8
0.38636363636363635
0.7023809523809523
1.0
1.0
1.0
1.0
1.0
1.0
1.0
1.0
1.0
1.0
0.9714285714285714
0.9722222222222222
0.9736842105263158
0.9705882352941176
0.9189189189189189
1.0
1.0
0.9411764705882353
0.4117647058823529
0.4242424242424242
1.0
1.0
1.0
0.9803921568627451
0.984375
1.0
0.984375
0.9347826086956522
1.0
0.9285714285714286
0.9230769230769231
0.9090909090909091
0.9615384615384616
0.896551724137931
0.9090909090909091
0.9090909090909091
0.9230769230769231
0.33884297520661155
0.33884297520661155
0.33884297520661155
0.33884297520661155
0.7391304347826086
1.0
1.0
1.0
0.975
0.975
0.975
0.975
0.8928571428571429
1.0
0.7083333333333333
0.7083333333333333
0.4945054945054945
0.9787234042553191
0.90625
1.0
1.0
0.5375
1.0
1.0
0.8846153846153846
0.9090909090909091
0.8181818181818181
0.962962962962963
0.9090909090909091
0.875
0.9142857142857143
1.0
0.9090909090909091
1.0
1.0
0.9166666666666666
0.7
0.4375
0.9130434782608696
0.426829268292683
0.47058823529411764
0.5689655172413793
0.5454545454545454
0.9375
0.8095238095238095
0.8888888888888888
0.8
0.9444444444444444
0.9607843137254902
0.8
0.8
1.0
0.875
1.0
0.935483870967742
0.6666666666666667
1.0
0.8053097345132744
0.8053097345132744
0.9333333333333333
0.9333333333333333
0.9310344827586207
0.8090909090909091
0.9090909090909091
0.4782608695652174
0.8235294117647058
0.4782608695652174
0.7291666666666667
0.8611111111111112
0.8936170212765957
0.8958333333333334
0.8421052631578947
0.9827586206896551
0.3373493975903614
0.36363636363636365
0.375
1.0
1.0
1.0
0.64
1.0
0.9333333333333333
1.0
0.9375
0.9454545454545454
1.0
0.7692307692307692
0.9444444444444444
0.8333333333333334
0.6060606060606061
0.6060606060606061
0.75
0.75
0.6363636363636364
0.6363636363636364
1.0
1.0
1.0
1.0
1.0
1.0
1.0
0.9583333333333334
1.0
0.8518518518518519
0.6923076923076923
0.6923076923076923
0.5757575757575757
0.6666666666666667
0.984
0.9574468085106383
0.9739130434782609
0.9827586206896551
0.9830508474576272
0.9523809523809523
0.9714285714285714
0.9603960396039604
0.9649122807017544
0.9375
0.9574468085106383
0.8902439024390244
1.0
0.9733333333333334
0.9375
0.9411764705882353
0.8823529411764706
0.8823529411764706
0.8571428571428572
1.0
0.9444444444444444
1.0
0.9333333333333333
1.0
1.0
0.9375
1.0
1.0
1.0
0.9375
0.875
0.9375
1.0
1.0
0.8
0.9213483146067416
0.43999999999999995
0.5789473684210527
0.9285714285714286
0.7916666666666666
0.7254901960784313
0.7254901960784313
0.9787234042553191
1.0
0.9615384615384616
0.7875
0.7682926829268293
0.6435643564356436
0.7424242424242424
1.0
1.0
0.88
0.9344262295081968
0.9836065573770492
0.94
1.0
0.9375
1.0
1.0
0.8928571428571429
0.8181818181818181
0.8181818181818181
1.0
0.9473684210526316
0.9565217391304348
0.9850746268656716
0.9850746268656716
0.9333333333333333
1.0
0.9375
0.9333333333333333
1.0
1.0
1.0
0.9333333333333333
0.9473684210526316
1.0
0.9655172413793104
0.9655172413793104
0.8796296296296297
0.9797979797979798
0.9797979797979798
0.9797979797979798
0.9318181818181819
0.8541666666666666
0.6
0.96
0.962962962962963
0.6041666666666667
0.6041666666666667
1.0
0.6363636363636364
0.7678571428571428
0.5428571428571429
0.6774193548387097
0.6379310344827587
0.6206896551724138
0.37962962962962965
0.8461538461538461
0.9905660377358491
0.9801980198019802
0.9322033898305084
0.9583333333333334
1.0
1.0
0.9813084112149533
1.0
0.9333333333333333
0.9333333333333333
0.9333333333333333
0.9333333333333333
0.9333333333333333
0.9333333333333333
1.0
0.9333333333333333
1.0
1.0
0.9333333333333333
0.4666666666666667
1.0
0.711864406779661
0.7
0.7222222222222222
0.7666666666666666
0.7741935483870968
0.9767441860465116
1.0
0.9047619047619048
1.0
1.0
1.0
0.875
0.9333333333333333
0.9375
0.875
1.0
0.8
0.8666666666666667
0.8666666666666667
0.6956521739130435
0.7333333333333334
0.9333333333333333
0.42105263157894735
0.78125
0.8888888888888888
0.8260869565217391
0.8260869565217391
0.9333333333333333
0.5263157894736843
0.4545454545454546
0.4736842105263158
0.75
0.5263157894736843
0.8571428571428572
0.6774193548387097
0.6071428571428572
1.0
1.0
0.9333333333333333
0.9777777777777777
0.9836065573770492
0.7619047619047619
0.7111111111111111
0.8125
0.5972222222222222
0.9692307692307692
0.9692307692307692
0.8
0.9375
0.9375
0.935483870967742
0.935483870967742
0.8666666666666667
0.875
0.7777777777777778
0.9090909090909091
0.9545454545454546
0.5555555555555556
0.6428571428571428
0.6428571428571428
0.9090909090909091
0.9090909090909091
0.6140350877192983
0.7575757575757576
0.725
0.5660377358490566
0.6842105263157895
0.6666666666666667
0.6666666666666667
0.5957446808510638
0.625
0.7
0.6101694915254237
0.9827586206896551
0.98989898989899
0.6666666666666667
0.38181818181818183
0.6046511627906976
0.7058823529411764
0.8571428571428572
1.0
1.0
0.9666666666666667
0.9821428571428571
0.8260869565217391
0.8260869565217391
0.875
0.8636363636363636
0.8636363636363636
0.8636363636363636
0.8636363636363636
0.8181818181818181
0.8181818181818181
0.875
0.875
1.0
0.9375
0.48958333333333337
1.0
1.0
1.0
1.0
1.0
1.0
1.0
1.0
1.0
0.9259259259259259
1.0
1.0
0.9666666666666667
0.896551724137931
1.0
1.0
0.9473684210526316
1.0
1.0
1.0
0.8765432098765432
1.0
1.0
1.0
1.0
1.0
1.0
1.0
1.0
0.9918032786885246
0.9918032786885246
1.0
1.0
1.0
1.0
1.0
1.0
0.98989898989899
0.8846153846153846
0.8387096774193549
0.9390243902439024
0.9148936170212766
1.0
0.7954545454545454
1.0
0.8701298701298701
0.9508196721311475
0.6
0.6
0.5777777777777777
0.547945205479452
0.7727272727272727
1.0
0.9814814814814815
0.6799999999999999
0.7454545454545455
0.6746987951807228
1.0
1.0
1.0
1.0
1.0
0.9893617021276596
0.9893617021276596
1.0
0.9814814814814815
1.0
0.9587628865979382
0.961038961038961
0.961038961038961
1.0
1.0
1.0
1.0
1.0
1.0
1.0
1.0
1.0
1.0
1.0
1.0
1.0
0.9333333333333333
1.0
1.0
0.6285714285714286
0.5897435897435898
0.5714285714285714
0.5897435897435898
0.5833333333333333
0.5897435897435898
0.6111111111111112
0.5897435897435898
0.6
0.6285714285714286
0.5897435897435898
0.6
0.5897435897435898
0.6388888888888888
0.5897435897435898
0.6388888888888888
0.5897435897435898
0.6
1.0
0.9333333333333333
0.625
0.5263157894736843
0.9
0.7872340425531915
0.7872340425531915
1.0
1.0
0.9230769230769231
1.0
1.0
1.0
0.864406779661017
1.0
1.0
1.0
1.0
1.0
1.0
1.0
1.0
1.0
1.0
1.0
1.0
1.0
1.0
1.0
1.0
1.0
1.0
1.0
1.0
1.0
0.8552631578947368
1.0
1.0
1.0
1.0
1.0
1.0
1.0
1.0
1.0
1.0
1.0
1.0
1.0
1.0
1.0
1.0
1.0
1.0
1.0
1.0
1.0
1.0
0.9830508474576272
1.0
1.0
1.0
1.0
1.0
1.0
1.0
1.0
1.0
1.0
1.0
1.0
1.0
1.0
1.0
1.0
0.9259259259259259
0.8200000000000001
0.9259259259259259
0.7272727272727273
0.7272727272727273
1.0
1.0
1.0
1.0
0.9545454545454546
0.8375
0.5794392523364487
0.5957446808510638
0.7674418604651163
0.8421052631578947
0.6071428571428572
0.8421052631578947
1.0
1.0
1.0
1.0
1.0
1.0
0.9827586206896551
0.9333333333333333
0.9827586206896551
0.9333333333333333
1.0
1.0
0.9827586206896551
0.9333333333333333
0.9827586206896551
0.9344262295081968
0.9666666666666667
0.8070175438596492
1.0
1.0
1.0
1.0
1.0
1.0
0.9666666666666667
1.0
0.9666666666666667
1.0
1.0
1.0
1.0
1.0
1.0
0.6837606837606838
1.0
1.0
1.0
1.0
0.6936936936936937
1.0
1.0
1.0
1.0
1.0
1.0
1.0
1.0
1.0
1.0
1.0
1.0
1.0
1.0
1.0
1.0
1.0
1.0
1.0
1.0
1.0
1.0
0.896551724137931
1.0
0.9827586206896551
0.9827586206896551
0.9827586206896551
1.0
1.0
0.8928571428571429
1.0
1.0
1.0
1.0
1.0
0.95
0.9344262295081968
1.0
1.0
1.0
1.0
1.0
1.0
1.0
1.0
1.0
1.0
1.0
1.0
0.9666666666666667
1.0
1.0
1.0
1.0
0.9666666666666667
0.9333333333333333
1.0
1.0
1.0
1.0
1.0
1.0
0.9666666666666667
0.9666666666666667
1.0
0.9761904761904762
0.9761904761904762
0.9591836734693877
1.0
1.0
1.0
1.0
0.9666666666666667
1.0
1.0
1.0
0.8947368421052632
1.0
0.3870967741935484
0.46153846153846156
0.4193548387096774
0.35416666666666663
0.30000000000000004
0.2941176470588235
0.30188679245283023
0.2962962962962963
0.3035714285714286
0.7407407407407407
0.8484848484848485
1.0
0.7857142857142857
0.5263157894736843
0.6976744186046512
0.7222222222222222
1.0
0.7798165137614679
1.0
0.9761904761904762
0.9772727272727273
1.0
0.8461538461538461
0.7
1.0
0.8055555555555556
0.6153846153846154
0.3203883495145631
0.625
0.5555555555555556
0.5555555555555556
0.3904761904761904
0.5714285714285714
0.9864864864864865
1.0
0.5294117647058824
0.7222222222222222
0.5454545454545454
0.6857142857142857
0.6857142857142857
0.472
0.6857142857142857
0.896551724137931
0.875
0.8571428571428572
1.0
0.7857142857142857
0.5263157894736843
0.7111111111111111
0.736842105263158
0.5384615384615384
0.3846153846153846
0.4736842105263158
0.6271186440677966
0.9714285714285714
0.5833333333333333
0.5833333333333333
0.25757575757575757
0.8790697674418605
0.9866666666666667
1.0
0.9682539682539683
0.631578947368421
0.631578947368421
0.9090909090909091
0.7777777777777778
0.9375
0.46153846153846156
0.4347826086956522
0.5217391304347826
0.6666666666666667
0.5714285714285714
0.6428571428571428
0.5714285714285714
0.5714285714285714
0.6428571428571428
0.6428571428571428
0.313953488372093
1.0
0.9466666666666667
0.77
0.9368421052631579
0.7045454545454546
0.9230769230769231
1.0
1.0
1.0
0.7659574468085106
0.9
0.9259259259259259
0.9555555555555556
1.0
1.0
1.0
1.0
1.0
1.0
1.0
1.0
1.0
1.0
0.9375
0.9333333333333333
0.9333333333333333
0.9375
1.0
0.9375
0.875
1.0
0.9189189189189189
0.972972972972973
1.0
1.0
1.0
1.0
0.9375
0.9333333333333333
1.0
1.0
1.0
1.0
1.0
0.4528301886792453
0.39583333333333337
1.0
1.0
1.0
1.0
1.0
1.0
0.5897435897435898
0.5675675675675675
1.0
0.9090909090909091
0.5714285714285714
1.0
0.5531914893617021
0.49504950495049505
0.6857142857142857
0.984375
0.4054054054054054
0.38983050847457623
0.368421052631579
0.7105263157894737
1.0
1.0
0.8
0.5909090909090908
0.5909090909090908
0.9166666666666666
0.9166666666666666
0.9333333333333333
0.875
0.875
1.0
0.3679245283018868
0.3787878787878788
0.375
0.375
0.390625
1.0
0.9210526315789473
0.926829268292683
0.8048780487804879
0.6236559139784946
0.9534883720930233
0.953125
0.95
0.971830985915493
0.8783783783783784
1.0
0.9583333333333334
0.9333333333333333
0.9545454545454546
1.0
1.0
1.0
1.0
1.0
0.9772727272727273
0.953125
0.4901960784313726
1.0
1.0
1.0
1.0
1.0
1.0
1.0
1.0
1.0
1.0
1.0
0.9375
1.0
1.0
0.868421052631579
0.9333333333333333
1.0
0.967741935483871
0.7894736842105263
0.9259259259259259
0.5581395348837209
0.5581395348837209
1.0
0.8421052631578947
0.962962962962963
0.8205128205128205
0.6
0.75
0.36585365853658536
0.5531914893617021
0.5531914893617021
0.36585365853658536
0.4782608695652174
0.9375
0.9375
0.9375
0.9375
0.9375
0.9090909090909091
1.0
0.90625
0.7619047619047619
0.75
0.36363636363636365
0.5454545454545454
0.5454545454545454
0.9411764705882353
0.858974358974359
0.858974358974359
0.858974358974359
0.858974358974359
1.0
1.0
0.5333333333333333
0.5
0.5
0.9649122807017544
1.0
0.9733333333333334
1.0
0.8958333333333334
0.38834951456310685
0.8275862068965517
1.0
1.0
1.0
0.6981132075471699
0.9347826086956522
1.0
1.0
0.8775510204081632
1.0
1.0
0.875
0.9830508474576272
0.9897959183673469
0.9903846153846154
0.9876543209876543
0.98989898989899
0.9558823529411765
0.990990990990991
0.9558823529411765
1.0
0.9473684210526316
1.0
0.9473684210526316
0.9411764705882353
0.7719298245614035
1.0
0.9861111111111112
0.9861111111111112
0.9752066115702479
1.0
1.0
0.9811320754716981
0.96
0.9603960396039604
0.9338842975206612
1.0
1.0
1.0
1.0
1.0
1.0
1.0
1.0
1.0
0.49382716049382713
0.9166666666666666
0.9375
0.6774193548387097
0.9166666666666666
1.0
1.0
0.5892857142857143
0.49056603773584906
0.5612244897959184
0.6285714285714286
0.6491228070175439
0.6491228070175439
0.7333333333333334
0.6285714285714286
0.6491228070175439
0.6491228070175439
1.0
1.0
0.8717948717948718
1.0
0.962962962962963
0.9375
0.984375
0.9900990099009901
0.9900990099009901
0.8613861386138614
0.8613861386138614
1.0
0.8571428571428572
0.5789473684210527
0.45945945945945943
0.8333333333333334
0.875
1.0
0.9333333333333333
0.8823529411764706
1.0
1.0
1.0
1.0
1.0
1.0
1.0
1.0
0.972972972972973
0.9615384615384616
1.0
1.0
1.0
0.8823529411764706
1.0
1.0
1.0
1.0
1.0
1.0
0.9642857142857143
1.0
1.0
1.0
1.0
0.9333333333333333
0.9333333333333333
1.0
0.9333333333333333
0.9333333333333333
0.7796610169491526
0.8869565217391304
0.9801980198019802
0.9801980198019802
0.8
0.8
1.0
0.7142857142857143
0.53125
0.9895833333333334
0.5384615384615384
0.7758620689655172
0.8869565217391304
0.9705882352941176
0.9545454545454546
0.8488372093023255
0.8488372093023255
0.9047619047619048
0.9811320754716981
0.9473684210526316
0.9428571428571428
0.7037037037037037
0.6666666666666667
0.9534883720930233
0.7777777777777778
0.9444444444444444
0.98989898989899
0.4285714285714286
0.725
0.7073170731707317
0.696969696969697
1.0
0.75
0.6666666666666667
0.6666666666666667
0.825
0.7272727272727273
1.0
0.8307692307692307
0.9333333333333333
1.0
1.0
1.0
0.9333333333333333
1.0
1.0
0.972972972972973
0.975
0.9459459459459459
0.8918918918918919
0.8
1.0
1.0
0.9705882352941176
0.9705882352941176
0.9850746268656716
1.0
0.9333333333333333
1.0
0.9333333333333333
0.9333333333333333
0.9333333333333333
0.8666666666666667
0.875
0.935483870967742
0.9021739130434783
0.9021739130434783
0.8924731182795699
0.9333333333333333
0.9333333333333333
0.5555555555555556
1.0
1.0
0.9333333333333333
1.0
0.8571428571428572
0.98989898989899
0.9666666666666667
1.0
1.0
0.8947368421052632
0.9333333333333333
0.9375
0.8484848484848485
0.7222222222222222
0.9826086956521739
0.9298245614035088
0.9887640449438202
1.0
0.8666666666666667
0.9333333333333333
0.9375
1.0
1.0
1.0
1.0
1.0
1.0
1.0
1.0
1.0
1.0
0.9375
0.9375
1.0
1.0
1.0
1.0
1.0
1.0
1.0
1.0
0.9285714285714286
0.9285714285714286
0.8363636363636364
0.7857142857142857
0.7166666666666667
0.9824561403508771
0.3203883495145631
0.36363636363636365
0.375
0.8
1.0
0.3113207547169812
0.33333333333333337
0.36363636363636365
0.375
0.375
0.375
0.375
1.0
0.9583333333333334
0.9333333333333333
0.8148148148148149
0.875
0.9333333333333333
0.9333333333333333
0.9375
1.0
0.9333333333333333
0.64
1.0
1.0
0.9152542372881356
1.0
0.9375
0.9333333333333333
0.9333333333333333
0.9375
0.9375
0.9333333333333333
0.967741935483871
0.967741935483871
0.9705882352941176
1.0
0.8181818181818181
0.9866666666666667
0.3584905660377359
0.3787878787878788
0.375
0.375
0.390625
0.390625
0.9767441860465116
1.0
0.9861111111111112
0.978021978021978
0.8484848484848485
1.0
1.0
0.9583333333333334
0.9583333333333334
1.0
1.0
1.0
0.9166666666666666
0.9166666666666666
0.9375
0.9333333333333333
0.9333333333333333
0.9705882352941176
0.9454545454545454
0.9649122807017544
0.6
0.3833333333333333
0.6612903225806452
0.4736842105263158
0.35185185185185186
0.4375
0.41463414634146345
0.41463414634146345
0.3472222222222222
0.3448275862068966
0.8354430379746836
1.0
0.9333333333333333
0.9375
0.8095238095238095
0.9
0.9
0.6363636363636364
0.75
0.8461538461538461
0.7241379310344828
0.8043478260869565
0.9375
1.0
0.9333333333333333
0.8636363636363636
0.8421052631578947
0.8181818181818181
0.9
1.0
0.9166666666666666
0.9333333333333333
1.0
1.0
0.9615384615384616
1.0
1.0
0.6956521739130435
0.9130434782608696
0.8888888888888888
1.0
0.75
0.782608695652174
0.9090909090909091
0.9090909090909091
0.44680851063829785
0.8709677419354839
0.8333333333333334
1.0
0.7073170731707317
0.9333333333333333
0.9333333333333333
0.9333333333333333
1.0
1.0
0.935483870967742
0.96875
0.9459459459459459
0.6153846153846154
0.6428571428571428
0.5714285714285714
0.5384615384615384
0.8571428571428572
1.0
1.0
0.9090909090909091
0.6521739130434783
0.5087719298245614
0.5087719298245614
0.55
0.7619047619047619
0.9565217391304348
0.962962962962963
0.8
0.8888888888888888
0.8717948717948718
1.0
0.9444444444444444
1.0
1.0
0.99
0.9805825242718447
1.0
1.0
1.0
0.9818181818181818
1.0
1.0
1.0
1.0
1.0
1.0
0.75
0.9333333333333333
1.0
1.0
1.0
0.9636363636363636
0.9821428571428571
0.8857142857142857
0.9090909090909091
0.8
0.5660377358490566
0.5660377358490566
0.5660377358490566
0.9545454545454546
1.0
0.9333333333333333
0.9333333333333333
0.8823529411764706
0.9333333333333333
0.9333333333333333
0.9333333333333333
0.9333333333333333
0.9333333333333333
0.9333333333333333
0.9090909090909091
1.0
0.47058823529411764
0.7222222222222222
0.8918918918918919
0.6129032258064516
0.41666666666666663
0.5384615384615384
0.37254901960784315
0.37254901960784315
0.5555555555555556
1.0
0.7241379310344828
0.9130434782608696
0.9393939393939394
1.0
0.6470588235294117
0.5970149253731343
0.625
0.8823529411764706
0.5151515151515151
0.5689655172413793
0.6031746031746033
0.6
0.5245901639344263
1.0
0.631578947368421
0.631578947368421
1.0
1.0
1.0
1.0
0.9791666666666666
0.5897435897435898
0.5833333333333333
0.7586206896551724
0.6153846153846154
0.8181818181818181
0.88
1.0
0.9444444444444444
0.8
0.75
0.979381443298969
0.92
0.7272727272727273
1.0
0.96
0.9583333333333334
1.0
0.962962962962963
0.9814814814814815
0.9642857142857143
0.9333333333333333
0.48
0.9
0.9375
0.925
0.8857142857142857
0.9411764705882353
1.0
0.9375
1.0
0.368421052631579
0.9
0.9375
0.9807692307692307
0.9142857142857143
0.5666666666666667
0.34375
0.5185185185185186
0.8823529411764706
0.9090909090909091
0.9375
0.9538461538461538
0.9803921568627451
0.9803921568627451
0.9807692307692307
0.9807692307692307
0.6875
0.935483870967742
0.8260869565217391
0.8636363636363636
0.9827586206896551
0.9767441860465116
0.9534883720930233
0.339622641509434
0.3529411764705882
0.3191489361702128
0.3870967741935484
0.36363636363636365
0.5348837209302326
0.3111111111111111
0.6923076923076923
0.33333333333333337
0.4513274336283186
0.4513274336283186
0.4513274336283186
0.48888888888888893
0.7307692307692308
0.6111111111111112
0.6111111111111112
0.6111111111111112
1.0
1.0
0.9333333333333333
0.9333333333333333
1.0
1.0
1.0
1.0
1.0
1.0
0.962962962962963
0.9333333333333333
1.0
0.9333333333333333
0.9333333333333333
0.9333333333333333
0.75
0.4482758620689655
0.5
0.8441558441558441
0.9024390243902439
1.0
0.4782608695652174
0.8222222222222222
0.5647058823529412
1.0
1.0
0.9666666666666667
0.8229166666666666
1.0
1.0
0.9090909090909091
1.0
0.8387096774193549
0.8333333333333334
0.8709677419354839
0.9666666666666667
1.0
0.8709677419354839
0.8333333333333334
0.4177215189873418
0.75
0.8064516129032258
0.9666666666666667
0.8247422680412371
0.9666666666666667
0.81
0.9666666666666667
0.8247422680412371
0.9666666666666667
0.8247422680412371
0.6
0.48
0.5365853658536586
0.5555555555555556
0.5365853658536586
1.0
0.9622641509433962
0.9743589743589743
0.9772727272727273
0.9743589743589743
0.9591836734693877
0.775
0.8035714285714286
0.9622641509433962
0.9591836734693877
0.4054054054054054
0.4054054054054054
0.47058823529411764
1.0
1.0
1.0
0.9122807017543859
0.9821428571428571
0.5333333333333333
0.5066666666666666
0.5066666666666666
1.0
0.9375
1.0
0.9375
1.0
0.5333333333333333
0.5066666666666666
0.5066666666666666
1.0
0.9696969696969697
1.0
0.9545454545454546
0.9245283018867925
0.9444444444444444
0.9166666666666666
1.0
0.9827586206896551
0.9827586206896551
0.32530120481927716
0.36363636363636365
0.375
1.0
1.0
1.0
1.0
1.0
0.9824561403508771
0.9649122807017544
0.9824561403508771
0.9824561403508771
0.9649122807017544
0.9824561403508771
0.9824561403508771
0.9649122807017544
0.9824561403508771
0.9824561403508771
0.9666666666666667
0.9459459459459459
0.94
0.935483870967742
0.42622950819672134
0.41666666666666663
0.43333333333333335
0.41666666666666663
0.41666666666666663
0.625
0.625
0.625
0.625
0.4285714285714286
0.5151515151515151
0.5384615384615384
0.39682539682539686
0.9714285714285714
0.875
0.6274509803921569
1.0
0.8918918918918919
1.0
1.0
0.9591836734693877
0.9298245614035088
0.9090909090909091
0.9777777777777777
0.9777777777777777
0.9777777777777777
0.9090909090909091
0.5142857142857142
0.96
0.96
1.0
0.8823529411764706
0.8152173913043479
0.5294117647058824
0.4285714285714286
1.0
0.9772727272727273
1.0
0.967741935483871
1.0
1.0
0.9801980198019802
1.0
1.0
0.7073170731707317
0.5555555555555556
0.627906976744186
0.7
0.7
1.0
1.0
0.9166666666666666
0.8
1.0
0.9767441860465116
0.9743589743589743
0.9545454545454546
0.8979591836734694
0.7037037037037037
0.6578947368421053
0.7407407407407407
0.7407407407407407
0.4878048780487805
0.7777777777777778
0.5416666666666667
0.5416666666666667
0.5416666666666667
0.5416666666666667
0.5294117647058824
0.543859649122807
0.84375
0.8148148148148149
0.8148148148148149
0.8518518518518519
1.0
0.9583333333333334
0.875
0.875
1.0
0.8823529411764706
0.8823529411764706
0.9473684210526316
0.9333333333333333
1.0
0.9375
0.8
0.44999999999999996
0.625
0.7857142857142857
0.34615384615384615
0.5714285714285714
0.3917525773195877
0.3917525773195877
0.6875
0.6428571428571428
1.0
0.467741935483871
0.467741935483871
0.467741935483871
0.46808510638297873
1.0
0.9444444444444444
0.9444444444444444
0.9655172413793104
0.9655172413793104
0.9310344827586207
0.9310344827586207
0.9210526315789473
0.5882352941176471
0.9
0.9642857142857143
0.6129032258064516
0.8222222222222222
0.7176470588235294
1.0
0.9322033898305084
0.9322033898305084
0.9797979797979798
1.0
1.0
0.96
1.0
0.96
1.0
0.8974358974358975
0.8717948717948718
1.0
0.7321428571428572
1.0
1.0
1.0
1.0
0.9333333333333333
1.0
1.0
1.0
1.0
1.0
1.0
1.0
0.9705882352941176
0.9024390243902439
0.5238095238095238
1.0
0.6
1.0
1.0
0.7777777777777778
1.0
0.4487179487179487
0.5151515151515151
1.0
0.9333333333333333
0.9333333333333333
1.0
1.0
1.0
1.0
0.9565217391304348
0.9642857142857143
0.7272727272727273
0.7272727272727273
0.9333333333333333
1.0
0.9
0.8
0.8888888888888888
0.9090909090909091
0.8888888888888888
0.5454545454545454
0.8888888888888888
0.7352941176470589
0.875
0.875
0.875
0.875
1.0
0.9903846153846154
1.0
1.0
0.8823529411764706
0.8152173913043479
1.0
1.0
1.0
0.47058823529411764
0.8823529411764706
0.8152173913043479
0.47058823529411764
0.4
0.9333333333333333
0.6842105263157895
0.6842105263157895
1.0
1.0
0.6842105263157895
0.6842105263157895
1.0
0.8888888888888888
0.5238095238095238
0.6842105263157895
0.6842105263157895
1.0
0.6545454545454545
0.6545454545454545
0.7575757575757576
0.7333333333333334
0.78125
0.8275862068965517
0.5142857142857142
0.5142857142857142
0.7878787878787878
0.5714285714285714
0.8181818181818181
0.4444444444444444
1.0
1.0
1.0
1.0
1.0
1.0
1.0
1.0
1.0
1.0
0.43137254901960786
0.3653846153846154
1.0
0.9655172413793104
1.0
0.9830508474576272
1.0
1.0
0.8709677419354839
0.8333333333333334
0.9583333333333334
0.9583333333333334
1.0
1.0
1.0
0.9565217391304348
1.0
0.9583333333333334
0.8620689655172413
0.4545454545454546
1.0
0.8695652173913043
0.9767441860465116
0.9230769230769231
0.46153846153846156
0.46153846153846156
0.46153846153846156
0.8571428571428572
1.0
1.0
1.0
1.0
1.0
1.0
1.0
1.0
1.0
1.0
1.0
1.0
1.0
1.0
0.9838709677419355
0.9841269841269842
1.0
1.0
1.0
1.0
1.0
1.0
1.0
0.967741935483871
0.9787234042553191
0.935483870967742
0.875
0.8235294117647058
1.0
0.9722222222222222
0.9545454545454546
0.967741935483871
0.967741935483871
0.6739130434782609
0.967741935483871
0.967741935483871
0.967741935483871
0.935483870967742
0.9696969696969697
1.0
0.967741935483871
0.9552238805970149
0.9696969696969697
1.0
0.9666666666666667
0.9696969696969697
0.9411764705882353
0.967741935483871
0.935483870967742
0.9696969696969697
0.9411764705882353
1.0
0.9666666666666667
0.9692307692307692
0.9393939393939394
0.967741935483871
0.935483870967742
0.9545454545454546
0.935483870967742
0.9545454545454546
0.9393939393939394
1.0
1.0
0.9696969696969697
1.0
0.9545454545454546
0.8709677419354839
1.0
0.9666666666666667
1.0
1.0
1.0
1.0
1.0
0.9560439560439561
1.0
0.9666666666666667
1.0
1.0
1.0
1.0
1.0
1.0
0.5
0.40625
0.5217391304347826
0.6
0.52
0.39682539682539686
0.5769230769230769
0.4426229508196722
0.4426229508196722
0.6052631578947368
0.9733333333333334
0.42105263157894735
0.5217391304347826
0.9285714285714286
1.0
1.0
1.0
1.0
0.8888888888888888
0.975609756097561
0.875
0.9375
1.0
0.875
1.0
0.6666666666666667
0.7419354838709677
0.4358974358974359
0.5
0.5
0.5142857142857142
0.5142857142857142
0.5142857142857142
0.5142857142857142
1.0
1.0
1.0
0.9333333333333333
0.9333333333333333
0.9375
0.9375
0.9333333333333333
1.0
0.9375
1.0
0.9333333333333333
1.0
0.9333333333333333
0.9545454545454546
0.9545454545454546
0.7021276595744681
0.9473684210526316
0.9736842105263158
0.9736842105263158
0.8055555555555556
0.90625
1.0
0.9333333333333333
1.0
0.9375
1.0
0.8918918918918919
0.967741935483871
0.6923076923076923
1.0
0.9
0.9411764705882353
1.0
0.8823529411764706
0.8823529411764706
0.9333333333333333
0.9333333333333333
1.0
0.9333333333333333
1.0
0.9333333333333333
1.0
1.0
1.0
1.0
1.0
1.0
0.9375
0.85
0.7647058823529411
0.6666666666666667
0.8241758241758241
0.8285714285714285
0.9375
1.0
0.7619047619047619
0.8235294117647058
0.8
1.0
0.9642857142857143
0.9833333333333333
1.0
0.8275862068965517
0.9411764705882353
0.6666666666666667
0.7258064516129032
1.0
1.0
1.0
1.0
1.0
1.0
0.9824561403508771
0.3106796116504854
0.36363636363636365
0.375
0.9824561403508771
0.3106796116504854
1.0
0.962962962962963
0.9866666666666667
0.9814814814814815
0.962962962962963
1.0
1.0
1.0
1.0
0.9787234042553191
0.72
0.5384615384615384
0.3913043478260869
1.0
0.4375
0.4375
0.5
0.4
0.38181818181818183
0.375
0.34090909090909094
0.3294117647058824
0.3294117647058824
0.7230769230769231
0.6904761904761905
0.7468354430379747
0.6666666666666667
0.53125
0.6666666666666667
0.6181818181818182
0.6181818181818182
0.6181818181818182
0.6181818181818182
0.6071428571428572
0.6071428571428572
0.6071428571428572
0.6071428571428572
0.6071428571428572
0.6071428571428572
0.6111111111111112
0.8918918918918919
1.0
0.9333333333333333
0.9333333333333333
1.0
0.9333333333333333
1.0
0.9333333333333333
0.9375
0.9333333333333333
1.0
0.8823529411764706
0.8823529411764706
0.8823529411764706
0.9411764705882353
0.8484848484848485
0.3484848484848485
0.38095238095238093
0.38095238095238093
0.3650793650793651
0.3650793650793651
0.3650793650793651
0.3650793650793651
0.9333333333333333
1.0
0.9333333333333333
0.9230769230769231
0.9375
0.9333333333333333
0.9375
0.875
0.9411764705882353
0.8823529411764706
0.9375
0.875
0.9375
1.0
0.935483870967742
0.935483870967742
0.8245614035087719
0.625
0.8181818181818181
0.6666666666666667
1.0
0.9333333333333333
1.0
0.9333333333333333
0.7222222222222222
0.9375
0.8823529411764706
0.9375
0.9333333333333333
0.875
0.9375
1.0
1.0
0.9397590361445783
1.0
1.0
1.0
0.9666666666666667
0.8421052631578947
1.0
0.9210526315789473
1.0
1.0
0.9906542056074766
0.9166666666666666
0.9736842105263158
1.0
1.0
1.0
1.0
0.962962962962963
1.0
1.0
0.9285714285714286
0.9365079365079365
0.9272727272727272
1.0
1.0
1.0
1.0
1.0
1.0
0.9375
0.75
0.375
0.6666666666666667
0.40909090909090906
0.3623188405797102
0.4
0.4464285714285714
0.4
1.0
1.0
1.0
0.8
0.4285714285714286
0.4126984126984127
0.5363636363636364
0.4534883720930233
0.9375
1.0
1.0
0.7
0.4883720930232558
0.8888888888888888
0.7647058823529411
0.7647058823529411
0.696969696969697
0.9090909090909091
0.9285714285714286
0.9090909090909091
0.9305555555555556
0.9305555555555556
0.45238095238095233
1.0
1.0
1.0
1.0
0.9439252336448598
0.9439252336448598
0.9439252336448598
1.0
1.0
1.0
1.0
0.7391304347826086
1.0
0.98
0.9818181818181818
0.98
0.9830508474576272
0.984375
0.5555555555555556
0.5555555555555556
1.0
0.8571428571428572
0.9333333333333333
1.0
0.9411764705882353
0.7
0.8
0.7647058823529411
0.7941176470588236
0.5641025641025641
0.8125
0.8125
0.3731343283582089
1.0
0.8823529411764706
0.9864864864864865
1.0
1.0
1.0
0.96
0.9583333333333334
1.0
1.0
1.0
0.96
0.9583333333333334
1.0
1.0
0.96
0.9583333333333334
1.0
1.0
1.0
0.96
0.6111111111111112
1.0
0.896551724137931
1.0
0.8888888888888888
1.0
0.8888888888888888
1.0
1.0
1.0
1.0
1.0
1.0
0.8392857142857143
0.8392857142857143
1.0
1.0
0.9
0.875
1.0
1.0
0.7234042553191489
0.7033898305084746
0.7033898305084746
0.7033898305084746
0.7272727272727273
0.9545454545454546
0.8571428571428572
0.9333333333333333
1.0
0.9615384615384616
0.8888888888888888
0.8888888888888888
0.8787878787878788
0.8888888888888888
0.9090909090909091
1.0
0.875
0.9230769230769231
0.9428571428571428
1.0
0.9166666666666666
0.9375
1.0
0.8571428571428572
0.9285714285714286
0.9333333333333333
1.0
0.8
0.9
0.9259259259259259
1.0
1.0
0.9523809523809523
0.875
0.875
0.9090909090909091
0.9090909090909091
0.9642857142857143
0.9333333333333333
0.9444444444444444
0.5652173913043479
0.9090909090909091
0.4883720930232558
0.34285714285714286
0.7096774193548387
1.0
1.0
0.978021978021978
0.9560439560439561
1.0
1.0
1.0
0.728813559322034
0.9814814814814815
0.962962962962963
1.0
0.9473684210526316
0.9473684210526316
0.9473684210526316
0.9487179487179487
0.9487179487179487
0.9473684210526316
0.9473684210526316
0.5555555555555556
0.8
1.0
1.0
1.0
1.0
0.8928571428571429
0.7142857142857143
0.7272727272727273
0.8888888888888888
0.8181818181818181
0.8181818181818181
0.8888888888888888
0.46875
0.36363636363636365
0.375
0.375
0.9384615384615385
0.375
0.375
0.36363636363636365
1.0
0.8235294117647058
0.9333333333333333
0.9333333333333333
0.5625
0.5
0.8409090909090909
0.8409090909090909
0.8493150684931507
0.8493150684931507
0.8493150684931507
0.9259259259259259
0.4222222222222223
1.0
1.0
1.0
1.0
1.0
0.9333333333333333
0.9333333333333333
0.9333333333333333
1.0
0.9333333333333333
1.0
1.0
1.0
0.6818181818181819
1.0
0.875
0.875
0.9302325581395349
0.6542056074766356
0.4358974358974359
0.7941176470588236
0.736842105263158
0.6274509803921569
0.675
0.675
0.7162162162162162
0.75
0.8214285714285714
0.9361702127659575
1.0
0.9274193548387096
1.0
0.9649122807017544
0.9649122807017544
0.9478260869565217
0.9333333333333333
0.9666666666666667
0.9375
1.0
0.967741935483871
0.9375
0.9333333333333333
1.0
1.0
1.0
0.8421052631578947
0.8421052631578947
0.8181818181818181
0.48484848484848486
0.65
0.6333333333333333
1.0
0.9375
0.9333333333333333
0.9333333333333333
0.9375
0.9333333333333333
0.9333333333333333
1.0
0.9333333333333333
0.8947368421052632
0.8947368421052632
0.8947368421052632
0.8947368421052632
0.8421052631578947
0.8421052631578947
0.8947368421052632
0.8947368421052632
0.8
0.8
0.736842105263158
0.736842105263158
0.8717948717948718
0.8378378378378378
0.8378378378378378
0.9512195121951219
0.8372093023255813
0.9882352941176471
1.0
1.0
1.0
1.0
1.0
1.0
1.0
1.0
1.0
0.8823529411764706
0.8163265306122449
1.0
1.0
1.0
1.0
1.0
0.5064935064935066
0.5064935064935066
0.8205128205128205
0.7272727272727273
0.7878787878787878
1.0
0.7631578947368421
0.90625
1.0
0.75
0.8125
1.0
0.7567567567567568
0.90625
0.631578947368421
0.631578947368421
0.5897435897435898
0.5833333333333333
0.7586206896551724
0.7391304347826086
0.6153846153846154
0.8181818181818181
0.631578947368421
0.631578947368421
0.5897435897435898
0.5833333333333333
0.7586206896551724
0.6153846153846154
0.8181818181818181
0.631578947368421
0.631578947368421
0.90625
0.9117647058823529
0.9534883720930233
0.6153846153846154
0.5833333333333333
0.631578947368421
0.631578947368421
0.5897435897435898
0.5833333333333333
0.7586206896551724
0.7391304347826086
0.6153846153846154
0.8181818181818181
0.631578947368421
0.631578947368421
0.5897435897435898
0.5833333333333333
0.7586206896551724
0.7391304347826086
0.6153846153846154
0.8181818181818181
0.9761904761904762
0.8947368421052632
0.9120879120879121
1.0
0.36363636363636365
0.39682539682539686
0.38095238095238093
0.38095238095238093
0.9649122807017544
1.0
0.9318181818181819
0.9090909090909091
0.9
0.7419354838709677
0.5405405405405406
0.6170212765957447
0.5128205128205128
0.5128205128205128
0.5714285714285714
0.6170212765957447
0.4651162790697675
0.4651162790697675
0.5510204081632653
0.6170212765957447
0.9333333333333333
0.935483870967742
0.8333333333333334
0.9
0.9
0.8
1.0
1.0
1.0
1.0
1.0
1.0
1.0
1.0
1.0
1.0
1.0
1.0
1.0
0.7790697674418605
0.7790697674418605
0.9830508474576272
1.0
1.0
0.9333333333333333
1.0
0.9333333333333333
1.0
1.0
1.0
1.0
0.9333333333333333
1.0
1.0
0.9333333333333333
1.0
0.9333333333333333
1.0
1.0
1.0
0.875
1.0
1.0
1.0
1.0
0.9375
0.972972972972973
0.96875
0.9
0.8181818181818181
0.8181818181818181
0.8
0.8571428571428572
0.8181818181818181
0.7358490566037736
0.6
1.0
0.875
0.9375
0.6666666666666667
0.6603773584905661
0.6818181818181819
0.9210526315789473
1.0
1.0
1.0
1.0
1.0
0.8166666666666667
0.90625
1.0
0.9333333333333333
1.0
0.9333333333333333
0.9333333333333333
0.6617647058823529
0.6831683168316831
0.9411764705882353
0.9761904761904762
1.0
1.0
1.0
0.96
0.8113207547169812
1.0
1.0
0.625
1.0
1.0
1.0
1.0
1.0
1.0
0.9705882352941176
1.0
1.0
1.0
0.9883040935672515
0.9883040935672515
0.6923076923076923
0.96
0.9705882352941176
1.0
1.0
0.9642857142857143
0.6333333333333333
0.5
0.9545454545454546
1.0
1.0
1.0
0.9803921568627451
0.96875
1.0
0.96875
0.9130434782608696
0.7037037037037037
0.625
0.6176470588235294
0.7735849056603774
0.7735849056603774
0.65625
0.6896551724137931
0.6176470588235294
0.625
0.7350427350427351
0.90625
0.9333333333333333
0.9375
0.9375
0.9696969696969697
0.9722222222222222
1.0
0.9722222222222222
1.0
0.9696969696969697
1.0
1.0
1.0
1.0
1.0
0.9622641509433962
1.0
0.88
0.9253731343283582
1.0
1.0
1.0
0.9807692307692307
1.0
1.0
0.9722222222222222
1.0
0.9722222222222222
1.0
0.9714285714285714
0.9666666666666667
0.9666666666666667
0.9666666666666667
0.9692307692307692
0.9393939393939394
1.0
1.0
1.0
0.9666666666666667
0.9846153846153847
0.9696969696969697
1.0
0.9714285714285714
0.9666666666666667
0.9666666666666667
0.92
1.0
1.0
0.5357142857142857
1.0
0.9230769230769231
0.8823529411764706
0.8333333333333334
0.875
1.0
1.0
1.0
1.0
1.0
0.96
0.9583333333333334
1.0
1.0
1.0
1.0
1.0
1.0
1.0
1.0
1.0
1.0
1.0
1.0
1.0
1.0
1.0
1.0
0.875
0.9333333333333333
0.9333333333333333
1.0
0.3928571428571429
0.30952380952380953
0.5454545454545454
0.5555555555555556
0.6086956521739131
0.625
0.7777777777777778
0.49122807017543857
0.5535714285714286
0.4285714285714286
0.9333333333333333
1.0
0.9333333333333333
1.0
0.9333333333333333
0.5384615384615384
0.9333333333333333
0.9333333333333333
0.8571428571428572
0.95
0.9459459459459459
0.9743589743589743
0.9722222222222222
1.0
0.7352941176470589
0.7333333333333334
0.7878787878787878
0.8333333333333334
0.6363636363636364
0.7678571428571428
0.6060606060606061
0.6774193548387097
0.6
0.8846153846153846
1.0
0.5555555555555556
0.4285714285714286
0.6842105263157895
0.6842105263157895
1.0
0.6666666666666667
0.84375
1.0
1.0
1.0
1.0
1.0
1.0
1.0
1.0
1.0
1.0
1.0
0.45333333333333337
0.6346153846153846
0.9
0.8461538461538461
0.9333333333333333
0.9230769230769231
0.9230769230769231
0.9333333333333333
0.9333333333333333
0.7173913043478262
0.9454545454545454
0.6081081081081081
0.7571428571428571
0.6901408450704225
0.9090909090909091
0.37614678899082565
0.6037735849056604
0.8
0.8
0.775
1.0
0.935483870967742
0.8
0.9736842105263158
0.9662921348314607
0.9090909090909091
0.9411764705882353
0.9
0.9375
0.9375
0.9375
0.9375
0.9375
0.9375
0.9375
0.9411764705882353
0.9375
0.9090909090909091
0.96
1.0
1.0
1.0
1.0
1.0
0.6753246753246753
0.962962962962963
0.967741935483871
0.962962962962963
0.9836065573770492
0.875
1.0
1.0
1.0
0.8235294117647058
0.9333333333333333
0.6521739130434783
0.9375
1.0
0.6956521739130435
0.875
0.9333333333333333
1.0
1.0
1.0
1.0
1.0
1.0
1.0
0.9375
1.0
0.9333333333333333
0.9333333333333333
0.46875
1.0
0.7894736842105263
0.4347826086956522
0.4565217391304348
0.875
1.0
0.8888888888888888
0.46875
0.8666666666666667
0.9259259259259259
0.7142857142857143
0.34523809523809523
0.34523809523809523
0.34523809523809523
0.3793103448275862
0.3484848484848485
0.359375
0.3152173913043478
0.35064935064935066
0.390625
0.390625
0.375
0.9333333333333333
1.0
0.9090909090909091
0.9375
0.9375
0.9333333333333333
1.0
1.0
0.875
1.0
0.8571428571428572
1.0
1.0
0.9375
0.9333333333333333
0.9333333333333333
1.0
0.9333333333333333
0.9333333333333333
1.0
0.6521739130434783
0.8260869565217391
1.0
1.0
1.0
1.0
1.0
0.9230769230769231
1.0
0.5454545454545454
0.34523809523809523
0.9230769230769231
0.9230769230769231
0.9333333333333333
1.0
1.0
1.0
0.9895833333333334
1.0
1.0
0.7727272727272727
0.7727272727272727
0.6363636363636364
0.4
0.5882352941176471
0.8131868131868132
1.0
1.0
0.9375
1.0
0.8125
0.9333333333333333
0.9333333333333333
0.875
1.0
0.9333333333333333
0.9333333333333333
0.9333333333333333
1.0
1.0
0.935483870967742
0.935483870967742
0.9428571428571428
0.3902439024390244
0.9444444444444444
0.962962962962963
0.9761904761904762
0.9
0.9142857142857143
1.0
0.9333333333333333
0.9333333333333333
1.0
0.9375
0.9375
1.0
0.9333333333333333
1.0
0.4666666666666667
0.7692307692307692
0.9814814814814815
0.9814814814814815
0.8947368421052632
0.8947368421052632
0.6060606060606061
0.7049180327868853
0.864406779661017
0.9838709677419355
0.9137931034482758
0.9666666666666667
0.9807692307692307
0.963302752293578
1.0
1.0
0.9333333333333333
1.0
0.9444444444444444
1.0
0.9333333333333333
0.9333333333333333
0.9743589743589743
0.9722222222222222
1.0
1.0
1.0
1.0
1.0
1.0
0.7894736842105263
0.33333333333333337
0.5714285714285714
0.7666666666666666
0.47058823529411764
0.4347826086956522
0.6727272727272727
0.9863013698630136
0.8181818181818181
0.8727272727272728
1.0
1.0
0.9375
0.8666666666666667
0.9375
0.935483870967742
0.9375
0.3220338983050848
0.86
0.8709677419354839
0.8333333333333334
1.0
0.8709677419354839
0.8571428571428572
1.0
0.9714285714285714
0.7631578947368421
0.7857142857142857
0.984375
0.98
1.0
1.0
0.9833333333333333
0.7843137254901961
0.6964285714285714
0.8979591836734694
1.0
0.9805825242718447
0.7184466019417476
0.6373626373626373
0.8
0.9333333333333333
0.9333333333333333
1.0
0.9333333333333333
1.0
1.0
0.9333333333333333
0.8666666666666667
0.8292682926829268
0.926829268292683
0.8942307692307693
0.8942307692307693
0.712962962962963
0.95
0.8095238095238095
0.8484848484848485
0.8484848484848485
1.0
0.9666666666666667
1.0
0.9782608695652174
1.0
1.0
0.9666666666666667
0.9666666666666667
1.0
0.5333333333333333
0.5066666666666666
0.5066666666666666
0.9375
1.0
0.9375
1.0
0.5333333333333333
0.5066666666666666
0.5066666666666666
1.0
1.0
1.0
1.0
0.819672131147541
0.819672131147541
0.9824561403508771
0.3203883495145631
0.3258426966292135
0.36363636363636365
0.375
0.7727272727272727
0.4666666666666667
0.3904761904761904
1.0
1.0
1.0
0.6140350877192983
0.6140350877192983
0.564516129032258
0.564516129032258
0.6140350877192983
0.6140350877192983
0.5737704918032787
0.5737704918032787
0.603448275862069
0.603448275862069
0.564516129032258
0.564516129032258
0.55
1.0
0.7261904761904762
0.875
0.42105263157894735
0.8695652173913043
