1.0
1.0
1.0
1.0
1.0
0.972972972972973
1.0
1.0
1.0
1.0
1.0
1.0
1.0
1.0
1.0
1.0
0.8
0.625
0.65
0.9523809523809523
1.0
0.3626373626373627
1.0
0.5434782608695652
0.8208955223880597
0.810126582278481
0.810126582278481
0.9493670886075949
0.9333333333333333
1.0
0.5925925925925926
0.9375
1.0
0.9375
1.0
0.96875
1.0
0.9166666666666666
0.9230769230769231
0.6153846153846154
0.863013698630137
0.863013698630137
0.7948717948717949
0.868421052631579
0.868421052631579
0.7948717948717949
0.868421052631579
0.868421052631579
0.7948717948717949
0.7894736842105263
0.7894736842105263
0.7948717948717949
1.0
1.0
0.4576271186440678
0.4576271186440678
1.0
1.0
1.0
0.45238095238095233
0.7777777777777778
1.0
1.0
0.963963963963964
1.0
0.9658119658119658
0.9789473684210527
0.9692307692307692
1.0
1.0
1.0
1.0
1.0
1.0
1.0
1.0
1.0
1.0
1.0
1.0
1.0
1.0
1.0
1.0
1.0
0.6375
1.0
1.0
1.0
1.0
1.0
1.0
1.0
1.0
0.9565217391304348
0.9722222222222222
0.9
0.5833333333333333
0.8977272727272727
0.8333333333333334
1.0
1.0
1.0
0.8961038961038961
0.6590909090909092
1.0
1.0
1.0
1.0
1.0
1.0
1.0
1.0
1.0
1.0
1.0
1.0
1.0
1.0
1.0
1.0
1.0
1.0
1.0
1.0
1.0
0.9705882352941176
0.9736842105263158
1.0
1.0
1.0
1.0
1.0
1.0
1.0
1.0
1.0
1.0
1.0
1.0
1.0
1.0
1.0
0.6081081081081081
0.6081081081081081
0.7741935483870968
1.0
0.7931034482758621
1.0
0.9333333333333333
1.0
0.8666666666666667
0.7741935483870968
0.7931034482758621
0.7931034482758621
1.0
0.8666666666666667
0.7931034482758621
1.0
0.8666666666666667
1.0
1.0
1.0
1.0
0.45569620253164556
0.45569620253164556
0.75
0.5294117647058824
0.8695652173913043
1.0
1.0
1.0
1.0
1.0
1.0
1.0
0.9411764705882353
0.9428571428571428
0.775
0.775
0.9142857142857143
0.9411764705882353
0.9411764705882353
0.7948717948717949
0.7441860465116279
0.85
0.7560975609756098
0.7948717948717949
0.8
0.9411764705882353
0.9142857142857143
0.8
0.775
0.9411764705882353
0.75
0.9411764705882353
0.9142857142857143
0.775
0.775
0.9142857142857143
1.0
1.0
1.0
1.0
1.0
1.0
1.0
1.0
1.0
1.0
0.8518518518518519
1.0
0.9473684210526316
0.5963302752293578
1.0
1.0
1.0
0.9333333333333333
1.0
1.0
1.0
1.0
0.9473684210526316
0.9716981132075472
0.9444444444444444
1.0
1.0
0.6415094339622642
1.0
1.0
1.0
0.7073170731707317
0.9714285714285714
1.0
1.0
1.0
0.75
1.0
1.0
1.0
1.0
1.0
0.96875
1.0
0.9333333333333333
1.0
1.0
1.0
1.0
1.0
1.0
1.0
1.0
1.0
1.0
1.0
1.0
1.0
1.0
1.0
1.0
1.0
1.0
1.0
1.0
1.0
0.6052631578947368
0.691358024691358
0.7432432432432432
1.0
1.0
1.0
0.9375
1.0
0.9032258064516129
0.9310344827586207
0.9333333333333333
0.6
0.45945945945945943
0.7641509433962264
0.9166666666666666
0.5238095238095238
0.8888888888888888
0.4722222222222222
0.77
0.9375
0.9375
0.9375
0.9024390243902439
0.6190476190476191
1.0
0.9090909090909091
1.0
0.8333333333333334
0.9375
0.875
0.875
0.7021276595744681
0.52
0.7575757575757576
1.0
0.9545454545454546
0.9545454545454546
1.0
0.9545454545454546
0.9545454545454546
0.9333333333333333
0.9642857142857143
0.9
0.8823529411764706
0.8823529411764706
0.875
0.875
0.9672131147540983
0.9285714285714286
0.9642857142857143
0.7164179104477613
1.0
0.9189189189189189
0.8709677419354839
1.0
1.0
1.0
0.8
1.0
1.0
0.5192307692307692
0.6666666666666667
0.47619047619047616
0.47619047619047616
1.0
0.9333333333333333
1.0
1.0
1.0
1.0
1.0
0.9814814814814815
1.0
0.967741935483871
0.967741935483871
0.9375
0.5535714285714286
0.5535714285714286
0.5178571428571428
0.6341463414634146
0.5538461538461539
0.6724137931034483
1.0
1.0
1.0
1.0
1.0
1.0
1.0
0.7027027027027026
0.5535714285714286
0.5535714285714286
0.5581395348837209
0.9459459459459459
0.5952380952380952
0.6626506024096386
1.0
1.0
0.9333333333333333
1.0
1.0
1.0
1.0
1.0
1.0
1.0
1.0
0.9423076923076923
1.0
1.0
1.0
1.0
1.0
1.0
1.0
1.0
1.0
1.0
1.0
1.0
1.0
1.0
0.9333333333333333
1.0
1.0
0.9333333333333333
1.0
0.9333333333333333
0.9375
0.9333333333333333
1.0
1.0
1.0
1.0
1.0
1.0
1.0
1.0
0.9333333333333333
1.0
0.62
0.9333333333333333
0.9090909090909091
0.95
0.9622641509433962
0.9622641509433962
0.9736842105263158
0.7341772151898734
1.0
0.5384615384615384
1.0
0.8933333333333333
0.6363636363636364
0.7717391304347826
1.0
1.0
1.0
1.0
1.0
1.0
1.0
1.0
1.0
0.7790697674418605
0.7297297297297297
0.7297297297297297
1.0
1.0
0.6111111111111112
0.7272727272727273
0.6923076923076923
0.676923076923077
1.0
0.5405405405405406
0.9393939393939394
0.5384615384615384
1.0
1.0
1.0
1.0
1.0
1.0
1.0
1.0
1.0
1.0
1.0
1.0
1.0
1.0
1.0
0.9473684210526316
0.9032258064516129
0.8461538461538461
0.5185185185185186
0.7432432432432432
0.6097560975609756
0.7
0.7
0.5185185185185186
1.0
0.9565217391304348
0.9090909090909091
0.44897959183673475
0.44897959183673475
0.5614035087719298
0.5614035087719298
0.9166666666666666
0.9166666666666666
1.0
0.9333333333333333
0.9333333333333333
1.0
1.0
0.9333333333333333
1.0
1.0
0.9375
0.73
1.0
0.6666666666666667
1.0
1.0
1.0
1.0
0.5853658536585367
1.0
1.0
1.0
1.0
1.0
1.0
0.9285714285714286
0.9454545454545454
0.9423076923076923
0.8518518518518519
0.9347826086956522
1.0
1.0
1.0
1.0
1.0
1.0
1.0
1.0
1.0
1.0
1.0
1.0
1.0
1.0
1.0
1.0
1.0
1.0
1.0
0.8846153846153846
0.9545454545454546
0.8461538461538461
1.0
0.9333333333333333
1.0
1.0
1.0
1.0
0.9333333333333333
1.0
0.9411764705882353
1.0
0.9333333333333333
1.0
0.8
0.9047619047619048
0.9
0.962962962962963
0.9782608695652174
0.9555555555555556
0.9615384615384616
1.0
1.0
0.4576271186440678
1.0
1.0
0.9375
0.9375
0.5833333333333333
1.0
1.0
1.0
0.4864864864864865
0.9333333333333333
0.9333333333333333
0.8888888888888888
0.3820224719101124
0.3820224719101124
0.9285714285714286
0.45871559633027525
0.8214285714285714
0.8095238095238095
0.4107142857142857
0.9
0.30434782608695654
0.5
0.5
0.48672566371681414
0.46153846153846156
0.3586956521739131
0.975
0.9545454545454546
0.9625
1.0
1.0
0.3548387096774194
0.8020833333333334
0.9259259259259259
0.9259259259259259
0.8727272727272728
0.4285714285714286
0.39473684210526316
0.3555555555555555
0.37777777777777777
0.6799999999999999
0.509090909090909
0.5909090909090908
0.36363636363636365
0.509090909090909
0.6129032258064516
0.36363636363636365
0.8620689655172413
0.9523809523809523
0.9473684210526316
0.8620689655172413
0.8717948717948718
1.0
0.5833333333333333
0.5
0.5384615384615384
0.6304347826086957
0.4545454545454546
0.9876543209876543
0.6617647058823529
0.9861111111111112
1.0
1.0
1.0
1.0
1.0
1.0
1.0
1.0
1.0
1.0
0.9523809523809523
0.9090909090909091
0.9523809523809523
0.654320987654321
0.4018691588785047
0.39473684210526316
0.6944444444444444
0.9795918367346939
0.9795918367346939
0.9333333333333333
0.9333333333333333
0.9333333333333333
0.9333333333333333
0.7540983606557377
1.0
0.9333333333333333
0.9333333333333333
0.4473684210526315
0.6341463414634146
1.0
1.0
0.8846153846153846
0.8888888888888888
0.8888888888888888
1.0
0.6708860759493671
1.0
1.0
1.0
1.0
0.8333333333333334
0.8333333333333334
0.4242424242424242
0.4242424242424242
0.4461538461538461
0.4242424242424242
1.0
1.0
0.9375
1.0
1.0
1.0
0.4810126582278481
0.4810126582278481
0.8823529411764706
0.4625
0.6103896103896104
0.4201680672268907
0.4201680672268907
0.9473684210526316
0.3879310344827587
0.3879310344827587
0.8222222222222222
1.0
1.0
1.0
1.0
1.0
1.0
1.0
1.0
1.0
1.0
1.0
1.0
1.0
0.7586206896551724
0.5662650602409638
0.9880952380952381
0.9787234042553191
0.9761904761904762
0.7407407407407407
0.4444444444444444
1.0
1.0
1.0
0.7297297297297297
1.0
1.0
1.0
1.0
1.0
0.9705882352941176
1.0
0.9642857142857143
0.9411764705882353
1.0
1.0
1.0
0.92
1.0
1.0
0.9772727272727273
1.0
1.0
1.0
0.5517241379310345
0.5517241379310345
1.0
1.0
1.0
1.0
1.0
1.0
1.0
1.0
1.0
1.0
1.0
1.0
1.0
1.0
1.0
1.0
1.0
1.0
1.0
1.0
1.0
1.0
1.0
1.0
1.0
1.0
1.0
1.0
1.0
1.0
1.0
1.0
1.0
0.9333333333333333
1.0
1.0
0.9375
0.9333333333333333
0.8823529411764706
0.9333333333333333
0.90625
0.7717391304347826
0.9411764705882353
0.6891891891891893
0.925
0.9285714285714286
0.9555555555555556
0.9701492537313433
1.0
1.0
1.0
1.0
1.0
1.0
1.0
1.0
1.0
0.86
1.0
0.7361111111111112
1.0
0.935483870967742
0.978494623655914
0.9764705882352941
0.726027397260274
0.7961165048543689
0.7297297297297297
1.0
1.0
0.9375
1.0
1.0
1.0
1.0
1.0
1.0
1.0
1.0
1.0
1.0
1.0
1.0
1.0
1.0
1.0
1.0
1.0
1.0
1.0
1.0
1.0
1.0
1.0
1.0
1.0
1.0
1.0
1.0
1.0
1.0
1.0
1.0
1.0
1.0
1.0
1.0
1.0
1.0
1.0
1.0
0.9333333333333333
0.9375
0.9333333333333333
0.9333333333333333
0.9375
1.0
0.9454545454545454
0.9836065573770492
0.5897435897435898
0.9886363636363636
0.9759036144578314
1.0
0.875
1.0
0.9375
0.9333333333333333
1.0
0.9333333333333333
1.0
0.9333333333333333
1.0
1.0
1.0
1.0
1.0
0.8064516129032258
1.0
1.0
1.0
0.9333333333333333
0.9375
0.9375
0.7619047619047619
0.9333333333333333
1.0
1.0
1.0
0.9333333333333333
0.9333333333333333
1.0
1.0
0.875
1.0
1.0
1.0
0.8181818181818181
0.8181818181818181
1.0
1.0
1.0
1.0
1.0
1.0
1.0
1.0
1.0
1.0
1.0
1.0
1.0
1.0
1.0
1.0
1.0
1.0
1.0
1.0
1.0
1.0
1.0
1.0
1.0
0.9811320754716981
1.0
1.0
1.0
0.9833333333333333
0.9821428571428571
1.0
1.0
1.0
1.0
1.0
1.0
1.0
1.0
1.0
0.9259259259259259
1.0
1.0
1.0
1.0
1.0
1.0
1.0
1.0
1.0
1.0
1.0
1.0
1.0
1.0
1.0
1.0
1.0
1.0
1.0
1.0
1.0
1.0
1.0
1.0
1.0
1.0
1.0
1.0
1.0
1.0
1.0
0.5925925925925926
0.56
0.6956521739130435
1.0
1.0
1.0
0.4285714285714286
0.6464646464646464
0.5769230769230769
0.4714285714285714
0.4714285714285714
0.5
1.0
1.0
1.0
1.0
1.0
1.0
1.0
1.0
1.0
1.0
1.0
1.0
1.0
0.7592592592592593
1.0
1.0
0.7727272727272727
1.0
1.0
1.0
1.0
1.0
1.0
1.0
1.0
1.0
0.4354838709677419
0.4354838709677419
0.44999999999999996
0.7857142857142857
0.4354838709677419
0.9230769230769231
1.0
1.0
1.0
1.0
1.0
1.0
1.0
1.0
1.0
1.0
1.0
1.0
1.0
1.0
1.0
1.0
1.0
1.0
1.0
1.0
1.0
0.962962962962963
0.962962962962963
1.0
1.0
1.0
1.0
0.96
0.96
1.0
1.0
1.0
1.0
1.0
1.0
1.0
1.0
1.0
1.0
1.0
1.0
1.0
1.0
1.0
1.0
1.0
1.0
1.0
1.0
1.0
1.0
1.0
1.0
1.0
1.0
1.0
1.0
1.0
1.0
1.0
0.987012987012987
0.987012987012987
1.0
1.0
1.0
1.0
1.0
1.0
1.0
0.8142857142857143
1.0
1.0
0.6046511627906976
1.0
1.0
1.0
1.0
1.0
1.0
0.8082191780821918
1.0
0.7363636363636363
1.0
1.0
0.96
1.0
1.0
1.0
1.0
1.0
1.0
1.0
1.0
1.0
1.0
1.0
1.0
1.0
1.0
1.0
1.0
1.0
1.0
1.0
1.0
1.0
1.0
1.0
1.0
1.0
1.0
1.0
1.0
1.0
1.0
1.0
1.0
1.0
1.0
1.0
1.0
1.0
1.0
1.0
1.0
1.0
1.0
1.0
1.0
1.0
1.0
1.0
1.0
1.0
1.0
1.0
1.0
1.0
1.0
1.0
1.0
1.0
1.0
1.0
1.0
1.0
1.0
1.0
1.0
1.0
1.0
1.0
1.0
1.0
1.0
1.0
1.0
1.0
1.0
1.0
1.0
1.0
1.0
1.0
1.0
1.0
1.0
1.0
1.0
1.0
1.0
1.0
1.0
0.9210526315789473
1.0
1.0
1.0
0.8461538461538461
0.6
0.978021978021978
0.4375
0.6875
0.32098765432098764
0.53125
0.53125
0.3085106382978723
0.5714285714285714
0.7297297297297297
0.9587628865979382
0.6933333333333334
0.574468085106383
0.84
1.0
1.0
1.0
1.0
1.0
1.0
1.0
0.9333333333333333
0.5897435897435898
1.0
0.7297297297297297
0.7432432432432432
0.7297297297297297
0.7162162162162162
0.7162162162162162
0.7162162162162162
1.0
0.9
0.6290322580645161
0.6129032258064516
0.6666666666666667
0.46153846153846156
1.0
0.9743589743589743
1.0
1.0
1.0
0.9333333333333333
1.0
1.0
0.9333333333333333
0.7586206896551724
1.0
1.0
1.0
0.8461538461538461
1.0
0.9090909090909091
0.9
0.95
0.9142857142857143
1.0
0.875
0.90625
0.9090909090909091
0.8823529411764706
0.8529411764705882
0.8529411764705882
0.8823529411764706
0.8823529411764706
1.0
0.8367346938775511
0.8367346938775511
1.0
1.0
1.0
1.0
0.9
0.7162162162162162
0.6219512195121951
0.6483516483516483
0.6111111111111112
0.9534883720930233
0.7674418604651163
0.5652173913043479
0.8
0.6666666666666667
0.7205882352941176
0.9512195121951219
0.9782608695652174
0.9883720930232558
0.7352941176470589
1.0
1.0
1.0
1.0
1.0
1.0
1.0
1.0
1.0
1.0
1.0
1.0
0.8181818181818181
0.8181818181818181
0.8787878787878788
1.0
1.0
0.7432432432432432
0.7432432432432432
1.0
1.0
1.0
0.7432432432432432
1.0
1.0
0.6585365853658536
0.972972972972973
0.9130434782608696
0.7765957446808511
1.0
1.0
0.8
1.0
0.75
1.0
1.0
1.0
1.0
1.0
1.0
0.6582278481012658
1.0
1.0
0.6363636363636364
1.0
0.6363636363636364
0.8
0.9565217391304348
0.9310344827586207
0.963855421686747
0.926829268292683
0.9361702127659575
0.9193548387096774
0.6704545454545454
0.926829268292683
0.7894736842105263
0.9876543209876543
0.9558823529411765
0.978494623655914
0.9558823529411765
1.0
1.0
1.0
1.0
0.9558823529411765
0.9726027397260274
1.0
1.0
1.0
1.0
1.0
1.0
0.5045871559633027
0.5045871559633027
0.5
0.9047619047619048
0.8888888888888888
0.9428571428571428
0.926829268292683
0.926829268292683
0.9487179487179487
0.9487179487179487
0.5
0.8
1.0
0.9719626168224299
0.9903846153846154
0.9903846153846154
1.0
0.574468085106383
1.0
0.7058823529411764
0.5121951219512195
0.5
0.5
0.5052631578947369
0.5052631578947369
0.6444444444444444
0.4883720930232558
0.7
0.9130434782608696
0.9130434782608696
0.6933333333333334
1.0
1.0
1.0
1.0
1.0
1.0
1.0
1.0
1.0
1.0
1.0
1.0
1.0
1.0
0.8918918918918919
1.0
1.0
0.967741935483871
1.0
1.0
1.0
1.0
1.0
0.9883720930232558
0.9883720930232558
0.9883720930232558
0.9883720930232558
1.0
1.0
0.9714285714285714
1.0
1.0
1.0
1.0
1.0
0.39449541284403666
0.8904109589041096
0.6323529411764706
0.8933333333333333
0.6329113924050633
1.0
1.0
0.9795918367346939
0.7192982456140351
1.0
1.0
1.0
1.0
0.9795918367346939
0.967391304347826
0.9759036144578314
0.9230769230769231
1.0
0.9230769230769231
0.9871794871794872
0.9387755102040817
0.9565217391304348
0.8245614035087719
0.9759036144578314
0.9759036144578314
0.8461538461538461
1.0
1.0
1.0
1.0
0.4714285714285714
0.3921568627450981
0.4
0.3482142857142857
0.3482142857142857
0.3482142857142857
0.43243243243243246
0.4838709677419355
0.33333333333333337
0.36
0.3125
0.3950617283950617
0.4
0.37037037037037035
0.5436893203883495
0.9583333333333334
0.9583333333333334
0.84
0.84
0.875
0.9
0.5217391304347826
0.5217391304347826
0.7272727272727273
0.8571428571428572
0.6956521739130435
0.5
0.8095238095238095
0.4375
0.4
0.5151515151515151
0.2909090909090909
0.2909090909090909
1.0
1.0
1.0
1.0
1.0
1.0
1.0
0.6
0.9583333333333334
0.9583333333333334
0.875
0.875
1.0
0.9333333333333333
1.0
1.0
0.8333333333333334
0.8484848484848485
0.9772727272727273
0.9772727272727273
1.0
1.0
1.0
0.6666666666666667
1.0
0.9431818181818182
1.0
1.0
0.7164179104477613
1.0
1.0
1.0
1.0
1.0
1.0
0.9333333333333333
1.0
0.9375
1.0
1.0
0.9333333333333333
1.0
1.0
1.0
1.0
1.0
1.0
1.0
1.0
0.75
0.88
0.78125
0.75
1.0
1.0
0.9375
0.9375
1.0
0.9375
0.7361111111111112
0.7164179104477613
0.7125
0.9459459459459459
0.9473684210526316
0.7125
0.7205882352941176
0.9333333333333333
0.9333333333333333
0.9375
0.9583333333333334
0.9333333333333333
0.875
0.9705882352941176
0.9393939393939394
1.0
1.0
0.7361111111111112
0.6363636363636364
0.6506024096385542
0.6704545454545454
0.7363636363636363
0.6582278481012658
0.8181818181818181
1.0
1.0
1.0
1.0
1.0
1.0
1.0
1.0
1.0
1.0
1.0
1.0
1.0
0.9333333333333333
0.9782608695652174
0.9875
1.0
0.9433962264150944
0.9433962264150944
0.5616438356164384
0.5616438356164384
0.95
0.9701492537313433
0.9701492537313433
0.7435897435897436
0.5483870967741935
0.5483870967741935
0.8823529411764706
0.5384615384615384
1.0
1.0
1.0
1.0
1.0
1.0
1.0
1.0
1.0
1.0
0.7162162162162162
1.0
1.0
1.0
1.0
0.9333333333333333
0.9375
1.0
0.9375
0.9375
0.9333333333333333
0.9375
0.875
0.875
0.9375
0.9032258064516129
0.8333333333333334
0.7843137254901961
0.8235294117647058
0.7843137254901961
0.7843137254901961
0.84375
1.0
0.8082191780821918
0.9882352941176471
0.6698113207547169
0.9431818181818182
0.7586206896551724
1.0
0.9285714285714286
1.0
1.0
1.0
1.0
1.0
1.0
0.6140350877192983
0.7777777777777778
0.5
0.574468085106383
0.5465116279069768
1.0
0.8518518518518519
0.5
0.868421052631579
0.4901960784313726
0.42622950819672134
0.8333333333333334
0.6842105263157895
0.7966101694915254
0.8135593220338984
1.0
0.6904761904761905
0.7522935779816513
1.0
1.0
1.0
1.0
1.0
1.0
0.9811320754716981
0.8823529411764706
0.9811320754716981
0.4285714285714286
0.9090909090909091
0.9428571428571428
0.5151515151515151
0.43999999999999995
0.4444444444444444
0.8947368421052632
0.9090909090909091
0.8823529411764706
0.9714285714285714
0.5151515151515151
0.43999999999999995
0.4444444444444444
1.0
1.0
1.0
1.0
0.8913043478260869
1.0
1.0
1.0
1.0
1.0
0.8536585365853658
0.6140350877192983
0.8780487804878049
0.631578947368421
0.9333333333333333
0.8444444444444444
0.6458333333333333
0.9821428571428571
0.7619047619047619
0.5
0.9821428571428571
1.0
0.62
0.62
0.9649122807017544
1.0
1.0
1.0
1.0
1.0
0.6666666666666667
1.0
0.6666666666666667
1.0
1.0
0.5666666666666667
0.9428571428571428
0.8888888888888888
0.8888888888888888
0.8888888888888888
0.8266666666666667
0.9659090909090909
0.7752808988764045
0.9770114942528736
0.8888888888888888
0.8947368421052632
0.6881720430107527
0.7238095238095238
1.0
1.0
0.6444444444444444
1.0
0.8125
0.6444444444444444
0.8888888888888888
0.9298245614035088
0.8888888888888888
0.8387096774193549
0.8888888888888888
0.9324324324324325
0.9285714285714286
0.9285714285714286
0.9285714285714286
0.927536231884058
0.927536231884058
0.9090909090909091
0.9264705882352942
0.927536231884058
0.927536231884058
0.9491525423728814
0.8842105263157894
0.6666666666666667
0.7333333333333334
0.7272727272727273
0.8529411764705882
0.9166666666666666
1.0
1.0
1.0
1.0
1.0
1.0
1.0
1.0
1.0
0.8518518518518519
0.8
1.0
1.0
1.0
1.0
1.0
1.0
1.0
1.0
1.0
1.0
1.0
1.0
1.0
1.0
1.0
1.0
1.0
1.0
1.0
1.0
1.0
1.0
1.0
1.0
1.0
1.0
1.0
0.7432432432432432
1.0
1.0
1.0
1.0
1.0
1.0
1.0
1.0
1.0
0.6666666666666667
1.0
1.0
0.9206349206349207
1.0
1.0
0.8947368421052632
0.5970149253731343
0.9
0.962962962962963
0.8928571428571429
0.8928571428571429
0.9
0.9
0.9
0.9047619047619048
0.8275862068965517
0.9
0.8
0.7241379310344828
1.0
1.0
1.0
0.9333333333333333
1.0
1.0
1.0
1.0
0.8333333333333334
0.9302325581395349
0.875
0.9795918367346939
1.0
0.7432432432432432
0.7432432432432432
1.0
1.0
1.0
1.0
0.7432432432432432
0.7162162162162162
1.0
1.0
0.7297297297297297
0.7162162162162162
0.7162162162162162
0.7162162162162162
0.7297297297297297
0.7297297297297297
0.7164179104477613
1.0
1.0
0.7432432432432432
0.7297297297297297
0.7297297297297297
0.7027027027027026
0.8787878787878788
0.9310344827586207
0.625
0.625
0.6666666666666667
0.42307692307692313
0.42307692307692313
0.3908045977011494
0.3908045977011494
0.6578947368421053
0.5522388059701493
0.6818181818181819
0.4022988505747126
0.896551724137931
0.875
0.5384615384615384
0.5
0.5
0.4181818181818182
0.4181818181818182
0.4
0.4
0.5588235294117647
0.7272727272727273
0.3978494623655914
0.7297297297297297
0.5555555555555556
0.7
0.6911764705882353
1.0
1.0
1.0
1.0
1.0
1.0
1.0
1.0
1.0
1.0
1.0
1.0
1.0
1.0
1.0
1.0
1.0
1.0
1.0
1.0
1.0
1.0
1.0
1.0
1.0
1.0
1.0
1.0
1.0
1.0
1.0
1.0
1.0
1.0
1.0
1.0
0.84
1.0
1.0
1.0
1.0
1.0
1.0
0.96
1.0
0.9615384615384616
0.875
0.6764705882352942
1.0
1.0
1.0
1.0
1.0
1.0
0.6599999999999999
0.95
0.5945945945945945
0.5268817204301075
0.9545454545454546
0.6341463414634146
0.9722222222222222
0.9545454545454546
0.75
1.0
0.5490196078431373
0.6608695652173913
1.0
1.0
1.0
1.0
1.0
1.0
1.0
1.0
1.0
1.0
1.0
1.0
0.8660714285714286
0.8660714285714286
1.0
1.0
1.0
1.0
1.0
1.0
1.0
0.9761904761904762
1.0
0.6125
0.5975609756097561
0.8867924528301887
1.0
1.0
0.9655172413793104
0.9375
1.0
0.9333333333333333
0.9333333333333333
1.0
1.0
1.0
1.0
1.0
1.0
1.0
0.935483870967742
0.9615384615384616
1.0
0.9915254237288136
0.9829059829059829
0.9767441860465116
1.0
1.0
1.0
1.0
1.0
1.0
1.0
1.0
1.0
1.0
1.0
1.0
1.0
1.0
1.0
1.0
1.0
1.0
1.0
1.0
1.0
1.0
1.0
1.0
1.0
1.0
0.92
1.0
1.0
1.0
1.0
1.0
0.9333333333333333
0.9333333333333333
0.9375
0.9333333333333333
1.0
1.0
1.0
1.0
1.0
1.0
0.9333333333333333
1.0
1.0
1.0
1.0
1.0
0.9333333333333333
0.875
0.9333333333333333
1.0
1.0
0.7
0.9560439560439561
1.0
1.0
1.0
1.0
1.0
1.0
1.0
1.0
0.5294117647058824
1.0
1.0
0.5686274509803921
0.5490196078431373
0.49056603773584906
0.49056603773584906
0.49056603773584906
0.49056603773584906
1.0
1.0
1.0
0.3972602739726028
0.9782608695652174
1.0
1.0
1.0
1.0
1.0
1.0
1.0
0.9444444444444444
1.0
0.9444444444444444
0.8947368421052632
1.0
1.0
1.0
0.90625
1.0
0.8787878787878788
1.0
1.0
1.0
0.972972972972973
1.0
0.9722222222222222
1.0
1.0
0.967741935483871
1.0
1.0
0.9722222222222222
1.0
1.0
1.0
1.0
1.0
1.0
1.0
1.0
1.0
1.0
1.0
1.0
1.0
1.0
1.0
1.0
1.0
1.0
1.0
1.0
1.0
1.0
1.0
1.0
1.0
1.0
1.0
1.0
1.0
1.0
1.0
1.0
0.5217391304347826
0.5217391304347826
0.9642857142857143
1.0
1.0
1.0
1.0
0.9506172839506173
0.9111111111111111
0.5714285714285714
0.85
0.8857142857142857
0.8857142857142857
0.9
0.9111111111111111
0.5432098765432098
1.0
1.0
0.979381443298969
0.979381443298969
1.0
0.9714285714285714
0.7222222222222222
0.6865671641791045
0.7123287671232876
0.6865671641791045
0.696969696969697
0.7564102564102564
0.7397260273972603
0.7164179104477613
0.7397260273972603
0.6799999999999999
1.0
0.9333333333333333
0.9333333333333333
0.9375
1.0
1.0
1.0
1.0
1.0
0.8888888888888888
0.8823529411764706
0.8235294117647058
1.0
1.0
1.0
0.9375
0.8333333333333334
0.8823529411764706
0.9411764705882353
0.8235294117647058
1.0
0.8823529411764706
0.9333333333333333
0.9375
1.0
0.90625
0.96875
0.967741935483871
0.8571428571428572
1.0
1.0
0.6363636363636364
0.803921568627451
0.7628865979381443
0.8115942028985508
0.803921568627451
0.7843137254901961
0.6764705882352942
0.7843137254901961
1.0
0.6304347826086957
0.4444444444444444
1.0
1.0
1.0
1.0
1.0
1.0
1.0
0.9411764705882353
1.0
0.9411764705882353
1.0
1.0
0.9166666666666666
1.0
1.0
1.0
1.0
0.9782608695652174
0.9811320754716981
0.9782608695652174
0.9565217391304348
0.9782608695652174
0.9565217391304348
0.84
0.9565217391304348
1.0
1.0
0.9504950495049505
0.9402985074626866
0.979381443298969
0.9484536082474226
0.8909090909090909
0.9230769230769231
0.8863636363636364
0.9333333333333333
1.0
1.0
1.0
1.0
1.0
1.0
0.9375
0.8823529411764706
0.875
0.9375
1.0
1.0
1.0
1.0
1.0
0.7361111111111112
0.7297297297297297
0.9696969696969697
0.8444444444444444
0.9333333333333333
0.9375
1.0
1.0
1.0
1.0
0.9090909090909091
0.8181818181818181
0.8974358974358975
1.0
1.0
1.0
1.0
1.0
1.0
1.0
1.0
1.0
1.0
1.0
0.9130434782608696
0.9130434782608696
