1.0
0.34693877551020413
0.3770491803278688
0.3728813559322034
0.3728813559322034
0.5223880597014925
0.3571428571428571
0.2857142857142857
1.0
1.0
1.0
0.607843137254902
0.8771929824561404
0.3770491803278688
0.4
0.9736842105263158
0.975609756097561
1.0
1.0
1.0
0.99
0.26582278481012656
0.972972972972973
0.6666666666666667
0.5
0.38095238095238093
0.6973684210526316
1.0
1.0
1.0
0.8813559322033898
0.9736842105263158
1.0
0.9830508474576272
1.0
1.0
0.4819277108433735
0.3263157894736842
1.0
0.9672131147540983
0.8472222222222222
0.9310344827586207
0.8
0.7234042553191489
0.6875
1.0
0.9375
1.0
0.9333333333333333
1.0
1.0
0.9473684210526316
0.9473684210526316
1.0
1.0
0.5357142857142857
0.975
1.0
0.9743589743589743
1.0
1.0
1.0
1.0
1.0
1.0
1.0
1.0
0.4390243902439024
1.0
1.0
1.0
1.0
1.0
1.0
1.0
1.0
1.0
1.0
1.0
0.5
0.40816326530612246
0.5652173913043479
0.7105263157894737
1.0
0.5555555555555556
0.4642857142857143
0.4814814814814815
0.4814814814814815
0.4444444444444444
0.41666666666666663
0.42000000000000004
0.35593220338983056
0.4411764705882353
0.4545454545454546
0.44047619047619047
0.4576271186440678
1.0
1.0
1.0
1.0
1.0
1.0
1.0
1.0
1.0
1.0
1.0
0.7307692307692308
0.6111111111111112
0.5086206896551724
0.5086206896551724
0.34042553191489366
0.36585365853658536
0.5566037735849056
0.5566037735849056
0.34042553191489366
0.3902439024390244
1.0
1.0
1.0
1.0
0.8461538461538461
1.0
1.0
0.4285714285714286
0.90625
0.967741935483871
0.5466666666666666
0.5466666666666666
0.7735849056603774
0.7735849056603774
0.7735849056603774
0.7735849056603774
0.7735849056603774
1.0
1.0
1.0
1.0
1.0
0.8363636363636364
0.962962962962963
0.9696969696969697
0.9493670886075949
0.9493670886075949
0.962962962962963
1.0
1.0
1.0
1.0
1.0
1.0
1.0
1.0
1.0
1.0
1.0
1.0
1.0
1.0
1.0
1.0
1.0
1.0
1.0
1.0
1.0
1.0
1.0
1.0
1.0
1.0
1.0
1.0
1.0
1.0
1.0
1.0
1.0
1.0
1.0
1.0
0.9090909090909091
0.6585365853658536
0.782608695652174
0.8135593220338984
0.9433962264150944
0.3793103448275862
0.3793103448275862
0.45783132530120485
0.47058823529411764
0.47058823529411764
0.6111111111111112
0.47058823529411764
0.47058823529411764
0.4722222222222222
0.4722222222222222
1.0
1.0
1.0
1.0
1.0
0.6082474226804124
0.368421052631579
0.9607843137254902
0.9607843137254902
0.9661016949152542
0.9661016949152542
1.0
1.0
0.8545454545454545
0.6521739130434783
0.6956521739130435
0.6956521739130435
0.6956521739130435
1.0
1.0
1.0
1.0
1.0
1.0
1.0
1.0
0.9259259259259259
1.0
1.0
0.8144329896907216
1.0
1.0
0.8333333333333334
0.5057471264367817
0.6875
0.7045454545454546
0.7176470588235294
0.7058823529411764
0.6931818181818181
0.7011494252873562
0.7160493827160495
0.962962962962963
0.8888888888888888
0.8888888888888888
0.8888888888888888
0.9444444444444444
0.8703703703703703
0.9444444444444444
0.8703703703703703
0.8771929824561404
0.8888888888888888
0.8596491228070176
0.8703703703703703
0.8596491228070176
0.8596491228070176
0.6593406593406593
0.9444444444444444
0.85
0.9107142857142857
0.5833333333333333
0.8909090909090909
0.9259259259259259
0.85
0.9661016949152542
0.9661016949152542
0.9661016949152542
0.7019230769230769
0.8035714285714286
0.6826923076923077
0.8181818181818181
0.8596491228070176
0.8245614035087719
0.5321100917431192
0.7209302325581395
0.6458333333333333
0.9444444444444444
0.85
0.9107142857142857
0.5833333333333333
0.8909090909090909
0.9259259259259259
0.85
0.9661016949152542
0.9661016949152542
0.9661016949152542
0.7019230769230769
0.8035714285714286
0.6826923076923077
0.8181818181818181
0.8596491228070176
0.8245614035087719
0.5321100917431192
0.7439024390243902
1.0
0.8153846153846154
0.9107142857142857
0.5833333333333333
0.8909090909090909
0.9814814814814815
0.8153846153846154
0.6627906976744187
0.6470588235294117
0.6046511627906976
0.6627906976744187
0.5132743362831859
0.6470588235294117
0.6046511627906976
0.5045045045045045
0.5
0.6588235294117647
0.7108433734939759
0.6382978723404256
0.696629213483146
0.6262626262626263
0.7176470588235294
0.6391752577319587
0.8787878787878788
0.6428571428571428
0.6442307692307692
0.6391752577319587
0.9836065573770492
0.7012987012987013
0.6585365853658536
0.6847826086956521
0.6404494382022472
0.5272727272727273
0.5172413793103448
0.6931818181818181
0.7142857142857143
0.352112676056338
0.8714285714285714
0.9193548387096774
1.0
0.8714285714285714
0.6063829787234043
0.34615384615384615
1.0
1.0
1.0
1.0
0.8709677419354839
0.7878787878787878
0.7
1.0
1.0
1.0
1.0
0.9473684210526316
1.0
0.4285714285714286
1.0
1.0
1.0
1.0
1.0
1.0
1.0
1.0
0.8309859154929577
0.8309859154929577
1.0
1.0
1.0
0.5
0.935483870967742
0.9189189189189189
0.8571428571428572
0.5660377358490566
0.5166666666666666
0.6666666666666667
0.9333333333333333
0.5357142857142857
0.48611111111111116
0.49275362318840576
0.48571428571428577
0.48571428571428577
0.84375
0.7555555555555555
0.717948717948718
0.9375
1.0
1.0
1.0
1.0
1.0
0.8709677419354839
0.8333333333333334
1.0
1.0
1.0
1.0
1.0
0.9696969696969697
0.29591836734693877
0.34246575342465757
0.3508771929824561
0.33333333333333337
0.3205128205128205
0.3205128205128205
0.3205128205128205
0.3205128205128205
0.32499999999999996
0.3125
0.3125
0.3125
0.308641975308642
0.3194444444444444
0.3013698630136986
0.34444444444444444
0.29729729729729726
0.28378378378378377
0.2857142857142857
0.2727272727272727
0.2727272727272727
0.30927835051546393
0.3194444444444444
0.41052631578947374
0.3298969072164949
0.31958762886597936
0.30927835051546393
0.30927835051546393
0.2989690721649485
0.2989690721649485
0.2989690721649485
0.6829268292682926
0.84375
0.875
0.84375
0.875
0.84375
1.0
1.0
0.9767441860465116
0.3939393939393939
0.41666666666666663
0.40740740740740744
0.4444444444444444
0.5263157894736843
0.34545454545454546
0.34782608695652173
0.3207547169811321
0.4193548387096774
0.4411764705882353
0.27083333333333337
0.37037037037037035
0.2857142857142857
0.41025641025641024
0.34375
0.30952380952380953
0.5223880597014925
1.0
1.0
1.0
1.0
1.0
1.0
1.0
1.0
1.0
1.0
1.0
1.0
1.0
1.0
1.0
1.0
1.0
1.0
1.0
0.9534883720930233
0.5238095238095238
0.6818181818181819
0.6818181818181819
0.5555555555555556
0.5555555555555556
0.5555555555555556
0.5555555555555556
0.4285714285714286
0.4545454545454546
1.0
1.0
0.975
1.0
1.0
1.0
1.0
1.0
1.0
1.0
1.0
1.0
1.0
1.0
1.0
1.0
1.0
1.0
0.875
1.0
1.0
1.0
1.0
1.0
1.0
1.0
1.0
1.0
1.0
1.0
0.8333333333333334
0.8
1.0
1.0
1.0
0.33333333333333337
0.972972972972973
0.5277777777777778
1.0
1.0
1.0
1.0
1.0
1.0
0.9393939393939394
0.9375
0.9375
0.9375
0.9375
0.9375
0.9375
0.9375
0.953125
0.9393939393939394
0.9375
0.9375
0.9375
0.9375
0.9375
0.9375
0.9375
0.9375
1.0
1.0
1.0
1.0
1.0
0.9333333333333333
0.9333333333333333
1.0
1.0
1.0
0.967741935483871
0.8333333333333334
0.9090909090909091
0.5593220338983051
0.9607843137254902
0.9545454545454546
0.975609756097561
0.8823529411764706
0.875
0.8596491228070176
1.0
1.0
1.0
1.0
1.0
1.0
1.0
1.0
1.0
1.0
1.0
1.0
1.0
1.0
1.0
1.0
1.0
0.8888888888888888
1.0
0.6666666666666667
0.6470588235294117
1.0
1.0
1.0
1.0
0.9375
0.8
0.9473684210526316
0.9473684210526316
1.0
0.9166666666666666
0.5405405405405406
0.9565217391304348
0.9871794871794872
1.0
0.9833333333333333
1.0
1.0
1.0
1.0
1.0
0.9696969696969697
1.0
1.0
1.0
1.0
1.0
1.0
1.0
1.0
1.0
1.0
1.0
1.0
1.0
1.0
1.0
1.0
1.0
1.0
1.0
1.0
0.975
0.8709677419354839
1.0
0.9333333333333333
1.0
0.6382978723404256
0.9117647058823529
0.53125
0.8611111111111112
0.9649122807017544
0.39473684210526316
0.9473684210526316
0.9473684210526316
0.875
0.875
0.875
0.875
0.5151515151515151
0.5757575757575757
0.6506024096385542
0.3214285714285714
0.6956521739130435
0.6956521739130435
0.6956521739130435
0.5263157894736843
0.5263157894736843
0.5737704918032787
0.5737704918032787
0.7142857142857143
0.8055555555555556
0.8108108108108107
0.7837837837837838
0.8055555555555556
0.7681159420289855
0.9583333333333334
0.9811320754716981
0.9743589743589743
0.9814814814814815
1.0
1.0
0.9836065573770492
1.0
1.0
1.0
1.0
0.8947368421052632
0.8947368421052632
0.873015873015873
0.95
0.95
0.27884615384615385
1.0
1.0
1.0
1.0
1.0
1.0
1.0
1.0
1.0
1.0
0.6097560975609756
0.5638297872340425
0.3142857142857143
0.3142857142857143
0.8857142857142857
0.8974358974358975
0.8717948717948718
0.4807692307692307
0.4903846153846154
0.4811320754716981
0.4811320754716981
0.7538461538461538
0.7692307692307692
0.7538461538461538
0.7692307692307692
0.7692307692307692
0.7692307692307692
0.7538461538461538
0.6545454545454545
0.34042553191489366
0.7307692307692308
0.5925925925925926
0.6612903225806452
0.7307692307692308
0.5925925925925926
0.7073170731707317
0.6829268292682926
0.6829268292682926
0.6829268292682926
0.7
0.675
0.675
0.675
0.725
1.0
1.0
1.0
1.0
1.0
0.8571428571428572
0.7462686567164178
1.0
1.0
1.0
1.0
1.0
1.0
1.0
1.0
1.0
1.0
1.0
1.0
1.0
1.0
1.0
1.0
1.0
1.0
1.0
1.0
1.0
0.9393939393939394
0.9375
0.9375
1.0
0.9452054794520548
1.0
1.0
1.0
1.0
1.0
1.0
1.0
1.0
1.0
1.0
1.0
1.0
0.9824561403508771
0.9649122807017544
0.9239130434782609
0.8904109589041096
0.8823529411764706
0.9545454545454546
0.9375
0.9375
0.9375
1.0
1.0
1.0
1.0
0.4473684210526315
1.0
1.0
1.0
1.0
1.0
1.0
1.0
1.0
1.0
1.0
1.0
1.0
1.0
0.9897959183673469
1.0
1.0
1.0
0.961038961038961
0.8444444444444444
1.0
1.0
1.0
1.0
1.0
1.0
1.0
1.0
1.0
1.0
0.5087719298245614
0.44999999999999996
1.0
1.0
1.0
1.0
1.0
1.0
1.0
1.0
1.0
1.0
1.0
1.0
0.775
0.47435897435897434
0.47435897435897434
0.48
0.48
0.48
0.48
0.46153846153846156
0.6119402985074627
0.46376811594202894
0.5918367346938775
0.55
0.6909090909090909
0.5614035087719298
0.6119402985074627
0.46376811594202894
0.5876288659793815
0.6639344262295082
1.0
1.0
0.9333333333333333
0.9333333333333333
1.0
0.935483870967742
0.8571428571428572
1.0
1.0
1.0
1.0
1.0
1.0
1.0
1.0
1.0
1.0
1.0
1.0
1.0
1.0
1.0
0.7
1.0
1.0
1.0
1.0
1.0
1.0
0.9534883720930233
1.0
1.0
1.0
1.0
1.0
0.9259259259259259
1.0
1.0
1.0
1.0
1.0
1.0
1.0
1.0
1.0
1.0
1.0
1.0
1.0
0.3589743589743589
1.0
1.0
0.8275862068965517
0.475
0.8214285714285714
1.0
1.0
1.0
1.0
1.0
1.0
1.0
1.0
1.0
0.5901639344262295
0.5441176470588236
0.8
0.6065573770491803
0.4931506849315068
0.8
0.8869565217391304
0.8409090909090909
0.2857142857142857
0.2857142857142857
0.296875
0.37209302325581395
0.5
0.6216216216216216
0.6216216216216216
0.48275862068965514
0.48275862068965514
0.7142857142857143
0.47619047619047616
0.5454545454545454
0.5581395348837209
0.5581395348837209
0.5581395348837209
0.5581395348837209
0.6904761904761905
0.4814814814814815
0.30434782608695654
0.5185185185185186
0.3529411764705882
0.8333333333333334
0.8292682926829268
1.0
1.0
1.0
1.0
1.0
1.0
1.0
1.0
1.0
1.0
1.0
1.0
1.0
1.0
1.0
1.0
1.0
1.0
1.0
1.0
1.0
0.9705882352941176
1.0
1.0
0.8181818181818181
1.0
0.4513274336283186
1.0
0.9545454545454546
0.9545454545454546
0.9545454545454546
0.9545454545454546
0.9642857142857143
0.9
0.9545454545454546
0.875
0.875
0.9285714285714286
0.9642857142857143
0.9
0.9242424242424242
0.875
0.875
0.9285714285714286
1.0
0.9393939393939394
0.9523809523809523
0.9365079365079365
0.9333333333333333
0.9866666666666667
0.9649122807017544
1.0
0.5283018867924528
0.5283018867924528
0.9333333333333333
0.8888888888888888
0.9090909090909091
0.88
0.9285714285714286
0.9897959183673469
0.6666666666666667
1.0
1.0
0.9583333333333334
0.9583333333333334
1.0
1.0
1.0
1.0
1.0
1.0
1.0
1.0
1.0
1.0
1.0
0.7833333333333333
0.9393939393939394
0.7209302325581395
1.0
1.0
1.0
1.0
0.9333333333333333
1.0
1.0
1.0
1.0
1.0
1.0
1.0
1.0
1.0
1.0
1.0
1.0
0.8852459016393442
0.896551724137931
0.88
0.896551724137931
0.8666666666666667
0.896551724137931
0.8666666666666667
0.896551724137931
0.8666666666666667
0.9333333333333333
1.0
1.0
1.0
1.0
1.0
1.0
1.0
1.0
1.0
1.0
1.0
1.0
1.0
1.0
1.0
1.0
1.0
1.0
1.0
1.0
1.0
1.0
1.0
1.0
1.0
1.0
1.0
1.0
1.0
0.40740740740740744
0.3548387096774194
1.0
1.0
1.0
1.0
1.0
1.0
1.0
1.0
0.3548387096774194
0.37142857142857144
0.5862068965517242
0.5340909090909092
1.0
1.0
0.9767441860465116
0.5466666666666666
0.9767441860465116
0.9238095238095239
0.6951219512195121
1.0
1.0
0.46464646464646464
0.5384615384615384
0.3508771929824561
0.5
0.31666666666666665
0.39655172413793105
1.0
0.75
0.9285714285714286
0.9285714285714286
0.5825242718446602
1.0
1.0
1.0
1.0
1.0
1.0
1.0
1.0
1.0
1.0
1.0
1.0
1.0
1.0
1.0
1.0
1.0
1.0
1.0
1.0
1.0
1.0
1.0
1.0
1.0
1.0
1.0
1.0
1.0
1.0
0.9583333333333334
0.9583333333333334
1.0
1.0
1.0
1.0
1.0
1.0
1.0
0.9333333333333333
1.0
0.9411764705882353
1.0
1.0
1.0
1.0
0.9333333333333333
1.0
1.0
0.98
1.0
1.0
1.0
1.0
1.0
1.0
1.0
0.9607843137254902
0.8974358974358975
0.8095238095238095
0.9
0.8095238095238095
0.925
0.8333333333333334
0.875
0.8095238095238095
1.0
0.5344827586206897
0.5172413793103448
0.6024096385542168
0.5454545454545454
0.6024096385542168
0.5555555555555556
0.7090909090909091
0.5964912280701755
1.0
0.7183098591549295
0.9285714285714286
1.0
0.9767441860465116
0.9767441860465116
0.96
0.9827586206896551
0.8859649122807017
0.8846153846153846
0.9736842105263158
0.9375
0.5294117647058824
0.8648648648648649
0.5357142857142857
0.975
0.9069767441860466
0.9069767441860466
0.6097560975609756
0.5476190476190477
0.6724137931034483
0.5666666666666667
0.5263157894736843
0.7297297297297297
0.4933333333333333
0.4933333333333333
0.7446808510638299
1.0
0.8969072164948454
0.9866666666666667
0.96
0.9215686274509804
1.0
0.9491525423728814
1.0
0.9594594594594594
0.6599999999999999
0.8125
0.3827160493827161
0.3827160493827161
0.4473684210526315
0.48
0.3076923076923077
0.2432432432432432
1.0
1.0
1.0
1.0
1.0
1.0
1.0
1.0
1.0
0.3793103448275862
0.4
0.3157894736842105
1.0
1.0
1.0
1.0
1.0
1.0
1.0
1.0
0.7804878048780488
0.8421052631578947
0.9333333333333333
0.9090909090909091
0.7619047619047619
0.49056603773584906
0.49056603773584906
0.6052631578947368
0.7142857142857143
1.0
1.0
1.0
1.0
0.8571428571428572
0.9444444444444444
0.9090909090909091
1.0
1.0
1.0
1.0
1.0
1.0
1.0
1.0
1.0
1.0
1.0
1.0
0.9333333333333333
0.8
1.0
1.0
1.0
1.0
1.0
1.0
1.0
1.0
0.7575757575757576
0.8888888888888888
0.8181818181818181
0.8
1.0
0.6470588235294117
1.0
1.0
1.0
1.0
1.0
1.0
1.0
1.0
1.0
1.0
1.0
1.0
1.0
0.7733333333333333
0.8615384615384616
0.8484848484848485
0.6857142857142857
0.8117647058823529
1.0
1.0
1.0
1.0
1.0
1.0
1.0
1.0
1.0
1.0
0.6388888888888888
0.5384615384615384
0.5641025641025641
0.2698412698412699
1.0
1.0
0.6
0.6823529411764706
1.0
0.7530864197530864
1.0
0.9649122807017544
0.9333333333333333
0.9178082191780822
0.8648648648648649
0.6
0.5833333333333333
0.6024096385542168
0.5411764705882354
0.7391304347826086
0.5357142857142857
0.59375
0.4666666666666667
0.5
0.55
0.44999999999999996
0.6111111111111112
0.6964285714285714
0.7126436781609196
0.38095238095238093
0.40740740740740744
1.0
1.0
1.0
0.5573770491803278
0.9558823529411765
0.43220338983050843
0.5084745762711864
0.33333333333333337
0.5064935064935066
0.5609756097560976
0.34375
0.9767441860465116
1.0
0.6363636363636364
0.9642857142857143
0.9047619047619048
1.0
1.0
0.6774193548387097
0.3157894736842105
0.4024390243902439
1.0
1.0
1.0
0.8235294117647058
0.8333333333333334
0.9393939393939394
0.9436619718309859
1.0
0.9861111111111112
0.9577464788732395
0.4347826086956522
0.5666666666666667
0.3571428571428571
0.5882352941176471
1.0
0.44999999999999996
0.8974358974358975
0.8529411764705882
0.38095238095238093
0.9411764705882353
0.4651162790697675
0.96
0.8360655737704918
0.31666666666666665
0.4864864864864865
0.47058823529411764
0.4666666666666667
0.23958333333333337
0.23958333333333337
0.4666666666666667
0.5
0.32558139534883723
0.32558139534883723
0.3614457831325302
0.29357798165137616
0.29357798165137616
0.2816901408450704
1.0
0.4722222222222222
0.44999999999999996
0.4722222222222222
0.44999999999999996
0.4444444444444444
0.4444444444444444
0.4722222222222222
0.4722222222222222
0.4736842105263158
0.4736842105263158
0.46808510638297873
1.0
1.0
1.0
1.0
1.0
1.0
1.0
1.0
1.0
0.8532110091743119
0.88
1.0
1.0
1.0
1.0
1.0
0.475
0.3873873873873874
0.5327102803738317
0.5327102803738317
1.0
0.9230769230769231
0.9230769230769231
1.0
1.0
1.0
1.0
1.0
1.0
1.0
1.0
1.0
1.0
1.0
1.0
1.0
1.0
1.0
1.0
1.0
1.0
1.0
1.0
1.0
1.0
1.0
1.0
1.0
1.0
0.5979381443298969
0.5555555555555556
0.6097560975609756
0.574468085106383
1.0
1.0
1.0
1.0
1.0
1.0
1.0
0.6896551724137931
0.9
0.8888888888888888
0.7878787878787878
0.9411764705882353
0.8431372549019608
0.8461538461538461
0.9705882352941176
0.9705882352941176
0.9152542372881356
0.9705882352941176
0.9375
0.9375
0.9375
0.9375
0.9375
0.9375
0.9375
0.8285714285714285
0.90625
0.5217391304347826
0.5217391304347826
0.9166666666666666
0.5161290322580645
0.7692307692307692
0.7
0.84375
0.5217391304347826
0.5217391304347826
0.9166666666666666
0.5161290322580645
0.7692307692307692
0.7
0.875
0.5471698113207547
0.5471698113207547
0.5471698113207547
0.9166666666666666
0.5714285714285714
0.7
0.3548387096774194
0.90625
0.5217391304347826
0.5217391304347826
0.9166666666666666
0.5161290322580645
0.7
0.38961038961038963
0.90625
0.5217391304347826
0.5217391304347826
0.9166666666666666
0.5161290322580645
0.7692307692307692
0.7
0.90625
0.5471698113207547
0.5471698113207547
0.5471698113207547
0.9166666666666666
0.5714285714285714
0.7
0.38961038961038963
0.84375
0.5217391304347826
0.5217391304347826
0.9166666666666666
0.5161290322580645
0.7692307692307692
0.7
0.90625
0.5471698113207547
0.5471698113207547
0.5471698113207547
0.9166666666666666
0.5714285714285714
0.7692307692307692
0.7
0.36734693877551017
0.36
0.3529411764705882
0.36
0.37254901960784315
0.3653846153846154
0.3584905660377359
0.3653846153846154
0.37254901960784315
0.3653846153846154
0.3653846153846154
0.3653846153846154
1.0
0.9620253164556962
0.963855421686747
0.8
1.0
1.0
1.0
1.0
1.0
1.0
1.0
0.77
0.78
1.0
1.0
1.0
1.0
1.0
1.0
1.0
0.9607843137254902
0.9821428571428571
0.9803921568627451
0.9833333333333333
0.984375
0.9736842105263158
0.8627450980392157
0.5333333333333333
0.5333333333333333
0.6739130434782609
0.6739130434782609
0.5
0.4516129032258065
0.4347826086956522
0.6764705882352942
0.44999999999999996
0.43243243243243246
1.0
1.0
1.0
1.0
1.0
1.0
1.0
1.0
1.0
1.0
1.0
1.0
1.0
1.0
1.0
1.0
0.9523809523809523
1.0
1.0
1.0
1.0
1.0
0.9333333333333333
0.8813559322033898
0.8285714285714285
0.8787878787878788
0.8285714285714285
0.4042553191489362
1.0
1.0
0.6481481481481481
1.0
0.6296296296296297
0.7307692307692308
0.6481481481481481
0.6481481481481481
0.9787234042553191
0.9523809523809523
0.9523809523809523
0.9365079365079365
0.9365079365079365
1.0
1.0
1.0
1.0
1.0
1.0
0.6521739130434783
1.0
1.0
0.9473684210526316
0.6
0.6767676767676767
0.9642857142857143
0.9473684210526316
0.9473684210526316
0.7058823529411764
0.8235294117647058
0.7058823529411764
0.875
0.9473684210526316
0.9166666666666666
0.9726027397260274
1.0
1.0
1.0
1.0
1.0
1.0
1.0
1.0
1.0
0.7916666666666666
1.0
1.0
0.8333333333333334
0.7916666666666666
0.9375
0.8620689655172413
0.9838709677419355
0.864406779661017
0.9666666666666667
0.9807692307692307
0.963302752293578
0.7173913043478262
1.0
0.8769230769230769
0.5652173913043479
1.0
1.0
0.4285714285714286
0.8809523809523809
0.32499999999999996
0.32098765432098764
0.3894736842105263
0.36363636363636365
0.37681159420289856
0.41414141414141414
0.5189873417721519
0.5223880597014925
0.33783783783783783
0.34782608695652173
0.49382716049382713
0.34782608695652173
0.5434782608695652
0.4946236559139785
0.9302325581395349
1.0
1.0
1.0
1.0
0.5192307692307692
0.5961538461538461
1.0
1.0
1.0
1.0
1.0
1.0
1.0
1.0
1.0
0.8557692307692308
0.8557692307692308
0.9545454545454546
1.0
1.0
1.0
0.47619047619047616
0.5810810810810811
0.5810810810810811
0.7326732673267327
0.9310344827586207
0.9310344827586207
0.5
0.5
1.0
1.0
1.0
1.0
0.8260869565217391
0.8260869565217391
0.8260869565217391
0.8260869565217391
1.0
0.6727272727272727
1.0
1.0
1.0
1.0
0.4
0.32352941176470584
0.972972972972973
0.9827586206896551
0.8615384615384616
0.8181818181818181
1.0
1.0
0.9365079365079365
0.675
0.9365079365079365
1.0
0.9365079365079365
0.9365079365079365
1.0
1.0
0.9736842105263158
0.9830508474576272
1.0
1.0
1.0
1.0
1.0
1.0
1.0
1.0
1.0
1.0
1.0
1.0
0.95
0.962962962962963
0.9583333333333334
0.9583333333333334
0.974025974025974
0.974025974025974
0.95
0.8666666666666667
0.9859154929577465
0.9512195121951219
0.9777777777777777
1.0
0.9365079365079365
1.0
0.7272727272727273
0.6818181818181819
0.6818181818181819
1.0
0.5853658536585367
0.4305555555555556
0.9365079365079365
0.9365079365079365
0.8181818181818181
0.8846153846153846
0.42105263157894735
0.9523809523809523
0.896551724137931
1.0
1.0
1.0
1.0
1.0
1.0
1.0
1.0
1.0
1.0
1.0
1.0
1.0
1.0
1.0
1.0
1.0
0.9333333333333333
0.9375
1.0
1.0
0.9333333333333333
0.9375
1.0
0.9375
0.9333333333333333
0.9375
1.0
0.9
0.8
0.7419354838709677
0.7419354838709677
0.8956521739130435
0.8
0.7419354838709677
0.7419354838709677
1.0
0.9545454545454546
1.0
1.0
1.0
1.0
1.0
0.9375
1.0
0.9375
1.0
0.7857142857142857
0.4444444444444444
0.6603773584905661
0.7441860465116279
0.813953488372093
1.0
1.0
1.0
0.7571428571428571
0.9473684210526316
0.9655172413793104
0.9714285714285714
0.9882352941176471
1.0
0.989010989010989
0.9875
0.989010989010989
0.9875
0.9333333333333333
1.0
1.0
1.0
1.0
1.0
1.0
1.0
1.0
1.0
0.9333333333333333
0.9333333333333333
1.0
0.90625
0.9393939393939394
0.875
0.9032258064516129
1.0
1.0
1.0
1.0
1.0
0.5806451612903225
0.3846153846153846
0.5806451612903225
1.0
1.0
1.0
1.0
1.0
1.0
1.0
1.0
1.0
1.0
1.0
1.0
1.0
1.0
1.0
1.0
1.0
1.0
1.0
1.0
1.0
1.0
1.0
1.0
1.0
1.0
1.0
1.0
1.0
1.0
1.0
1.0
1.0
1.0
1.0
1.0
1.0
0.9333333333333333
1.0
0.9
0.9
0.9
0.4086021505376344
0.7922077922077921
0.4810126582278481
0.4382022471910112
1.0
0.8181818181818181
0.8181818181818181
0.7906976744186046
0.7906976744186046
0.8780487804878049
0.8780487804878049
1.0
0.6521739130434783
0.6521739130434783
0.6521739130434783
0.6521739130434783
0.6521739130434783
0.7321428571428572
0.6428571428571428
1.0
0.898876404494382
0.9423076923076923
1.0
0.5483870967741935
0.5151515151515151
0.5483870967741935
0.5252525252525253
0.5483870967741935
0.5151515151515151
0.5617977528089888
0.5054945054945055
0.7307692307692308
0.5925925925925926
1.0
1.0
1.0
1.0
1.0
1.0
1.0
1.0
1.0
1.0
0.9333333333333333
0.9565217391304348
0.9642857142857143
0.9
1.0
0.9642857142857143
0.9714285714285714
1.0
1.0
1.0
1.0
0.9193548387096774
0.9649122807017544
0.3157894736842105
0.8648648648648649
0.9607843137254902
1.0
1.0
1.0
1.0
1.0
1.0
1.0
1.0
1.0
1.0
1.0
1.0
1.0
1.0
1.0
1.0
1.0
1.0
1.0
0.5882352941176471
1.0
1.0
1.0
1.0
1.0
1.0
1.0
1.0
1.0
1.0
1.0
0.9285714285714286
0.864406779661017
0.8571428571428572
0.7123287671232876
0.7123287671232876
0.7567567567567568
0.7567567567567568
0.9375
0.9333333333333333
0.9333333333333333
0.9047619047619048
0.9090909090909091
0.4242424242424242
0.967032967032967
0.42105263157894735
0.6764705882352942
1.0
1.0
1.0
1.0
1.0
1.0
1.0
0.8888888888888888
0.9444444444444444
1.0
1.0
1.0
0.8484848484848485
0.6666666666666667
0.75
0.8
0.7777777777777778
0.8
0.9080459770114943
0.9897959183673469
0.9897959183673469
0.978494623655914
1.0
0.9894736842105263
0.9150943396226415
0.6491228070175439
0.8837209302325582
0.9
0.9487179487179487
0.9152542372881356
0.6428571428571428
0.926829268292683
0.8666666666666667
0.940677966101695
0.65625
0.6811594202898551
0.8152173913043479
0.6603773584905661
1.0
1.0
1.0
1.0
0.6302521008403361
0.8928571428571429
1.0
1.0
1.0
1.0
0.7886178861788617
0.6302521008403361
0.9180327868852459
0.7761194029850746
1.0
1.0
1.0
1.0
1.0
1.0
0.5377358490566038
0.5377358490566038
0.6428571428571428
0.926829268292683
0.8666666666666667
1.0
1.0
1.0
0.7622950819672132
0.2833333333333333
0.6545454545454545
1.0
1.0
0.7916666666666666
0.6883116883116883
0.6883116883116883
0.6666666666666667
0.8974358974358975
0.6612903225806452
1.0
1.0
1.0
0.9435483870967742
0.9435483870967742
1.0
1.0
1.0
0.875
1.0
1.0
0.4117647058823529
0.5172413793103448
0.6379310344827587
1.0
1.0
1.0
1.0
1.0
1.0
1.0
1.0
0.9827586206896551
0.9489795918367347
0.9538461538461538
0.9473684210526316
0.9333333333333333
0.9787234042553191
0.941747572815534
0.941747572815534
0.941747572815534
0.9166666666666666
1.0
1.0
1.0
1.0
1.0
1.0
1.0
1.0
1.0
1.0
1.0
1.0
1.0
1.0
1.0
1.0
1.0
1.0
1.0
1.0
1.0
1.0
1.0
1.0
1.0
1.0
1.0
1.0
1.0
1.0
1.0
1.0
0.7777777777777778
0.875
0.7777777777777778
0.7105263157894737
0.30645161290322576
0.37209302325581395
0.5
0.45333333333333337
0.45333333333333337
0.45333333333333337
0.45333333333333337
0.45333333333333337
0.8461538461538461
0.5714285714285714
0.6
0.3417721518987342
0.6470588235294117
1.0
1.0
1.0
1.0
1.0
1.0
0.813953488372093
0.96875
1.0
1.0
1.0
1.0
1.0
1.0
1.0
1.0
1.0
1.0
0.9215686274509804
0.9402985074626866
0.9175257731958762
0.967741935483871
1.0
0.8064516129032258
0.8064516129032258
0.8064516129032258
0.8064516129032258
0.9787234042553191
0.962962962962963
0.9777777777777777
0.9736842105263158
1.0
1.0
1.0
1.0
1.0
1.0
1.0
1.0
1.0
1.0
1.0
1.0
1.0
1.0
1.0
1.0
1.0
1.0
1.0
1.0
1.0
1.0
1.0
1.0
1.0
1.0
1.0
1.0
1.0
1.0
1.0
1.0
1.0
1.0
1.0
1.0
1.0
1.0
1.0
1.0
1.0
1.0
1.0
1.0
1.0
0.9333333333333333
1.0
0.9333333333333333
1.0
1.0
1.0
1.0
1.0
1.0
1.0
1.0
1.0
1.0
1.0
1.0
1.0
1.0
1.0
1.0
1.0
1.0
1.0
1.0
1.0
1.0
1.0
1.0
0.96
0.9508196721311475
0.9230769230769231
0.96
1.0
1.0
0.2920353982300885
0.9655172413793104
0.30097087378640774
0.30097087378640774
0.30097087378640774
0.30097087378640774
0.26881720430107525
0.26881720430107525
0.26881720430107525
0.26881720430107525
0.2621359223300971
0.2621359223300971
0.2621359223300971
0.2621359223300971
0.9523809523809523
0.95
0.4933333333333333
0.5733333333333333
1.0
1.0
1.0
1.0
1.0
0.96875
0.96875
1.0
1.0
0.8181818181818181
1.0
1.0
1.0
1.0
0.9607843137254902
0.9583333333333334
0.972972972972973
0.9487179487179487
1.0
1.0
1.0
1.0
1.0
1.0
1.0
1.0
1.0
1.0
1.0
1.0
1.0
1.0
1.0
1.0
1.0
0.6951219512195121
1.0
1.0
1.0
1.0
1.0
1.0
1.0
1.0
1.0
1.0
1.0
1.0
1.0
1.0
1.0
1.0
1.0
1.0
1.0
1.0
1.0
1.0
1.0
1.0
1.0
1.0
1.0
1.0
1.0
1.0
1.0
1.0
1.0
1.0
1.0
1.0
0.9375
1.0
1.0
1.0
1.0
1.0
1.0
1.0
1.0
1.0
1.0
1.0
1.0
1.0
1.0
1.0
1.0
1.0
1.0
1.0
1.0
1.0
1.0
1.0
1.0
1.0
1.0
0.4130434782608695
0.7916666666666666
1.0
1.0
1.0
1.0
1.0
1.0
1.0
1.0
0.3950617283950617
1.0
1.0
1.0
1.0
1.0
1.0
1.0
1.0
1.0
1.0
1.0
1.0
1.0
1.0
1.0
1.0
1.0
1.0
1.0
1.0
1.0
1.0
1.0
1.0
1.0
1.0
1.0
1.0
1.0
1.0
0.5294117647058824
0.775
1.0
0.22499999999999998
0.22499999999999998
0.22499999999999998
0.22499999999999998
0.3278688524590164
0.48571428571428577
1.0
1.0
1.0
1.0
1.0
1.0
1.0
1.0
1.0
1.0
0.9090909090909091
1.0
0.5319148936170213
0.8823529411764706
0.8125
0.7777777777777778
1.0
0.7777777777777778
0.9333333333333333
1.0
1.0
0.875
0.96875
0.9130434782608696
0.96
0.9411764705882353
0.9655172413793104
0.9696969696969697
0.782608695652174
0.6285714285714286
0.96875
1.0
0.8888888888888888
0.8888888888888888
1.0
1.0
0.8888888888888888
0.8888888888888888
1.0
1.0
1.0
1.0
1.0
1.0
1.0
1.0
0.4098360655737705
1.0
1.0
0.9655172413793104
1.0
1.0
1.0
1.0
0.8611111111111112
1.0
0.9555555555555556
0.9565217391304348
0.9803921568627451
0.94
0.9649122807017544
0.9611650485436893
0.9545454545454546
0.921875
1.0
1.0
0.9333333333333333
1.0
1.0
1.0
1.0
0.4948453608247423
1.0
1.0
1.0
1.0
1.0
1.0
1.0
1.0
1.0
1.0
1.0
1.0
1.0
1.0
1.0
1.0
1.0
1.0
1.0
1.0
1.0
0.968
0.9574468085106383
0.9375
0.9830508474576272
0.9523809523809523
0.9714285714285714
0.9117647058823529
1.0
0.9117647058823529
0.9827586206896551
0.875
1.0
1.0
1.0
0.53
0.5
1.0
0.6538461538461539
1.0
0.9375
0.8823529411764706
0.9411764705882353
0.875
1.0
1.0
1.0
1.0
1.0
1.0
1.0
1.0
1.0
1.0
1.0
1.0
1.0
1.0
1.0
1.0
1.0
1.0
1.0
1.0
1.0
1.0
1.0
1.0
1.0
1.0
1.0
1.0
1.0
1.0
1.0
1.0
1.0
1.0
1.0
1.0
0.896551724137931
0.9090909090909091
0.5
0.8
0.631578947368421
0.5
0.5
0.410958904109589
0.8
0.5185185185185186
0.582089552238806
0.582089552238806
0.5081967213114754
0.6363636363636364
0.847457627118644
1.0
1.0
1.0
1.0
1.0
1.0
1.0
1.0
1.0
1.0
1.0
1.0
1.0
1.0
1.0
1.0
1.0
1.0
1.0
1.0
1.0
1.0
0.8048780487804879
0.8048780487804879
0.8717948717948718
0.8717948717948718
0.85
0.85
0.85
0.85
0.9736842105263158
0.9736842105263158
0.9487179487179487
0.9487179487179487
0.875
0.875
0.875
0.875
0.6444444444444444
0.6444444444444444
0.9473684210526316
0.9473684210526316
0.9
0.9
0.9
0.7333333333333334
0.6666666666666667
0.7543859649122807
0.7727272727272727
0.84
0.84
0.48571428571428577
0.40476190476190477
0.4285714285714286
1.0
1.0
1.0
0.9797979797979798
0.98989898989899
0.9797979797979798
1.0
1.0
1.0
1.0
1.0
1.0
1.0
1.0
1.0
1.0
1.0
1.0
0.9230769230769231
0.9230769230769231
0.96
1.0
1.0
0.2543859649122807
0.9322033898305084
0.45070422535211263
1.0
1.0
1.0
0.6363636363636364
1.0
1.0
1.0
1.0
0.9333333333333333
0.9333333333333333
1.0
1.0
1.0
1.0
1.0
1.0
1.0
1.0
1.0
0.6363636363636364
0.6363636363636364
0.6363636363636364
0.5454545454545454
1.0
1.0
1.0
1.0
0.3921568627450981
0.36111111111111116
0.6923076923076923
1.0
0.9166666666666666
0.86
0.8865979381443299
0.7592592592592593
1.0
1.0
0.9523809523809523
0.9333333333333333
1.0
1.0
0.875
0.9375
0.9375
1.0
1.0
1.0
1.0
1.0
1.0
0.9333333333333333
1.0
1.0
1.0
1.0
1.0
0.9375
0.4444444444444444
0.9
0.5280898876404494
0.7307692307692308
0.9333333333333333
0.5294117647058824
0.6875
0.38983050847457623
0.5454545454545454
0.5454545454545454
0.45238095238095233
0.45238095238095233
0.7142857142857143
0.6470588235294117
0.47619047619047616
0.8947368421052632
0.9090909090909091
0.8947368421052632
0.875
1.0
1.0
1.0
1.0
1.0
1.0
0.9090909090909091
1.0
1.0
1.0
1.0
1.0
1.0
1.0
1.0
1.0
0.8714285714285714
0.9642857142857143
0.625
0.5609756097560976
1.0
1.0
1.0
1.0
1.0
0.9722222222222222
0.9761904761904762
0.9761904761904762
1.0
1.0
0.926829268292683
0.8088235294117647
0.6666666666666667
0.5309734513274336
0.5309734513274336
0.5309734513274336
0.5309734513274336
0.5309734513274336
0.5309734513274336
0.5309734513274336
0.5309734513274336
0.6555555555555556
0.6333333333333333
0.6210526315789473
0.6333333333333333
0.5648148148148149
0.5412844036697247
0.9259259259259259
0.5267857142857143
0.6555555555555556
0.7341772151898734
0.651685393258427
0.5309734513274336
0.5309734513274336
0.5309734513274336
0.5309734513274336
0.5309734513274336
0.5309734513274336
0.5309734513274336
0.5309734513274336
0.6555555555555556
0.6333333333333333
0.6210526315789473
0.6333333333333333
0.5648148148148149
0.5412844036697247
0.9259259259259259
0.5267857142857143
0.6555555555555556
0.76
0.9333333333333333
0.5728155339805825
0.9285714285714286
0.5728155339805825
0.9285714285714286
0.5728155339805825
0.9285714285714286
0.5728155339805825
0.9333333333333333
0.5728155339805825
0.9333333333333333
0.5728155339805825
0.9333333333333333
0.5728155339805825
0.9285714285714286
0.5728155339805825
0.6333333333333333
1.0
1.0
1.0
1.0
1.0
1.0
1.0
1.0
1.0
1.0
0.5869565217391304
1.0
0.98989898989899
1.0
0.9210526315789473
0.6761904761904762
0.9545454545454546
0.8837209302325582
0.8529411764705882
1.0
1.0
1.0
1.0
0.9821428571428571
0.28358208955223885
1.0
1.0
1.0
1.0
1.0
0.9545454545454546
0.9545454545454546
0.9545454545454546
0.9545454545454546
0.9375
0.9375
1.0
0.9375
1.0
1.0
1.0
1.0
1.0
1.0
1.0
1.0
1.0
1.0
0.6534653465346535
1.0
0.8888888888888888
1.0
1.0
1.0
1.0
1.0
1.0
1.0
1.0
1.0
1.0
1.0
1.0
1.0
1.0
1.0
1.0
1.0
1.0
1.0
1.0
0.367816091954023
0.5421686746987953
0.49397590361445787
0.49397590361445787
0.46153846153846156
0.4819277108433735
1.0
1.0
0.47058823529411764
0.5
1.0
1.0
1.0
0.8727272727272728
1.0
1.0
0.49350649350649356
0.39534883720930236
0.39534883720930236
0.3548387096774194
0.92
1.0
0.926829268292683
0.75
0.5263157894736843
1.0
0.9787234042553191
1.0
1.0
1.0
1.0
1.0
1.0
1.0
1.0
1.0
1.0
1.0
0.8831168831168831
1.0
1.0
1.0
1.0
1.0
1.0
1.0
0.8831168831168831
1.0
0.9893617021276596
0.9893617021276596
1.0
0.71875
0.71875
1.0
1.0
1.0
1.0
1.0
1.0
1.0
1.0
1.0
1.0
1.0
1.0
1.0
1.0
1.0
1.0
1.0
1.0
1.0
1.0
0.9428571428571428
0.9487179487179487
0.9428571428571428
0.9487179487179487
0.9444444444444444
0.9487179487179487
0.9444444444444444
0.9487179487179487
0.9428571428571428
1.0
1.0
1.0
1.0
1.0
1.0
1.0
1.0
1.0
0.578125
1.0
1.0
1.0
1.0
1.0
1.0
1.0
1.0
1.0
1.0
1.0
1.0
1.0
1.0
1.0
1.0
1.0
1.0
1.0
0.7032967032967032
0.7066666666666667
0.7032967032967032
0.7066666666666667
0.6813186813186813
0.7066666666666667
1.0
1.0
1.0
1.0
1.0
1.0
1.0
1.0
1.0
1.0
1.0
1.0
1.0
1.0
1.0
1.0
1.0
1.0
1.0
1.0
0.7168141592920354
1.0
1.0
1.0
1.0
1.0
1.0
1.0
1.0
1.0
1.0
1.0
1.0
1.0
1.0
1.0
1.0
1.0
1.0
1.0
1.0
1.0
1.0
1.0
1.0
1.0
1.0
0.4020618556701031
0.4903846153846154
0.4903846153846154
0.72
0.72
0.6666666666666667
0.6883116883116883
0.6883116883116883
0.6470588235294117
0.813953488372093
1.0
1.0
1.0
1.0
1.0
1.0
1.0
1.0
0.65
1.0
1.0
0.9259259259259259
0.98
0.9259259259259259
0.9176470588235294
0.9069767441860466
0.71875
0.71875
0.9375
0.975609756097561
0.9615384615384616
0.9411764705882353
1.0
1.0
1.0
1.0
1.0
1.0
0.8200000000000001
1.0
0.6785714285714286
0.7906976744186046
0.43243243243243246
1.0
1.0
1.0
1.0
1.0
1.0
1.0
1.0
1.0
1.0
1.0
1.0
1.0
1.0
1.0
1.0
1.0
1.0
0.8552631578947368
1.0
1.0
1.0
1.0
1.0
1.0
1.0
1.0
1.0
1.0
1.0
1.0
1.0
1.0
1.0
1.0
1.0
1.0
1.0
1.0
0.9819819819819819
1.0
1.0
1.0
1.0
1.0
1.0
1.0
1.0
1.0
1.0
1.0
1.0
0.9753086419753086
1.0
1.0
1.0
1.0
1.0
1.0
1.0
1.0
1.0
1.0
1.0
1.0
1.0
1.0
1.0
1.0
1.0
0.9821428571428571
1.0
1.0
1.0
1.0
0.9655172413793104
1.0
1.0
1.0
0.9655172413793104
1.0
1.0
1.0
0.8620689655172413
1.0
1.0
0.8620689655172413
1.0
1.0
1.0
0.9649122807017544
0.962962962962963
1.0
1.0
1.0
0.9649122807017544
0.962962962962963
1.0
0.9090909090909091
0.9107142857142857
0.5638297872340425
0.8533333333333333
0.8507462686567164
0.6105263157894737
0.8507462686567164
0.9841269841269842
0.6634615384615384
0.6634615384615384
0.9333333333333333
1.0
1.0
1.0
1.0
1.0
1.0
1.0
1.0
0.9523809523809523
0.9333333333333333
0.9333333333333333
1.0
0.9523809523809523
0.9523809523809523
0.6122448979591837
1.0
1.0
1.0
1.0
0.9827586206896551
1.0
1.0
1.0
1.0
0.935483870967742
1.0
1.0
1.0
1.0
1.0
1.0
1.0
1.0
1.0
1.0
1.0
1.0
1.0
1.0
1.0
1.0
1.0
1.0
1.0
1.0
1.0
1.0
1.0
1.0
0.3205128205128205
0.5625
0.5531914893617021
0.5098039215686274
1.0
1.0
1.0
1.0
0.7692307692307692
1.0
1.0
1.0
1.0
1.0
1.0
1.0
0.627906976744186
0.5862068965517242
0.6666666666666667
0.8064516129032258
1.0
1.0
0.6326530612244898
1.0
0.7191011235955056
0.7191011235955056
0.8928571428571429
0.28971962616822433
0.28971962616822433
0.41463414634146345
1.0
1.0
1.0
1.0
1.0
1.0
1.0
1.0
1.0
1.0
0.9166666666666666
0.9152542372881356
0.8857142857142857
1.0
1.0
1.0
1.0
1.0
1.0
0.368421052631579
0.5
0.46153846153846156
0.40625
0.4
1.0
1.0
1.0
1.0
1.0
1.0
1.0
0.9393939393939394
1.0
0.935483870967742
0.7
0.6666666666666667
0.9166666666666666
0.6666666666666667
0.6666666666666667
0.42000000000000004
1.0
1.0
0.48484848484848486
0.5151515151515151
0.48484848484848486
0.5151515151515151
0.48484848484848486
0.5151515151515151
0.48484848484848486
0.5151515151515151
1.0
1.0
1.0
1.0
1.0
1.0
0.8461538461538461
1.0
1.0
1.0
1.0
1.0
1.0
1.0
1.0
1.0
0.9285714285714286
0.6239316239316239
0.37209302325581395
0.47058823529411764
1.0
0.7708333333333334
0.4782608695652174
0.4782608695652174
0.4285714285714286
0.4285714285714286
0.4444444444444444
0.4444444444444444
0.45945945945945943
0.45945945945945943
0.46341463414634143
0.46341463414634143
0.5714285714285714
0.5714285714285714
0.5714285714285714
0.5714285714285714
0.4782608695652174
0.7611940298507462
0.4838709677419355
0.5945945945945945
0.6036036036036037
0.8809523809523809
1.0
0.6666666666666667
1.0
1.0
1.0
1.0
1.0
1.0
1.0
1.0
1.0
1.0
1.0
1.0
1.0
1.0
1.0
0.27835051546391754
0.33870967741935487
0.3142857142857143
0.3142857142857143
0.4752475247524752
0.4752475247524752
0.72
0.72
0.6666666666666667
0.7105263157894737
0.7105263157894737
0.6470588235294117
0.6226415094339622
0.5853658536585367
0.33333333333333337
0.33333333333333337
0.6759259259259259
1.0
1.0
1.0
1.0
1.0
1.0
0.803030303030303
0.803030303030303
0.6355140186915889
0.5151515151515151
0.6371681415929203
0.5151515151515151
0.6355140186915889
1.0
0.8857142857142857
0.962962962962963
0.6538461538461539
0.8
0.5957446808510638
0.5957446808510638
0.9545454545454546
1.0
1.0
1.0
1.0
1.0
1.0
1.0
1.0
1.0
1.0
1.0
1.0
1.0
1.0
1.0
0.7419354838709677
0.7419354838709677
0.8235294117647058
0.6666666666666667
0.86
0.44897959183673475
0.7425742574257426
0.7425742574257426
0.7425742574257426
0.6363636363636364
0.4528301886792453
0.44999999999999996
0.475
0.3589743589743589
0.8181818181818181
0.6956521739130435
0.6101694915254237
0.71875
0.6216216216216216
0.49367088607594933
0.4864864864864865
1.0
1.0
0.9375
1.0
1.0
1.0
1.0
1.0
0.4814814814814815
0.7547169811320755
0.9245283018867925
0.9166666666666666
0.6557377049180328
0.4444444444444444
1.0
1.0
0.47916666666666663
0.4945054945054945
1.0
1.0
1.0
1.0
0.3921568627450981
0.4
0.47058823529411764
0.5294117647058824
0.34285714285714286
1.0
1.0
0.6153846153846154
0.6153846153846154
0.42105263157894735
0.6585365853658536
0.4025974025974026
0.75
0.7586206896551724
0.6052631578947368
0.27419354838709675
0.5434782608695652
0.3157894736842105
0.3157894736842105
0.9333333333333333
1.0
0.84375
0.7272727272727273
0.9545454545454546
0.9285714285714286
0.9428571428571428
0.851063829787234
0.6923076923076923
0.6363636363636364
0.6363636363636364
0.8611111111111112
0.41666666666666663
0.7380952380952381
0.7272727272727273
0.8070175438596492
0.6375
0.6375
0.6071428571428572
0.6071428571428572
0.53125
0.5416666666666667
1.0
1.0
0.3116883116883117
1.0
0.574468085106383
0.574468085106383
1.0
0.7878787878787878
0.8125
0.75
0.7105263157894737
0.34782608695652173
0.4117647058823529
0.6181818181818182
0.7764705882352941
0.4810126582278481
0.9714285714285714
0.935483870967742
1.0
1.0
0.6666666666666667
0.9
0.5825242718446602
0.5825242718446602
1.0
1.0
0.6666666666666667
0.9
0.5865384615384616
0.5865384615384616
1.0
1.0
1.0
1.0
1.0
1.0
0.37606837606837606
0.546875
0.47115384615384615
0.9375
0.9375
0.9375
1.0
0.9622641509433962
0.9545454545454546
0.9375
0.953125
0.96875
0.7435897435897436
1.0
1.0
1.0
1.0
1.0
1.0
1.0
1.0
1.0
0.6666666666666667
0.576271186440678
0.8214285714285714
0.9310344827586207
1.0
1.0
1.0
1.0
1.0
1.0
1.0
1.0
1.0
1.0
1.0
1.0
1.0
1.0
1.0
1.0
1.0
1.0
1.0
1.0
1.0
1.0
1.0
1.0
0.9375
0.9333333333333333
1.0
1.0
0.3846153846153846
0.3820224719101124
1.0
1.0
1.0
1.0
1.0
1.0
1.0
1.0
1.0
1.0
1.0
1.0
1.0
1.0
1.0
1.0
1.0
1.0
1.0
1.0
1.0
1.0
1.0
1.0
1.0
1.0
1.0
1.0
1.0
1.0
1.0
0.65
0.65
0.5172413793103448
0.5172413793103448
0.5396825396825398
0.5396825396825398
0.6153846153846154
1.0
1.0
1.0
1.0
1.0
0.38095238095238093
1.0
0.5
1.0
1.0
1.0
1.0
0.9649122807017544
0.9649122807017544
0.9733333333333334
1.0
0.96
0.6986301369863014
0.7244897959183674
1.0
1.0
0.7222222222222222
0.6578947368421053
0.9111111111111111
0.6534653465346535
0.6153846153846154
0.8108108108108107
0.6086956521739131
0.37142857142857144
1.0
1.0
1.0
1.0
0.9772727272727273
0.9130434782608696
1.0
1.0
0.4247787610619469
0.4247787610619469
0.4247787610619469
0.4545454545454546
0.4545454545454546
0.7115384615384616
0.4444444444444444
0.9775280898876404
1.0
1.0
0.9555555555555556
0.9809523809523809
1.0
0.9696969696969697
1.0
1.0
1.0
0.8390804597701149
0.8870967741935484
0.7846153846153846
0.7435897435897436
0.7307692307692308
0.5670103092783505
0.5670103092783505
0.5454545454545454
0.5454545454545454
0.6633663366336633
0.6633663366336633
0.537037037037037
0.423728813559322
0.48235294117647054
0.48235294117647054
0.5466666666666666
0.5466666666666666
1.0
0.9876543209876543
0.9897959183673469
0.9411764705882353
0.990990990990991
0.9264705882352942
1.0
1.0
1.0
1.0
1.0
1.0
1.0
1.0
1.0
1.0
1.0
1.0
0.8028169014084507
0.5632183908045977
0.4946236559139785
0.5
0.5632183908045977
0.4946236559139785
1.0
1.0
1.0
1.0
1.0
1.0
0.7462686567164178
0.8169014084507042
0.5729166666666667
0.5729166666666667
0.5612244897959184
0.5612244897959184
0.7191011235955056
0.7191011235955056
0.47540983606557374
0.47619047619047616
0.72
0.7462686567164178
0.8169014084507042
0.8028169014084507
0.55
0.55
0.5392156862745099
0.5392156862745099
0.7191011235955056
0.7191011235955056
0.4032258064516129
0.47619047619047616
0.47619047619047616
0.7846153846153846
0.6129032258064516
0.5853658536585367
0.5714285714285714
0.5
0.782608695652174
0.4918032786885246
0.47540983606557374
0.6730769230769231
0.7846153846153846
0.8529411764705882
0.45871559633027525
0.45871559633027525
0.7191011235955056
0.7191011235955056
0.5
0.4833333333333333
0.6862745098039216
0.7846153846153846
0.8529411764705882
0.45871559633027525
0.45871559633027525
0.7608695652173914
0.7191011235955056
0.7191011235955056
0.5
0.7777777777777778
0.7525773195876289
1.0
1.0
0.388235294117647
0.388235294117647
0.388235294117647
0.388235294117647
0.388235294117647
0.388235294117647
1.0
0.8761061946902655
1.0
1.0
1.0
0.6190476190476191
0.8
1.0
1.0
1.0
1.0
1.0
1.0
1.0
1.0
1.0
1.0
1.0
1.0
0.5081967213114754
1.0
1.0
1.0
1.0
1.0
1.0
1.0
1.0
1.0
1.0
1.0
1.0
1.0
1.0
1.0
1.0
1.0
1.0
1.0
1.0
1.0
1.0
1.0
1.0
1.0
1.0
1.0
1.0
1.0
1.0
1.0
1.0
1.0
1.0
0.40909090909090906
0.40909090909090906
0.5531914893617021
1.0
1.0
0.6436781609195402
0.9642857142857143
0.8153846153846154
0.9107142857142857
0.5957446808510638
0.9464285714285714
0.8153846153846154
1.0
1.0
1.0
0.7019230769230769
0.7962962962962963
0.6826923076923077
0.7962962962962963
0.5288461538461539
0.5137614678899083
0.8148148148148149
0.5137614678899083
0.7073170731707317
0.6413043478260869
0.9642857142857143
0.8153846153846154
0.9107142857142857
0.5957446808510638
0.9464285714285714
0.8153846153846154
1.0
1.0
1.0
0.7019230769230769
0.7962962962962963
0.6826923076923077
0.7962962962962963
0.5288461538461539
0.5137614678899083
0.8148148148148149
0.5137614678899083
0.7435897435897436
0.8153846153846154
1.0
0.9107142857142857
0.9636363636363636
0.574468085106383
0.8153846153846154
0.9814814814814815
0.6818181818181819
0.8245614035087719
0.8333333333333334
0.6818181818181819
0.7228915662650602
0.8245614035087719
0.8518518518518519
0.7777777777777778
0.7962962962962963
0.8392857142857143
0.6590909090909092
0.8928571428571429
0.9107142857142857
0.875
0.875
0.7211538461538461
0.5833333333333333
0.875
0.8360655737704918
0.6794871794871795
0.875
0.6730769230769231
0.6634615384615384
0.5428571428571429
0.8148148148148149
0.875
0.5514018691588785
0.8928571428571429
0.7228915662650602
0.6344086021505376
0.8928571428571429
0.9107142857142857
0.875
0.875
0.7211538461538461
0.5833333333333333
0.875
0.8360655737704918
0.6794871794871795
0.875
0.6730769230769231
0.6634615384615384
0.5428571428571429
0.8148148148148149
0.875
0.5514018691588785
0.8928571428571429
0.7375
0.6190476190476191
0.9107142857142857
0.875
0.875
0.875
0.574468085106383
0.875
0.5648148148148149
0.5660377358490566
0.875
0.6272727272727272
0.6181818181818182
0.7472527472527473
0.5288461538461539
0.8421052631578947
0.8571428571428572
0.8421052631578947
0.7160493827160495
0.6551724137931034
0.7936507936507937
0.72
0.7105263157894737
0.7777777777777778
0.7777777777777778
0.9152542372881356
0.6442307692307692
0.8983050847457628
0.6442307692307692
0.8983050847457628
0.8983050847457628
0.7073170731707317
0.6304347826086957
0.7936507936507937
0.72
0.7105263157894737
0.7777777777777778
0.7777777777777778
0.9152542372881356
0.6442307692307692
0.8983050847457628
0.6442307692307692
0.8983050847457628
0.8983050847457628
0.7375
0.6625
0.6049382716049383
0.5142857142857142
0.5
0.65
0.5925925925925926
0.65
0.5925925925925926
0.6625
0.5
0.65
0.49056603773584906
0.65
0.65
0.6477272727272727
0.8787878787878788
0.6506024096385542
0.625
0.8636363636363636
0.8148148148148149
0.8271604938271605
0.6987951807228916
0.6451612903225806
0.8787878787878788
0.6506024096385542
0.625
0.8636363636363636
0.8148148148148149
0.8271604938271605
0.7215189873417722
0.6705882352941177
0.6746987951807228
0.6547619047619048
0.5420560747663552
0.5225225225225225
0.6705882352941177
0.7
0.71
0.6629213483146068
0.9642857142857143
0.9464285714285714
0.7011494252873562
0.7011494252873562
0.7317073170731707
0.6634615384615384
0.6634615384615384
0.7142857142857143
0.648936170212766
0.9642857142857143
0.9464285714285714
0.7011494252873562
0.7011494252873562
0.7317073170731707
0.6634615384615384
0.6634615384615384
0.7375
0.6746987951807228
0.6547619047619048
0.6705882352941177
0.6746987951807228
1.0
0.9818181818181818
0.6626506024096386
0.6588235294117647
0.9814814814814815
0.9636363636363636
0.6626506024096386
0.6588235294117647
0.6818181818181819
0.9152542372881356
0.6818181818181819
0.9152542372881356
0.7228915662650602
0.7674418604651163
0.7333333333333334
0.5666666666666667
1.0
1.0
1.0
1.0
1.0
1.0
1.0
1.0
1.0
1.0
1.0
1.0
1.0
1.0
0.5294117647058824
1.0
1.0
0.38235294117647056
0.7419354838709677
0.6885245901639344
1.0
0.9772727272727273
0.9038461538461539
1.0
1.0
1.0
1.0
1.0
1.0
1.0
1.0
1.0
1.0
1.0
1.0
1.0
1.0
1.0
1.0
1.0
1.0
1.0
0.8723404255319149
1.0
1.0
1.0
1.0
1.0
1.0
1.0
1.0
0.8518518518518519
0.8518518518518519
1.0
1.0
1.0
1.0
1.0
1.0
1.0
1.0
1.0
1.0
1.0
1.0
1.0
1.0
0.8493150684931507
0.8767123287671232
0.5887850467289719
0.922077922077922
0.5588235294117647
1.0
0.9074074074074074
0.9830508474576272
1.0
1.0
1.0
1.0
1.0
0.8823529411764706
0.6987951807228916
1.0
1.0
0.5371900826446281
1.0
1.0
1.0
1.0
1.0
1.0
1.0
1.0
1.0
0.9682539682539683
0.9850746268656716
0.9189189189189189
0.9189189189189189
0.875
0.875
0.875
0.875
0.4956521739130435
0.4956521739130435
0.3414634146341463
0.8947368421052632
0.8947368421052632
0.972972972972973
0.972972972972973
0.875
0.875
0.875
0.875
0.6
0.45679012345679015
0.45679012345679015
0.29268292682926833
0.4545454545454546
0.4545454545454546
0.7954545454545454
0.7954545454545454
0.7954545454545454
0.7954545454545454
0.44897959183673475
0.8717948717948718
0.8717948717948718
0.9473684210526316
0.9473684210526316
0.875
0.875
0.875
0.875
0.5254237288135593
0.5254237288135593
0.5
0.43243243243243246
0.43243243243243246
0.8181818181818181
0.8181818181818181
0.8181818181818181
0.8181818181818181
0.43999999999999995
0.525
0.8947368421052632
0.8947368421052632
0.875
0.875
0.875
0.875
0.5185185185185186
0.5185185185185186
0.5263157894736843
0.5263157894736843
0.6595744680851063
0.5714285714285714
0.33333333333333337
0.33333333333333337
0.33333333333333337
0.33333333333333337
0.4821428571428571
0.4821428571428571
0.4821428571428571
1.0
1.0
0.9333333333333333
0.9333333333333333
0.9333333333333333
0.9375
1.0
0.967741935483871
0.967741935483871
1.0
1.0
1.0
0.8947368421052632
0.8947368421052632
0.8717948717948718
0.8717948717948718
0.875
0.8461538461538461
0.4057971014492754
0.3846153846153846
0.8823529411764706
0.8823529411764706
0.9333333333333333
0.8461538461538461
0.3904761904761904
0.3904761904761904
0.5263157894736843
0.65625
0.7413793103448276
0.7391304347826086
0.8076923076923077
0.6799999999999999
0.6799999999999999
0.6666666666666667
0.6666666666666667
0.7777777777777778
0.7777777777777778
0.7608695652173914
0.7608695652173914
0.18584070796460173
0.41666666666666663
0.41666666666666663
0.6470588235294117
0.3857142857142857
1.0
1.0
1.0
1.0
1.0
1.0
1.0
1.0
1.0
1.0
1.0
1.0
1.0
1.0
1.0
1.0
0.4181818181818182
0.4
1.0
0.9826086956521739
1.0
1.0
0.9649122807017544
1.0
1.0
1.0
1.0
1.0
0.6666666666666667
0.6696428571428572
1.0
1.0
1.0
1.0
1.0
1.0
0.5416666666666667
0.9210526315789473
0.926829268292683
1.0
1.0
0.6129032258064516
0.5862068965517242
0.6041666666666667
0.6041666666666667
0.9210526315789473
1.0
1.0
1.0
1.0
1.0
1.0
1.0
1.0
1.0
1.0
1.0
1.0
1.0
1.0
0.5952380952380952
0.5348837209302326
1.0
0.8
0.7021276595744681
0.5217391304347826
1.0
0.9611650485436893
0.9545454545454546
0.9375
0.625
0.5609756097560976
0.625
0.5609756097560976
1.0
0.6024096385542168
0.5638297872340425
1.0
0.9622641509433962
0.9523809523809523
0.9393939393939394
0.9375
0.9375
0.9375
0.9375
0.8
0.7021276595744681
0.6024096385542168
0.5531914893617021
0.4375
1.0
0.9347826086956522
0.9545454545454546
0.9375
0.9375
0.953125
0.953125
1.0
1.0
0.9333333333333333
1.0
0.875
0.9333333333333333
1.0
0.9375
1.0
0.9333333333333333
0.9375
0.6363636363636364
0.9545454545454546
0.8200000000000001
0.8539325842696629
0.8539325842696629
0.7659574468085106
0.9545454545454546
0.84
0.6923076923076923
0.625
0.5609756097560976
0.625
0.5609756097560976
0.8356164383561644
0.9152542372881356
0.8
0.7234042553191489
0.6495726495726496
0.6239316239316239
0.7540983606557377
1.0
1.0
0.9333333333333333
1.0
0.9411764705882353
1.0
1.0
1.0
1.0
1.0
1.0
1.0
0.9866666666666667
0.9345794392523364
0.9545454545454546
0.9375
0.9375
0.953125
0.9375
1.0
1.0
1.0
1.0
0.8181818181818181
1.0
1.0
0.9583333333333334
0.9583333333333334
1.0
1.0
1.0
1.0
1.0
1.0
0.9333333333333333
0.9333333333333333
0.4554455445544554
0.4554455445544554
1.0
1.0
1.0
0.9310344827586207
1.0
1.0
1.0
1.0
1.0
1.0
1.0
1.0
0.9722222222222222
0.9655172413793104
0.9714285714285714
1.0
1.0
1.0
1.0
1.0
1.0
1.0
1.0
1.0
1.0
1.0
1.0
1.0
1.0
1.0
1.0
1.0
1.0
0.9310344827586207
1.0
1.0
1.0
1.0
1.0
1.0
1.0
1.0
1.0
1.0
1.0
1.0
1.0
1.0
1.0
0.4137931034482759
0.29357798165137616
0.29357798165137616
0.29357798165137616
0.29357798165137616
1.0
1.0
1.0
0.5
0.5
0.5
0.8472222222222222
0.9310344827586207
0.8
0.7021276595744681
0.47887323943661975
0.5
0.5428571428571429
0.5161290322580645
0.3132530120481928
0.3132530120481928
0.8
0.7021276595744681
1.0
1.0
1.0
0.9333333333333333
1.0
0.9375
1.0
0.967741935483871
0.96875
0.9459459459459459
0.9230769230769231
0.9285714285714286
0.9285714285714286
0.9230769230769231
1.0
1.0
1.0
1.0
1.0
1.0
1.0
1.0
1.0
1.0
1.0
1.0
1.0
0.8285714285714285
0.90625
0.8181818181818181
0.896551724137931
0.8125
0.8
0.8
0.8055555555555556
0.9230769230769231
0.9545454545454546
0.9545454545454546
0.375
1.0
1.0
1.0
0.8571428571428572
0.696969696969697
0.6071428571428572
1.0
0.6666666666666667
1.0
1.0
1.0
0.8
0.8823529411764706
0.48571428571428577
0.625
0.7142857142857143
0.8260869565217391
0.6190476190476191
1.0
1.0
1.0
1.0
1.0
0.9322033898305084
1.0
1.0
1.0
1.0
1.0
1.0
1.0
1.0
1.0
1.0
1.0
1.0
1.0
1.0
1.0
1.0
1.0
1.0
1.0
1.0
1.0
0.7894736842105263
0.5630252100840336
0.5882352941176471
0.7857142857142857
0.9080459770114943
0.9759036144578314
0.9473684210526316
0.9342105263157895
0.963855421686747
0.9473684210526316
0.9342105263157895
0.7526881720430108
0.5714285714285714
0.5340909090909092
0.5340909090909092
0.8461538461538461
0.5148514851485149
0.8674698795180723
0.859375
0.8674698795180723
0.859375
0.8125
0.8125
0.3846153846153846
1.0
1.0
1.0
1.0
1.0
1.0
1.0
1.0
1.0
1.0
1.0
1.0
1.0
1.0
1.0
0.625
0.5609756097560976
1.0
1.0
1.0
1.0
1.0
1.0
0.6133333333333333
0.6867469879518072
1.0
1.0
1.0
1.0
1.0
1.0
1.0
1.0
1.0
1.0
1.0
1.0
1.0
1.0
1.0
1.0
1.0
1.0
1.0
1.0
1.0
1.0
1.0
1.0
1.0
1.0
1.0
1.0
1.0
1.0
1.0
1.0
1.0
1.0
1.0
0.990990990990991
1.0
0.4137931034482759
1.0
1.0
1.0
1.0
1.0
1.0
1.0
1.0
1.0
0.9743589743589743
0.9696969696969697
0.9393939393939394
1.0
1.0
0.9696969696969697
0.9696969696969697
0.8846153846153846
1.0
1.0
1.0
1.0
1.0
1.0
1.0
1.0
1.0
1.0
1.0
1.0
1.0
1.0
1.0
0.935483870967742
0.9491525423728814
1.0
1.0
1.0
1.0
0.98989898989899
0.98989898989899
0.98989898989899
0.9777777777777777
0.9545454545454546
0.9555555555555556
0.6818181818181819
1.0
1.0
1.0
1.0
1.0
0.9375
1.0
1.0
0.9375
1.0
1.0
1.0
0.7241379310344828
0.6842105263157895
0.6842105263157895
0.6842105263157895
0.6842105263157895
0.6842105263157895
0.6842105263157895
0.6842105263157895
0.6842105263157895
0.7441860465116279
0.8529411764705882
0.6375
0.625
0.6375
0.625
0.6375
0.625
0.6375
0.625
0.35
0.29824561403508776
0.29824561403508776
0.3783783783783784
0.30508474576271183
0.30508474576271183
0.375
0.3090909090909091
0.375
0.32608695652173914
0.33333333333333337
0.6923076923076923
0.6923076923076923
0.3589743589743589
0.6923076923076923
0.3783783783783784
1.0
1.0
1.0
1.0
0.9333333333333333
1.0
1.0
1.0
1.0
1.0
1.0
1.0
0.975609756097561
0.4301075268817204
0.8444444444444444
0.6363636363636364
0.6363636363636364
1.0
1.0
1.0
0.9583333333333334
1.0
1.0
1.0
1.0
1.0
1.0
1.0
1.0
1.0
1.0
1.0
0.95
1.0
0.7631578947368421
1.0
0.9381443298969072
0.9166666666666666
1.0
0.96
0.29333333333333333
0.9622641509433962
0.9591836734693877
0.9743589743589743
0.9772727272727273
0.9743589743589743
0.9622641509433962
0.9591836734693877
0.925
0.6923076923076923
0.8536585365853658
0.8888888888888888
0.8536585365853658
0.4899328859060402
0.4571428571428572
0.4
1.0
0.6521739130434783
0.9555555555555556
0.9636363636363636
1.0
1.0
1.0
1.0
1.0
1.0
1.0
1.0
1.0
0.326530612244898
0.3877551020408163
0.32098765432098764
0.296875
0.3737373737373737
0.40384615384615385
0.3942307692307693
0.4
0.4
0.43939393939393945
0.32098765432098764
0.296875
0.4477611940298507
0.31343283582089554
0.2875
0.2804878048780488
0.28
0.4222222222222223
1.0
1.0
1.0
0.47540983606557374
0.7024793388429752
0.7024793388429752
0.45945945945945943
0.5
0.9137931034482758
0.9137931034482758
0.75
0.9464285714285714
0.9464285714285714
0.9487179487179487
0.7575757575757576
1.0
1.0
0.5294117647058824
0.38235294117647056
0.3731343283582089
0.5294117647058824
0.9473684210526316
0.9473684210526316
0.9473684210526316
0.9487179487179487
1.0
0.4390243902439024
1.0
1.0
1.0
1.0
1.0
1.0
1.0
1.0
1.0
1.0
1.0
0.9705882352941176
0.9545454545454546
0.9705882352941176
0.9538461538461538
0.7291666666666667
0.847457627118644
0.8113207547169812
0.9649122807017544
0.875
0.9433962264150944
0.962962962962963
0.9375
1.0
0.9649122807017544
0.9649122807017544
0.941747572815534
1.0
1.0
1.0
1.0
0.9333333333333333
0.9333333333333333
0.9122807017543859
0.9333333333333333
0.8771929824561404
0.9333333333333333
0.5666666666666667
0.9333333333333333
0.9333333333333333
0.8947368421052632
0.9333333333333333
0.8771929824561404
0.9333333333333333
0.5666666666666667
0.9333333333333333
0.9122807017543859
0.9122807017543859
0.9122807017543859
0.9122807017543859
0.9122807017543859
0.9333333333333333
0.8709677419354839
0.7580645161290323
0.9032258064516129
0.8947368421052632
0.5145631067961165
0.5145631067961165
0.9122807017543859
0.9333333333333333
1.0
1.0
1.0
1.0
1.0
1.0
1.0
1.0
1.0
1.0
1.0
1.0
1.0
1.0
1.0
1.0
1.0
1.0
1.0
1.0
1.0
1.0
1.0
1.0
1.0
1.0
1.0
1.0
1.0
1.0
1.0
0.651685393258427
0.7105263157894737
1.0
0.9814814814814815
0.9814814814814815
0.6888888888888889
1.0
0.6888888888888889
0.9814814814814815
0.9814814814814815
0.9814814814814815
0.7261904761904762
0.6382978723404256
0.7105263157894737
1.0
0.9814814814814815
0.9814814814814815
0.6888888888888889
1.0
0.6888888888888889
0.9814814814814815
0.9814814814814815
0.9814814814814815
0.7375
0.4954128440366973
0.6206896551724138
0.6091954022988506
0.6091954022988506
0.47787610619469023
0.6206896551724138
0.6091954022988506
0.6091954022988506
0.6091954022988506
0.8703703703703703
0.6704545454545454
1.0
1.0
1.0
0.8928571428571429
0.7307692307692308
0.7023809523809523
0.5309734513274336
0.5309734513274336
0.5309734513274336
0.5309734513274336
0.5299145299145299
0.5309734513274336
0.5309734513274336
0.5535714285714286
0.5309734513274336
0.8275862068965517
0.7457627118644068
0.7261904761904762
1.0
1.0
0.8928571428571429
0.8909090909090909
0.8928571428571429
0.9122807017543859
0.7468354430379747
0.7307692307692308
0.9122807017543859
0.7349397590361446
0.7023809523809523
0.7894736842105263
0.8135593220338984
0.8
0.7894736842105263
0.5769230769230769
0.6285714285714286
0.6451612903225806
1.0
1.0
1.0
0.8928571428571429
0.7307692307692308
0.7023809523809523
0.5309734513274336
0.5309734513274336
0.5309734513274336
0.5309734513274336
0.5299145299145299
0.5309734513274336
0.5309734513274336
0.5535714285714286
0.5309734513274336
0.8275862068965517
0.7457627118644068
0.7625
1.0
0.8928571428571429
0.8909090909090909
0.9122807017543859
0.7468354430379747
0.9122807017543859
0.7349397590361446
0.8275862068965517
0.7457627118644068
0.8275862068965517
0.7457627118644068
0.8148148148148149
0.7962962962962963
0.8392857142857143
0.7627118644067796
0.8148148148148149
0.7962962962962963
0.6666666666666667
1.0
0.8148148148148149
0.8148148148148149
0.8392857142857143
0.8392857142857143
0.5046728971962617
0.8148148148148149
0.5047619047619047
0.8596491228070176
0.5327102803738317
0.8596491228070176
0.5089285714285714
0.8596491228070176
0.7857142857142857
0.7857142857142857
0.7857142857142857
0.7857142857142857
0.7073170731707317
0.6521739130434783
1.0
0.8148148148148149
0.8148148148148149
0.8392857142857143
0.8392857142857143
0.5046728971962617
0.8148148148148149
0.5047619047619047
0.8596491228070176
0.5327102803738317
0.8596491228070176
0.5089285714285714
0.8596491228070176
0.7857142857142857
0.7857142857142857
0.7857142857142857
0.7857142857142857
0.7564102564102564
0.6333333333333333
0.9298245614035088
0.6634615384615384
0.7962962962962963
0.6634615384615384
0.7962962962962963
0.6634615384615384
0.7962962962962963
0.6634615384615384
0.7777777777777778
0.8148148148148149
0.7777777777777778
0.8148148148148149
0.8333333333333334
0.8148148148148149
0.8035714285714286
0.5288461538461539
0.6590909090909092
1.0
0.8245614035087719
0.8245614035087719
0.8245614035087719
0.8245614035087719
0.8148148148148149
0.8148148148148149
0.8392857142857143
0.8392857142857143
0.8148148148148149
0.8148148148148149
0.8392857142857143
0.8392857142857143
0.5046728971962617
0.8148148148148149
0.5047619047619047
0.8596491228070176
0.7349397590361446
0.6559139784946236
1.0
0.8245614035087719
0.8245614035087719
0.8245614035087719
0.8245614035087719
0.8148148148148149
0.8148148148148149
0.8392857142857143
0.8392857142857143
0.8148148148148149
0.8148148148148149
0.8392857142857143
0.8392857142857143
0.5046728971962617
0.8148148148148149
0.5047619047619047
0.8596491228070176
0.759493670886076
0.6333333333333333
0.6333333333333333
0.9298245614035088
0.8928571428571429
0.8928571428571429
0.8928571428571429
0.8928571428571429
0.5225225225225225
0.5128205128205128
0.7777777777777778
0.8148148148148149
0.7777777777777778
0.8148148148148149
0.8333333333333334
0.8148148148148149
0.7931034482758621
0.7962962962962963
0.7564102564102564
1.0
1.0
1.0
1.0
1.0
1.0
1.0
1.0
1.0
1.0
1.0
1.0
0.8723404255319149
0.88
0.8285714285714285
1.0
1.0
1.0
1.0
1.0
1.0
1.0
1.0
1.0
1.0
1.0
1.0
0.8
0.7021276595744681
0.725
0.6590909090909092
0.9642857142857143
0.9464285714285714
0.7011494252873562
0.7011494252873562
0.7317073170731707
0.8245614035087719
0.5514018691588785
1.0
0.72
0.7105263157894737
0.9814814814814815
0.9814814814814815
0.9152542372881356
0.6442307692307692
0.8983050847457628
0.6442307692307692
0.8983050847457628
0.7108433734939759
0.6344086021505376
0.9642857142857143
0.9464285714285714
0.7011494252873562
0.7011494252873562
0.7317073170731707
0.8245614035087719
0.5514018691588785
1.0
0.72
0.7105263157894737
0.9814814814814815
0.9814814814814815
0.9152542372881356
0.6442307692307692
0.8983050847457628
0.6442307692307692
0.8983050847457628
0.7215189873417722
1.0
0.9814814814814815
0.6818181818181819
0.6818181818181819
0.7228915662650602
0.5192307692307692
0.5238095238095238
0.6
0.5684210526315789
0.4821428571428571
0.4655172413793104
0.5888888888888889
0.5578947368421052
0.5888888888888889
0.5578947368421052
0.6
0.4655172413793104
0.725
0.7375
0.6886792452830188
0.8947368421052632
0.44999999999999996
0.37037037037037035
0.40993788819875776
0.40993788819875776
0.55
0.8584070796460177
1.0
1.0
0.8200000000000001
0.7142857142857143
1.0
1.0
0.631578947368421
0.7536231884057971
0.8627450980392157
0.8627450980392157
1.0
1.0
1.0
1.0
1.0
0.654320987654321
0.654320987654321
0.6212121212121212
0.6880733944954128
0.6880733944954128
1.0
1.0
1.0
0.8048780487804879
1.0
1.0
1.0
0.896551724137931
0.6808510638297872
0.6808510638297872
0.6808510638297872
0.7307692307692308
0.6808510638297872
0.6808510638297872
0.4716981132075472
0.5
0.6842105263157895
0.9298245614035088
0.90625
0.6097560975609756
0.4516129032258065
0.37037037037037035
0.6373626373626373
0.39655172413793105
0.5625
0.4137931034482759
0.39655172413793105
0.39655172413793105
0.5625
0.8148148148148149
0.7777777777777778
0.9090909090909091
0.9166666666666666
0.875
0.875
1.0
0.5
0.9298245614035088
1.0
0.9375
0.9375
0.9333333333333333
0.9714285714285714
1.0
1.0
1.0
1.0
0.7835051546391752
0.7835051546391752
1.0
0.9285714285714286
0.9285714285714286
0.423728813559322
1.0
1.0
1.0
1.0
1.0
1.0
0.9310344827586207
0.9310344827586207
0.896551724137931
0.9137931034482758
0.9019607843137255
0.5098039215686274
0.6739130434782609
0.6363636363636364
0.30000000000000004
0.32499999999999996
0.5454545454545454
0.30434782608695654
1.0
0.9111111111111111
0.6363636363636364
0.4411764705882353
1.0
1.0
1.0
1.0
1.0
1.0
1.0
1.0
1.0
1.0
1.0
1.0
0.8452380952380952
0.42307692307692313
0.6153846153846154
0.5454545454545454
0.3589743589743589
0.33333333333333337
1.0
0.6395348837209303
0.7073170731707317
0.7073170731707317
0.33333333333333337
0.38888888888888884
1.0
1.0
1.0
1.0
1.0
1.0
1.0
1.0
1.0
1.0
1.0
1.0
0.3137254901960784
0.5333333333333333
0.31818181818181823
0.3035714285714286
0.34042553191489366
0.3114754098360656
0.3717948717948718
0.3717948717948718
0.3829787234042553
0.3829787234042553
1.0
1.0
0.9523809523809523
1.0
1.0
1.0
1.0
1.0
1.0
0.9743589743589743
0.9411764705882353
0.9375
0.9333333333333333
0.9333333333333333
1.0
0.9333333333333333
0.9333333333333333
0.9333333333333333
1.0
1.0
1.0
1.0
1.0
1.0
1.0
1.0
1.0
1.0
1.0
1.0
1.0
1.0
1.0
1.0
1.0
1.0
0.8472222222222222
0.9310344827586207
0.5714285714285714
1.0
0.6190476190476191
0.56
0.6875
1.0
1.0
1.0
1.0
1.0
1.0
1.0
1.0
1.0
1.0
1.0
0.9871794871794872
1.0
1.0
0.5714285714285714
1.0
0.6190476190476191
0.6363636363636364
0.6875
0.9459459459459459
0.9375
1.0
0.9459459459459459
0.935483870967742
0.9375
0.5308641975308642
0.8431372549019608
0.7
0.9714285714285714
0.576271186440678
0.5714285714285714
1.0
0.6666666666666667
0.56
0.6875
1.0
1.0
1.0
1.0
1.0
1.0
1.0
1.0
1.0
1.0
1.0
1.0
1.0
1.0
0.8297872340425532
0.46590909090909094
0.46590909090909094
1.0
1.0
1.0
1.0
0.9649122807017544
0.9649122807017544
0.8571428571428572
0.8571428571428572
0.8484848484848485
0.7619047619047619
0.8484848484848485
1.0
0.8924731182795699
0.8924731182795699
0.8924731182795699
0.9148936170212766
0.9148936170212766
0.9333333333333333
0.9333333333333333
0.9333333333333333
0.9148936170212766
0.9148936170212766
0.8058252427184466
0.8058252427184466
0.8058252427184466
0.9148936170212766
0.9148936170212766
0.8924731182795699
0.8924731182795699
0.8924731182795699
0.9148936170212766
0.9148936170212766
0.9247311827956989
0.9247311827956989
0.9247311827956989
0.9574468085106383
0.9574468085106383
0.9666666666666667
0.9666666666666667
0.9666666666666667
0.9574468085106383
0.9574468085106383
0.8924731182795699
0.8924731182795699
0.8924731182795699
0.9148936170212766
0.9148936170212766
0.8924731182795699
0.8924731182795699
0.8924731182795699
0.9148936170212766
0.9148936170212766
0.8461538461538461
0.8431372549019608
0.9333333333333333
0.3648648648648649
0.8888888888888888
0.85
0.8823529411764706
0.9230769230769231
1.0
1.0
1.0
1.0
0.6
1.0
0.9433962264150944
1.0
1.0
1.0
1.0
1.0
1.0
1.0
1.0
1.0
1.0
1.0
1.0
1.0
1.0
1.0
1.0
1.0
1.0
1.0
1.0
1.0
1.0
1.0
1.0
0.4528301886792453
1.0
1.0
0.9333333333333333
0.9333333333333333
0.9333333333333333
0.9333333333333333
0.9333333333333333
0.9333333333333333
0.9333333333333333
0.9333333333333333
0.8529411764705882
0.8529411764705882
0.9333333333333333
0.9333333333333333
0.9333333333333333
0.64
0.8709677419354839
0.8709677419354839
0.7567567567567568
0.7567567567567568
0.8709677419354839
0.9333333333333333
0.7567567567567568
0.7567567567567568
0.8709677419354839
0.8709677419354839
0.9032258064516129
0.9333333333333333
0.9032258064516129
0.9333333333333333
0.9333333333333333
0.9333333333333333
0.9
0.9
0.9
0.9333333333333333
0.9
0.9333333333333333
0.9333333333333333
0.9333333333333333
0.9333333333333333
0.9310344827586207
0.9
0.9333333333333333
0.9333333333333333
0.9333333333333333
0.9333333333333333
0.9333333333333333
0.9333333333333333
0.9333333333333333
0.9333333333333333
0.9333333333333333
0.9333333333333333
0.9333333333333333
0.9333333333333333
0.9333333333333333
0.9032258064516129
0.9032258064516129
0.9
0.9
0.9333333333333333
0.9032258064516129
0.9
0.9333333333333333
0.9
0.9333333333333333
0.9032258064516129
0.9
0.9333333333333333
0.9032258064516129
0.9
0.9333333333333333
0.9333333333333333
0.9333333333333333
0.9333333333333333
0.9333333333333333
0.9333333333333333
0.9333333333333333
0.9333333333333333
0.9333333333333333
0.9333333333333333
0.9333333333333333
0.9333333333333333
0.9333333333333333
0.9333333333333333
0.9333333333333333
0.9032258064516129
0.9
0.7837837837837838
0.7567567567567568
0.9032258064516129
0.9
0.7837837837837838
0.7567567567567568
0.9333333333333333
0.9333333333333333
0.9333333333333333
0.9333333333333333
0.9
0.9
0.8529411764705882
0.9032258064516129
0.9
0.8529411764705882
0.9032258064516129
0.9
0.8970588235294118
0.9
0.9333333333333333
0.9333333333333333
0.9333333333333333
0.9333333333333333
0.9333333333333333
0.9333333333333333
0.7432432432432432
0.6666666666666667
0.7419354838709677
0.9333333333333333
0.8461538461538461
0.9333333333333333
0.6451612903225806
0.9333333333333333
0.9333333333333333
0.5238095238095238
0.48514851485148514
0.48514851485148514
0.9032258064516129
0.9
0.7837837837837838
0.7702702702702703
0.9
0.9
0.7837837837837838
0.7702702702702703
0.9310344827586207
0.9333333333333333
0.9333333333333333
0.9333333333333333
0.7432432432432432
0.6666666666666667
0.9333333333333333
0.9333333333333333
0.9333333333333333
0.9333333333333333
0.9032258064516129
0.9
0.9
0.9
0.8382352941176471
0.9032258064516129
0.9
0.9
0.8382352941176471
0.9032258064516129
0.9
0.8823529411764706
0.9333333333333333
0.639344262295082
0.7903225806451613
0.9032258064516129
0.9
0.7567567567567568
0.7567567567567568
0.9
0.9
0.7567567567567568
0.7567567567567568
0.9
0.9
0.7567567567567568
0.9333333333333333
0.9
0.9032258064516129
0.9
0.9032258064516129
0.639344262295082
0.7936507936507937
0.8970588235294118
0.9310344827586207
0.9
0.9333333333333333
0.6470588235294117
0.7936507936507937
0.8529411764705882
1.0
1.0
1.0
1.0
1.0
1.0
1.0
1.0
1.0
1.0
1.0
1.0
1.0
1.0
1.0
1.0
1.0
1.0
0.9333333333333333
0.9
0.9032258064516129
0.6799999999999999
0.9
0.9032258064516129
0.639344262295082
0.7936507936507937
0.8823529411764706
0.9310344827586207
0.9
0.9333333333333333
0.6470588235294117
0.7936507936507937
0.9333333333333333
0.9
0.9032258064516129
0.4636363636363636
0.9
0.9032258064516129
0.6470588235294117
0.7936507936507937
0.8823529411764706
0.9310344827586207
0.9
0.9333333333333333
0.6470588235294117
0.7936507936507937
1.0
1.0
1.0
1.0
1.0
1.0
1.0
1.0
1.0
1.0
1.0
1.0
0.9032258064516129
0.9333333333333333
0.9333333333333333
0.7540983606557377
0.9032258064516129
0.9333333333333333
0.9333333333333333
0.7540983606557377
0.9333333333333333
0.8666666666666667
0.9
0.9
0.8709677419354839
0.9333333333333333
0.9032258064516129
0.9
0.9
0.9
0.9333333333333333
0.7540983606557377
0.8461538461538461
0.9032258064516129
0.9
1.0
1.0
1.0
1.0
1.0
1.0
1.0
1.0
1.0
1.0
1.0
1.0
1.0
1.0
1.0
1.0
0.9333333333333333
0.9333333333333333
0.9333333333333333
0.9333333333333333
0.9333333333333333
0.7972972972972973
0.7702702702702703
0.9333333333333333
0.9333333333333333
0.9333333333333333
0.9333333333333333
0.9333333333333333
0.9333333333333333
1.0
1.0
1.0
1.0
1.0
1.0
1.0
1.0
1.0
1.0
1.0
1.0
0.9333333333333333
0.9333333333333333
0.9
0.9
0.9333333333333333
0.7377049180327868
0.8709677419354839
0.7540983606557377
0.7540983606557377
0.7377049180327868
0.9333333333333333
0.8947368421052632
0.9
0.9333333333333333
0.8947368421052632
0.9
0.9333333333333333
0.9333333333333333
0.9333333333333333
0.8461538461538461
0.711864406779661
0.9333333333333333
0.9032258064516129
0.9333333333333333
0.9032258064516129
0.9333333333333333
0.8382352941176471
0.9
0.8235294117647058
0.9333333333333333
0.9333333333333333
0.9333333333333333
0.9333333333333333
0.9032258064516129
1.0
1.0
1.0
1.0
1.0
1.0
1.0
1.0
1.0
1.0
1.0
0.9333333333333333
0.9333333333333333
0.9032258064516129
0.9
0.8307692307692307
0.6825396825396826
0.9032258064516129
0.9
0.8307692307692307
0.6825396825396826
0.7837837837837838
0.7567567567567568
0.9032258064516129
0.9032258064516129
0.9333333333333333
0.9032258064516129
0.9333333333333333
0.9032258064516129
0.9
0.8307692307692307
0.6825396825396826
0.9032258064516129
0.9
0.8307692307692307
0.6825396825396826
0.7837837837837838
0.7567567567567568
0.9333333333333333
0.9333333333333333
0.9333333333333333
0.9333333333333333
0.9333333333333333
0.9333333333333333
0.7941176470588236
0.9333333333333333
0.7702702702702703
0.7837837837837838
0.9333333333333333
0.7702702702702703
0.7837837837837838
0.9333333333333333
0.7941176470588236
0.9333333333333333
0.9333333333333333
0.9333333333333333
0.9333333333333333
0.9333333333333333
0.9333333333333333
0.9333333333333333
0.49090909090909096
0.9333333333333333
0.7702702702702703
0.7837837837837838
0.9333333333333333
0.7702702702702703
0.7837837837837838
0.9333333333333333
0.49090909090909096
0.9333333333333333
1.0
1.0
1.0
1.0
1.0
1.0
1.0
1.0
1.0
1.0
1.0
1.0
1.0
1.0
1.0
1.0
1.0
1.0
1.0
1.0
1.0
0.4727272727272728
0.2533333333333333
1.0
1.0
1.0
0.962962962962963
1.0
1.0
1.0
1.0
1.0
1.0
0.9240506329113924
1.0
1.0
1.0
1.0
1.0
1.0
1.0
1.0
1.0
0.5698924731182795
0.7558139534883721
1.0
1.0
0.9285714285714286
0.9333333333333333
0.9375
1.0
1.0
1.0
1.0
1.0
1.0
1.0
1.0
1.0
0.625
0.9259259259259259
0.7558139534883721
0.29230769230769227
0.27586206896551724
1.0
1.0
1.0
1.0
1.0
1.0
0.6382978723404256
0.6444444444444444
0.825
0.6382978723404256
0.7972972972972973
0.8636363636363636
0.8125
0.8108108108108107
0.4367816091954023
0.42666666666666664
0.5882352941176471
0.6382978723404256
0.84375
0.875
1.0
0.84375
0.875
1.0
1.0
0.9375
1.0
0.9375
0.9375
0.9333333333333333
0.875
0.9189189189189189
0.875
0.90625
0.6923076923076923
0.9818181818181818
0.6923076923076923
1.0
1.0
1.0
1.0
1.0
1.0
0.9333333333333333
0.9166666666666666
0.9
1.0
1.0
1.0
1.0
1.0
1.0
1.0
1.0
1.0
1.0
1.0
1.0
1.0
0.9411764705882353
1.0
1.0
1.0
1.0
1.0
1.0
1.0
1.0
1.0
1.0
0.6024096385542168
0.5531914893617021
1.0
1.0
0.6097560975609756
0.5638297872340425
0.6024096385542168
0.5411764705882354
1.0
1.0
1.0
0.9611650485436893
0.9545454545454546
0.9375
1.0
0.9611650485436893
0.3731343283582089
1.0
1.0
1.0
1.0
1.0
1.0
1.0
1.0
1.0
1.0
1.0
1.0
1.0
1.0
0.9895833333333334
0.9895833333333334
0.9848484848484849
0.9117647058823529
0.9696969696969697
0.95
0.9545454545454546
0.9529411764705882
0.9529411764705882
0.9846153846153847
0.9512195121951219
0.9746835443037974
0.9411764705882353
0.523076923076923
0.5303030303030303
0.9411764705882353
0.9454545454545454
0.9454545454545454
0.9454545454545454
0.9454545454545454
0.9464285714285714
0.9464285714285714
0.9464285714285714
0.9464285714285714
0.9464285714285714
0.9464285714285714
1.0
1.0
1.0
1.0
1.0
1.0
1.0
0.9523809523809523
1.0
0.9375
0.9333333333333333
1.0
0.8823529411764706
0.8823529411764706
0.8823529411764706
0.9411764705882353
0.9393939393939394
0.9545454545454546
0.9365079365079365
0.9523809523809523
0.9365079365079365
0.9365079365079365
0.9365079365079365
0.921875
0.921875
0.921875
0.4878048780487805
0.6052631578947368
1.0
1.0
0.9333333333333333
1.0
0.9375
0.9333333333333333
0.9375
1.0
0.9411764705882353
0.9375
0.9375
0.5979381443298969
0.5555555555555556
0.6097560975609756
0.574468085106383
0.7674418604651163
0.7289719626168225
0.5681818181818181
0.8472222222222222
0.9310344827586207
0.8
0.6808510638297872
0.8
0.7021276595744681
1.0
0.935483870967742
0.935483870967742
1.0
0.9649122807017544
0.5
0.5121951219512195
0.46808510638297873
0.9649122807017544
0.33999999999999997
0.36111111111111116
0.9649122807017544
1.0
1.0
1.0
1.0
1.0
1.0
1.0
1.0
1.0
1.0
1.0
0.9333333333333333
0.9375
0.9285714285714286
0.8148148148148149
0.7755102040816326
0.7755102040816326
0.5357142857142857
1.0
0.8888888888888888
0.7142857142857143
0.8947368421052632
0.9365079365079365
0.9365079365079365
0.9512195121951219
1.0
1.0
1.0
1.0
0.5932203389830508
1.0
1.0
1.0
1.0
1.0
1.0
1.0
1.0
1.0
1.0
1.0
1.0
1.0
1.0
0.6097560975609756
0.5638297872340425
0.9285714285714286
0.9365079365079365
0.9272727272727272
0.6533333333333333
0.5806451612903225
0.41346153846153844
1.0
1.0
1.0
1.0
1.0
1.0
0.5882352941176471
0.5857142857142856
0.9375
1.0
1.0
0.9333333333333333
1.0
1.0
0.8923076923076922
0.9464285714285714
0.9666666666666667
0.48888888888888893
1.0
1.0
1.0
0.875
0.75
0.9375
0.9375
0.4649122807017544
0.6666666666666667
0.6363636363636364
0.5454545454545454
0.8636363636363636
0.8636363636363636
0.7619047619047619
1.0
1.0
1.0
1.0
1.0
1.0
1.0
1.0
1.0
1.0
1.0
1.0
1.0
1.0
1.0
1.0
0.7230769230769231
1.0
1.0
1.0
1.0
1.0
1.0
1.0
1.0
1.0
1.0
1.0
1.0
1.0
0.9803921568627451
0.9818181818181818
0.98
0.9830508474576272
0.984375
1.0
1.0
1.0
1.0
1.0
1.0
1.0
1.0
0.9
1.0
0.9696969696969697
1.0
1.0
1.0
0.7419354838709677
0.9487179487179487
1.0
1.0
1.0
1.0
0.7323943661971831
1.0
1.0
1.0
1.0
1.0
1.0
1.0
1.0
1.0
1.0
1.0
1.0
1.0
1.0
1.0
1.0
1.0
1.0
1.0
1.0
1.0
1.0
1.0
1.0
1.0
1.0
1.0
1.0
1.0
1.0
1.0
1.0
1.0
1.0
1.0
1.0
1.0
1.0
1.0
1.0
1.0
1.0
1.0
1.0
0.7837837837837838
0.6236559139784946
0.6043956043956045
0.6704545454545454
0.9642857142857143
0.5217391304347826
0.9464285714285714
0.9298245614035088
0.6627906976744187
0.7962962962962963
0.7962962962962963
0.6627906976744187
0.5517241379310345
0.8148148148148149
0.8148148148148149
0.7962962962962963
0.7962962962962963
0.7962962962962963
0.6428571428571428
0.9047619047619048
0.8360655737704918
1.0
0.6923076923076923
1.0
0.33333333333333337
0.4642857142857143
0.33333333333333337
0.42307692307692313
1.0
1.0
1.0
1.0
1.0
1.0
1.0
1.0
1.0
1.0
1.0
1.0
1.0
1.0
1.0
1.0
1.0
1.0
1.0
1.0
1.0
1.0
1.0
1.0
1.0
1.0
1.0
1.0
1.0
1.0
1.0
0.9895833333333334
1.0
1.0
0.9333333333333333
0.9722222222222222
0.9130434782608696
0.9
0.9767441860465116
0.8918918918918919
1.0
1.0
1.0
1.0
1.0
1.0
1.0
1.0
1.0
1.0
1.0
1.0
1.0
1.0
1.0
1.0
1.0
1.0
1.0
1.0
1.0
1.0
0.42307692307692313
0.42307692307692313
0.85
0.9142857142857143
0.9142857142857143
0.9090909090909091
1.0
0.32352941176470584
0.9545454545454546
0.9375
0.9692307692307692
0.9375
0.9545454545454546
0.927710843373494
0.6951219512195121
1.0
1.0
1.0
1.0
1.0
1.0
1.0
1.0
1.0
1.0
1.0
1.0
1.0
1.0
1.0
1.0
1.0
1.0
1.0
1.0
1.0
1.0
1.0
1.0
1.0
1.0
1.0
0.9333333333333333
0.875
0.875
1.0
1.0
1.0
1.0
1.0
1.0
1.0
1.0
1.0
1.0
1.0
0.6071428571428572
0.6071428571428572
0.5545454545454546
0.6428571428571428
1.0
0.9838709677419355
1.0
1.0
1.0
0.5
1.0
1.0
0.5945945945945945
0.9705882352941176
0.6326530612244898
0.6326530612244898
0.5227272727272727
1.0
1.0
1.0
1.0
1.0
1.0
1.0
1.0
1.0
1.0
1.0
1.0
1.0
1.0
1.0
1.0
1.0
1.0
0.9423076923076923
0.9038461538461539
1.0
1.0
1.0
1.0
1.0
1.0
1.0
1.0
1.0
0.8444444444444444
0.37209302325581395
0.29230769230769227
0.5
1.0
1.0
1.0
1.0
0.95
1.0
1.0
0.423728813559322
0.423728813559322
0.5625
0.5294117647058824
0.4772727272727273
0.42553191489361697
0.4126984126984127
0.4054054054054054
0.6153846153846154
1.0
1.0
1.0
0.5227272727272727
0.5227272727272727
0.8333333333333334
0.9
0.5454545454545454
0.5454545454545454
0.8461538461538461
1.0
1.0
1.0
1.0
1.0
1.0
1.0
1.0
1.0
0.29824561403508776
0.29824561403508776
1.0
1.0
1.0
1.0
1.0
1.0
1.0
1.0
1.0
1.0
1.0
1.0
1.0
1.0
1.0
1.0
1.0
1.0
1.0
1.0
1.0
1.0
1.0
0.8108108108108107
0.8181818181818181
0.625
0.36363636363636365
0.42307692307692313
0.42307692307692313
1.0
1.0
1.0
1.0
1.0
1.0
1.0
1.0
1.0
1.0
1.0
1.0
1.0
1.0
1.0
1.0
1.0
1.0
1.0
1.0
1.0
1.0
1.0
1.0
1.0
1.0
1.0
1.0
1.0
1.0
1.0
1.0
1.0
1.0
1.0
1.0
1.0
1.0
1.0
0.6568627450980392
0.4
0.8356164383561644
0.9152542372881356
0.8356164383561644
0.9152542372881356
0.4126984126984127
0.4126984126984127
0.6024096385542168
0.5454545454545454
0.40625
0.3846153846153846
0.3846153846153846
0.6024096385542168
0.5411764705882354
0.3846153846153846
1.0
1.0
0.62
1.0
0.8
0.7021276595744681
0.9393939393939394
0.9365079365079365
0.9365079365079365
0.9375
1.0
0.7903225806451613
0.7272727272727273
1.0
1.0
1.0
1.0
1.0
1.0
1.0
1.0
1.0
0.9333333333333333
0.967741935483871
0.9166666666666666
0.9
0.9
1.0
1.0
1.0
1.0
1.0
1.0
1.0
1.0
1.0
1.0
1.0
1.0
1.0
1.0
1.0
1.0
1.0
1.0
1.0
1.0
0.9333333333333333
1.0
1.0
1.0
0.5471698113207547
0.6181818181818182
0.4576271186440678
1.0
1.0
1.0
0.9333333333333333
1.0
0.9333333333333333
0.9333333333333333
0.42105263157894735
0.3414634146341463
1.0
1.0
1.0
1.0
1.0
1.0
0.5833333333333333
0.48888888888888893
0.6
0.8974358974358975
0.6744186046511628
0.6904761904761905
0.8974358974358975
0.6744186046511628
0.84375
0.84375
0.8709677419354839
0.7142857142857143
0.85
0.8823529411764706
0.4727272727272728
0.4727272727272728
0.4727272727272728
0.4727272727272728
0.5394736842105263
0.6037735849056604
0.875
1.0
1.0
0.9375
0.8947368421052632
0.8823529411764706
0.7272727272727273
0.6666666666666667
0.6666666666666667
0.6666666666666667
1.0
1.0
1.0
1.0
1.0
1.0
1.0
1.0
1.0
1.0
1.0
1.0
1.0
1.0
1.0
1.0
1.0
0.41538461538461535
0.41538461538461535
0.652542372881356
0.75
0.5
1.0
0.9333333333333333
1.0
1.0
1.0
1.0
1.0
0.9425287356321839
1.0
1.0
1.0
1.0
1.0
1.0
1.0
0.5471698113207547
0.276595744680851
0.276595744680851
0.276595744680851
0.28358208955223885
1.0
1.0
1.0
1.0
1.0
1.0
1.0
1.0
1.0
1.0
1.0
1.0
1.0
1.0
1.0
1.0
0.8833333333333333
1.0
1.0
0.9189189189189189
0.7608695652173914
0.36250000000000004
0.36250000000000004
0.4415584415584416
0.6071428571428572
1.0
1.0
1.0
1.0
1.0
1.0
0.9642857142857143
0.9152542372881356
1.0
1.0
1.0
1.0
1.0
1.0
1.0
1.0
1.0
1.0
1.0
1.0
1.0
1.0
1.0
1.0
1.0
0.6739130434782609
0.3829787234042553
0.4222222222222223
0.3504273504273504
1.0
1.0
1.0
1.0
1.0
1.0
1.0
1.0
1.0
1.0
1.0
1.0
1.0
1.0
1.0
1.0
1.0
1.0
1.0
1.0
1.0
1.0
1.0
1.0
1.0
1.0
1.0
1.0
1.0
1.0
0.9333333333333333
0.9032258064516129
0.9
0.9
0.7419354838709677
0.8484848484848485
1.0
0.9032258064516129
0.9
0.9
0.7419354838709677
0.8484848484848485
1.0
0.9333333333333333
1.0
1.0
1.0
1.0
1.0
1.0
1.0
1.0
1.0
1.0
1.0
1.0
1.0
1.0
1.0
1.0
1.0
1.0
1.0
1.0
1.0
1.0
1.0
1.0
1.0
0.7692307692307692
0.7521367521367521
0.6
0.631578947368421
0.42105263157894735
0.3709677419354839
0.3548387096774194
0.42105263157894735
0.4054054054054054
0.3555555555555555
0.36363636363636365
0.4117647058823529
0.8
1.0
1.0
1.0
1.0
1.0
1.0
1.0
1.0
1.0
1.0
1.0
1.0
1.0
1.0
1.0
1.0
1.0
1.0
1.0
1.0
1.0
1.0
1.0
1.0
1.0
1.0
1.0
1.0
1.0
1.0
1.0
1.0
1.0
1.0
1.0
1.0
1.0
1.0
1.0
0.9333333333333333
1.0
0.9333333333333333
1.0
0.9333333333333333
0.9333333333333333
1.0
0.339622641509434
1.0
1.0
1.0
1.0
1.0
0.9705882352941176
0.9714285714285714
0.9696969696969697
0.9666666666666667
1.0
1.0
1.0
1.0
1.0
1.0
1.0
1.0
1.0
1.0
1.0
1.0
1.0
1.0
1.0
1.0
1.0
1.0
1.0
1.0
1.0
1.0
1.0
0.9333333333333333
1.0
1.0
0.9866666666666667
0.9807692307692307
0.65
0.875
1.0
1.0
1.0
1.0
1.0
1.0
1.0
1.0
1.0
1.0
1.0
1.0
1.0
1.0
0.935483870967742
1.0
1.0
1.0
1.0
1.0
1.0
1.0
1.0
1.0
0.9333333333333333
0.9333333333333333
0.9333333333333333
0.9375
0.9411764705882353
0.9375
0.9375
0.9375
0.9375
1.0
1.0
0.9428571428571428
1.0
1.0
0.759493670886076
1.0
1.0
1.0
1.0
1.0
0.41666666666666663
0.4666666666666667
0.962962962962963
1.0
0.962962962962963
1.0
1.0
1.0
0.8666666666666667
0.9333333333333333
0.9130434782608696
0.9375
1.0
0.8823529411764706
1.0
0.9375
0.9333333333333333
0.9333333333333333
1.0
1.0
1.0
1.0
1.0
1.0
1.0
1.0
1.0
1.0
1.0
1.0
1.0
1.0
1.0
1.0
1.0
1.0
1.0
1.0
1.0
1.0
1.0
0.9642857142857143
0.9642857142857143
0.9642857142857143
0.9482758620689655
0.9545454545454546
0.953125
0.9565217391304348
0.948051948051948
0.953125
0.953125
0.9375
1.0
1.0
1.0
1.0
1.0
1.0
1.0
1.0
1.0
0.6956521739130435
1.0
0.4444444444444444
0.6111111111111112
0.4117647058823529
0.6206896551724138
0.5555555555555556
1.0
1.0
0.9047619047619048
1.0
0.8245614035087719
1.0
1.0
0.935483870967742
0.8
0.4356435643564357
0.4356435643564357
1.0
1.0
0.59375
0.9375
0.9333333333333333
0.9333333333333333
1.0
1.0
0.8709677419354839
1.0
1.0
1.0
0.5294117647058824
1.0
1.0
1.0
1.0
1.0
0.29850746268656714
1.0
1.0
1.0
1.0
1.0
1.0
1.0
1.0
1.0
1.0
1.0
1.0
1.0
1.0
0.5930232558139534
0.4722222222222222
0.6896551724137931
1.0
1.0
0.9619047619047619
1.0
0.9010989010989011
1.0
1.0
0.9090909090909091
0.7105263157894737
0.9772727272727273
0.9333333333333333
0.9333333333333333
1.0
0.875
0.9333333333333333
1.0
0.9333333333333333
0.9333333333333333
0.9333333333333333
0.9333333333333333
1.0
1.0
1.0
1.0
1.0
1.0
1.0
1.0
1.0
1.0
1.0
0.9230769230769231
0.9375
1.0
1.0
1.0
1.0
1.0
1.0
1.0
1.0
0.9615384615384616
0.9814814814814815
0.9814814814814815
1.0
1.0
1.0
1.0
1.0
1.0
1.0
1.0
1.0
1.0
0.84375
0.7346938775510203
0.7435897435897436
0.8484848484848485
0.5918367346938775
0.8
0.4285714285714286
0.4464285714285714
0.5
0.6774193548387097
1.0
0.30927835051546393
0.30927835051546393
0.9523809523809523
0.9523809523809523
0.9523809523809523
0.9523809523809523
0.9523809523809523
1.0
0.7
0.625
0.7916666666666666
0.7
0.625
0.7916666666666666
1.0
1.0
0.9333333333333333
0.9333333333333333
0.9375
0.8823529411764706
0.9375
0.6666666666666667
1.0
1.0
0.975
0.921875
1.0
0.9206349206349207
1.0
0.9206349206349207
1.0
0.9206349206349207
1.0
1.0
1.0
1.0
1.0
1.0
0.40625
0.875
0.875
0.9
0.9
0.8333333333333334
0.8333333333333334
0.8333333333333334
0.8333333333333334
0.4537037037037037
0.8125
0.8125
0.8125
0.8125
0.7142857142857143
0.48913043478260865
0.4444444444444444
0.4444444444444444
0.5454545454545454
0.4878048780487805
0.625
0.4545454545454546
0.6097560975609756
0.5638297872340425
0.6024096385542168
0.5411764705882354
0.8103448275862069
0.65625
0.8153846153846154
0.4871794871794872
0.3666666666666667
0.975609756097561
1.0
1.0
1.0
1.0
1.0
1.0
1.0
0.975609756097561
0.7294117647058824
0.6421052631578947
1.0
0.4137931034482759
0.41333333333333333
1.0
0.9333333333333333
1.0
0.9375
0.9333333333333333
0.9333333333333333
1.0
1.0
1.0
1.0
1.0
1.0
1.0
0.9714285714285714
0.868421052631579
0.8809523809523809
1.0
1.0
1.0
1.0
1.0
1.0
1.0
1.0
1.0
0.9902912621359223
1.0
1.0
0.5606060606060606
0.6428571428571428
1.0
1.0
1.0
1.0
1.0
1.0
1.0
1.0
1.0
0.926829268292683
0.6111111111111112
1.0
1.0
1.0
1.0
1.0
1.0
1.0
1.0
1.0
1.0
1.0
1.0
1.0
1.0
1.0
1.0
1.0
1.0
1.0
1.0
0.8181818181818181
1.0
1.0
1.0
1.0
1.0
1.0
1.0
0.7924528301886793
1.0
1.0
1.0
1.0
1.0
0.6025641025641026
1.0
0.9611650485436893
0.9550561797752809
0.9545454545454546
0.9375
1.0
0.9777777777777777
0.9619047619047619
1.0
1.0
0.6836734693877551
0.9298245614035088
0.9298245614035088
0.935483870967742
0.935483870967742
0.9298245614035088
0.9298245614035088
0.9344262295081968
0.9344262295081968
0.9310344827586207
0.9310344827586207
0.935483870967742
0.935483870967742
1.0
0.6153846153846154
1.0
1.0
1.0
1.0
1.0
0.28358208955223885
