1.0
0.4347826086956522
0.9736842105263158
0.7142857142857143
0.9736842105263158
0.7317073170731707
0.9722222222222222
1.0
0.9459459459459459
1.0
1.0
1.0
1.0
1.0
0.9411764705882353
0.9375
0.5357142857142857
0.6756756756756757
1.0
0.56
0.76
0.7307692307692308
0.5357142857142857
0.6756756756756757
1.0
0.56
1.0
1.0
1.0
0.8214285714285714
1.0
1.0
0.963855421686747
0.9662921348314607
0.9157894736842105
1.0
1.0
1.0
0.9333333333333333
1.0
0.875
0.9615384615384616
1.0
0.9622641509433962
0.7241379310344828
0.9902912621359223
1.0
1.0
1.0
1.0
1.0
0.9375
0.6153846153846154
0.5
0.5714285714285714
0.65625
0.4
0.9375
0.9487179487179487
0.9846153846153847
1.0
0.7241379310344828
0.8035714285714286
0.7241379310344828
0.829059829059829
0.8105263157894737
1.0
1.0
1.0
0.890625
0.9384615384615385
0.864406779661017
0.8252427184466019
0.8076923076923077
0.7241379310344828
0.7058823529411764
0.8947368421052632
1.0
1.0
1.0
1.0
0.8275862068965517
0.5714285714285714
0.8275862068965517
0.5918367346938775
0.8275862068965517
0.5714285714285714
0.8571428571428572
1.0
0.7391304347826086
0.8918918918918919
0.8
0.8181818181818181
0.8533333333333333
0.9333333333333333
1.0
1.0
0.9583333333333334
0.9295774647887324
1.0
1.0
0.8095238095238095
0.8648648648648649
0.8080808080808081
0.8080808080808081
0.7619047619047619
0.7619047619047619
0.6875
0.8888888888888888
1.0
0.9245283018867925
0.8421052631578947
0.5918367346938775
0.8421052631578947
0.5849056603773585
0.8421052631578947
0.6
0.7692307692307692
0.47058823529411764
0.3853211009174312
0.7857142857142857
0.8974358974358975
0.8974358974358975
0.8695652173913043
0.9310344827586207
0.9428571428571428
0.9736842105263158
0.9518072289156626
0.9518072289156626
0.9555555555555556
0.9555555555555556
1.0
1.0
0.782608695652174
0.47619047619047616
0.6521739130434783
0.975
1.0
1.0
1.0
0.8055555555555556
0.975
1.0
0.8888888888888888
1.0
0.9047619047619048
1.0
1.0
1.0
1.0
1.0
1.0
1.0
1.0
1.0
0.8888888888888888
0.8333333333333334
0.8333333333333334
1.0
1.0
0.8823529411764706
1.0
1.0
0.6875
1.0
1.0
0.6842105263157895
0.6842105263157895
0.6842105263157895
1.0
1.0
1.0
1.0
0.9655172413793104
0.5125
0.9861111111111112
0.9861111111111112
1.0
1.0
1.0
0.9375
1.0
1.0
1.0
0.8434782608695652
0.8434782608695652
0.5
0.8125
0.84375
0.84375
0.8125
0.9696969696969697
0.975
1.0
0.9726027397260274
1.0
0.9367088607594937
0.9651162790697675
0.9651162790697675
1.0
1.0
1.0
1.0
1.0
1.0
0.4418604651162791
0.9672131147540983
0.9672131147540983
1.0
1.0
1.0
0.4864864864864865
1.0
1.0
1.0
1.0
1.0
1.0
0.4418604651162791
0.9672131147540983
0.9672131147540983
1.0
1.0
1.0
0.4864864864864865
0.56
0.5769230769230769
0.9534883720930233
0.8829787234042553
0.9393939393939394
0.9864864864864865
0.7037037037037037
0.7317073170731707
1.0
1.0
0.9534883720930233
0.8032786885245902
0.7540983606557377
1.0
0.9743589743589743
0.9846153846153847
0.9846153846153847
1.0
1.0
0.96
0.4482758620689655
1.0
1.0
1.0
1.0
1.0
1.0
1.0
0.5757575757575757
0.5405405405405406
0.5161290322580645
0.5454545454545454
1.0
1.0
0.9375
1.0
1.0
0.8780487804878049
0.5
0.6842105263157895
0.7
0.8160919540229885
0.8160919540229885
0.92
0.9411764705882353
0.618421052631579
0.8727272727272728
1.0
0.9759036144578314
0.8958333333333334
1.0
1.0
1.0
0.9
0.9310344827586207
0.9473684210526316
0.9716981132075472
0.9444444444444444
0.8584905660377359
1.0
1.0
1.0
1.0
0.6785714285714286
0.5
0.8571428571428572
1.0
1.0
0.7142857142857143
0.8076923076923077
0.875
0.875
0.863013698630137
0.863013698630137
0.7647058823529411
0.7647058823529411
0.5657894736842105
0.5657894736842105
0.7647058823529411
0.7647058823529411
0.9402985074626866
0.9333333333333333
0.9333333333333333
1.0
0.9696969696969697
1.0
1.0
1.0
0.9666666666666667
0.8787878787878788
0.9375
0.9375
0.9259259259259259
0.8928571428571429
0.9375
0.59375
1.0
1.0
0.9166666666666666
0.9166666666666666
1.0
1.0
1.0
1.0
1.0
0.29565217391304344
0.29565217391304344
0.9649122807017544
0.9824561403508771
0.9655172413793104
0.9649122807017544
0.7323943661971831
0.8620689655172413
0.7676767676767677
0.7142857142857143
0.8271604938271605
0.6538461538461539
0.6956521739130435
0.5729166666666667
1.0
1.0
0.9322033898305084
1.0
0.9322033898305084
0.9830508474576272
1.0
1.0
1.0
0.8888888888888888
0.9736842105263158
0.9736842105263158
1.0
0.8888888888888888
0.9411764705882353
0.6216216216216216
0.6216216216216216
0.6216216216216216
1.0
0.90625
1.0
0.9705882352941176
0.9361702127659575
0.8222222222222222
0.925
0.9743589743589743
0.98
0.9777777777777777
0.6071428571428572
1.0
1.0
1.0
0.9607843137254902
0.4925373134328358
0.6428571428571428
0.7333333333333334
0.7333333333333334
0.5238095238095238
0.5454545454545454
0.6296296296296297
0.6129032258064516
0.8846153846153846
1.0
0.9649122807017544
0.9375
0.9375
0.9375
0.9375
0.6704545454545454
1.0
0.8484848484848485
0.9333333333333333
1.0
1.0
0.8135593220338984
0.8571428571428572
0.8461538461538461
0.9375
0.9047619047619048
0.9736842105263158
0.9333333333333333
0.9333333333333333
0.9
0.6857142857142857
1.0
0.9791666666666666
0.9791666666666666
0.9649122807017544
0.7777777777777778
0.6
1.0
0.9583333333333334
0.6407766990291262
0.5
0.875
1.0
0.9285714285714286
0.8260869565217391
0.9375
0.4390243902439024
0.8888888888888888
0.5434782608695652
0.6875
0.5487804878048781
0.8928571428571429
1.0
1.0
1.0
0.9333333333333333
1.0
0.5416666666666667
0.6862745098039216
0.5952380952380952
0.5952380952380952
0.6923076923076923
0.9444444444444444
0.9444444444444444
0.7708333333333334
0.7708333333333334
0.8695652173913043
0.75
1.0
0.9473684210526316
1.0
1.0
1.0
1.0
1.0
0.9545454545454546
0.9545454545454546
0.8823529411764706
0.9545454545454546
0.9545454545454546
0.9333333333333333
0.9285714285714286
0.9
0.6470588235294117
0.6470588235294117
0.875
0.875
0.8636363636363636
0.9285714285714286
0.9285714285714286
0.98
0.9333333333333333
0.935483870967742
0.967741935483871
1.0
1.0
1.0
1.0
0.7
0.7
0.4444444444444444
0.42105263157894735
0.92
0.75
0.8205128205128205
0.8205128205128205
0.9333333333333333
0.9333333333333333
1.0
0.536231884057971
0.34285714285714286
0.41000000000000003
0.9375
0.9814814814814815
1.0
0.935483870967742
0.935483870967742
0.9375
0.6623376623376623
0.84
1.0
0.9333333333333333
0.9444444444444444
0.9411764705882353
1.0
0.9736842105263158
1.0
1.0
0.9333333333333333
0.9333333333333333
0.8888888888888888
0.8095238095238095
1.0
0.962962962962963
0.9047619047619048
0.65
0.7058823529411764
0.6739130434782609
0.9615384615384616
0.90625
0.8333333333333334
0.5238095238095238
0.9615384615384616
0.8636363636363636
0.9230769230769231
0.9024390243902439
0.8387096774193549
0.8709677419354839
0.9130434782608696
0.78125
0.9090909090909091
0.7894736842105263
0.7
0.9107142857142857
0.6210526315789473
1.0
1.0
0.9736842105263158
0.875
0.7272727272727273
0.7346938775510203
0.8125
0.95
0.95
0.9292929292929293
0.9292929292929293
0.7857142857142857
0.8666666666666667
0.9375
0.9375
0.8936170212765957
0.8666666666666667
1.0
1.0
0.9428571428571428
0.9375
0.6444444444444444
0.6444444444444444
0.3783783783783784
0.8
1.0
0.9342105263157895
0.8160919540229885
0.819047619047619
0.819047619047619
0.9705882352941176
1.0
1.0
1.0
1.0
1.0
1.0
0.8823529411764706
1.0
0.9772727272727273
1.0
0.9714285714285714
0.4666666666666667
1.0
1.0
0.9375
1.0
1.0
0.9333333333333333
0.9333333333333333
0.9487179487179487
0.9
0.7777777777777778
0.5970149253731343
0.4390243902439024
0.6036036036036037
0.9375
0.9333333333333333
1.0
0.9736842105263158
1.0
1.0
0.8181818181818181
0.8181818181818181
0.8378378378378378
0.8181818181818181
0.8
0.8
0.8421052631578947
0.8928571428571429
1.0
1.0
0.7142857142857143
0.9333333333333333
1.0
1.0
1.0
1.0
0.5769230769230769
1.0
0.875
0.9333333333333333
1.0
0.9375
0.9333333333333333
1.0
0.9333333333333333
1.0
1.0
0.6097560975609756
0.9333333333333333
1.0
1.0
0.9375
1.0
0.9375
0.9375
0.9375
1.0
1.0
0.8409090909090909
0.9148936170212766
0.9761904761904762
0.8823529411764706
0.8823529411764706
0.9882352941176471
1.0
0.388235294117647
0.6818181818181819
1.0
1.0
0.9824561403508771
0.9
0.96
0.9818181818181818
0.6404494382022472
0.5714285714285714
0.8
1.0
0.8974358974358975
0.8636363636363636
0.8974358974358975
0.8974358974358975
0.8571428571428572
1.0
0.47619047619047616
0.9189189189189189
1.0
0.8181818181818181
0.75
0.49056603773584906
0.49056603773584906
0.4473684210526315
1.0
1.0
1.0
0.8461538461538461
0.9047619047619048
0.8666666666666667
1.0
0.6190476190476191
1.0
1.0
0.875
0.9
0.896551724137931
1.0
0.875
0.9375
0.9375
0.8125
1.0
0.9375
0.5625
0.7333333333333334
0.8333333333333334
0.8181818181818181
0.8888888888888888
1.0
0.8952380952380953
0.978494623655914
1.0
1.0
1.0
0.9038461538461539
0.9157894736842105
0.881578947368421
0.8115942028985508
0.8933333333333333
0.9642857142857143
0.9523809523809523
0.5494505494505495
0.6632653061224489
0.9855072463768116
0.9577464788732395
0.5869565217391304
0.875
0.8615384615384616
0.8656716417910448
0.8235294117647058
0.8387096774193549
0.6111111111111112
0.6666666666666667
0.8888888888888888
0.6666666666666667
0.6666666666666667
0.36585365853658536
0.5454545454545454
1.0
1.0
0.9411764705882353
0.5277777777777778
0.5555555555555556
0.4666666666666667
0.9767441860465116
0.9142857142857143
0.6153846153846154
0.6666666666666667
0.7777777777777778
1.0
0.875
0.7536231884057971
0.36936936936936937
0.36936936936936937
1.0
1.0
0.9230769230769231
0.9230769230769231
0.975609756097561
0.975609756097561
0.972972972972973
0.9482758620689655
0.9152542372881356
0.5
0.9393939393939394
0.9130434782608696
0.9285714285714286
1.0
1.0
1.0
0.96
0.875
0.8484848484848485
0.9047619047619048
0.9375
0.64
0.8552631578947368
0.8552631578947368
0.8552631578947368
0.9142857142857143
0.44318181818181823
0.44318181818181823
0.9375
0.9333333333333333
0.9555555555555556
0.5094339622641509
0.9807692307692307
0.98
1.0
1.0
1.0
0.9555555555555556
1.0
1.0
1.0
1.0
0.9824561403508771
0.9473684210526316
0.9333333333333333
0.5652173913043479
1.0
0.8928571428571429
0.5111111111111111
0.9047619047619048
1.0
0.9333333333333333
0.8125
1.0
1.0
0.9333333333333333
0.9333333333333333
0.5909090909090908
1.0
0.9743589743589743
1.0
1.0
1.0
0.935483870967742
0.935483870967742
0.9032258064516129
0.9032258064516129
0.989010989010989
0.989010989010989
0.9782608695652174
0.9782608695652174
0.9787234042553191
0.9787234042553191
1.0
0.8823529411764706
0.8627450980392157
0.9682539682539683
0.7349397590361446
0.5526315789473684
0.9545454545454546
0.48
0.8309859154929577
0.696078431372549
0.7142857142857143
1.0
1.0
1.0
1.0
0.6666666666666667
1.0
1.0
1.0
1.0
0.9761904761904762
0.725
0.8909090909090909
0.8426966292134832
0.8909090909090909
0.9047619047619048
0.9272727272727272
0.8653846153846154
0.48275862068965514
0.5517241379310345
0.7727272727272727
0.8974358974358975
0.8541666666666666
0.8269230769230769
0.8363636363636364
1.0
0.9130434782608696
0.8870967741935484
1.0
0.8367346938775511
0.5777777777777777
0.5777777777777777
0.5777777777777777
0.5777777777777777
0.5777777777777777
0.8350515463917526
0.8350515463917526
0.8315789473684211
0.5777777777777777
0.5777777777777777
0.839622641509434
0.5777777777777777
0.5652173913043479
0.7894736842105263
0.9642857142857143
0.5444444444444445
0.8367346938775511
0.5777777777777777
0.65625
1.0
1.0
0.7441860465116279
0.7
1.0
1.0
1.0
1.0
1.0
1.0
1.0
1.0
1.0
1.0
0.9333333333333333
1.0
1.0
0.8947368421052632
0.6666666666666667
0.8095238095238095
0.9615384615384616
0.47058823529411764
0.7272727272727273
0.8333333333333334
0.8888888888888888
0.8333333333333334
0.48571428571428577
0.641025641025641
1.0
1.0
1.0
1.0
1.0
1.0
1.0
1.0
1.0
1.0
1.0
1.0
1.0
1.0
1.0
1.0
1.0
1.0
1.0
1.0
0.7307692307692308
0.7307692307692308
0.8809523809523809
1.0
0.6129032258064516
0.9701492537313433
0.8666666666666667
1.0
1.0
0.9333333333333333
0.9333333333333333
1.0
0.9333333333333333
0.8235294117647058
1.0
0.9333333333333333
0.875
0.9375
0.875
0.875
0.875
1.0
0.7272727272727273
1.0
0.9375
1.0
0.9333333333333333
0.4545454545454546
0.5128205128205128
0.7777777777777778
0.8636363636363636
0.8571428571428572
0.9259259259259259
0.5858585858585859
0.5333333333333333
0.8571428571428572
0.339622641509434
0.7
0.6176470588235294
0.9375
0.9375
0.9375
0.9375
0.7547169811320755
0.7547169811320755
0.7358490566037736
0.7192982456140351
0.7192982456140351
0.7358490566037736
0.7192982456140351
0.7192982456140351
0.7192982456140351
0.96
0.935483870967742
1.0
1.0
1.0
0.9565217391304348
0.9506172839506173
1.0
1.0
0.8571428571428572
0.859375
0.9402985074626866
0.7023809523809523
0.9402985074626866
0.8241758241758241
0.8160919540229885
1.0
0.9230769230769231
0.9333333333333333
0.9333333333333333
1.0
1.0
0.9333333333333333
1.0
1.0
1.0
0.9770114942528736
0.9090909090909091
0.9318181818181819
0.9436619718309859
0.7241379310344828
0.8130841121495327
0.8317757009345794
0.9363636363636364
0.9158878504672897
0.8414634146341463
0.8414634146341463
1.0
0.9583333333333334
0.9583333333333334
0.9166666666666666
0.9166666666666666
1.0
1.0
0.9166666666666666
0.9166666666666666
0.9166666666666666
0.9166666666666666
0.9583333333333334
0.9583333333333334
1.0
1.0
0.8571428571428572
0.9722222222222222
0.8958333333333334
0.7727272727272727
0.7058823529411764
0.8468468468468469
0.9714285714285714
0.7333333333333334
0.6
1.0
0.6864406779661016
0.9038461538461539
0.9230769230769231
0.8378378378378378
0.9883720930232558
0.8317757009345794
0.8407079646017699
1.0
0.8
0.9682539682539683
0.9473684210526316
0.8073394495412844
1.0
0.8536585365853658
0.45882352941176474
0.9722222222222222
1.0
1.0
0.8588235294117648
0.8588235294117648
1.0
0.9534883720930233
0.9285714285714286
1.0
0.8247422680412371
0.8350515463917526
0.9333333333333333
1.0
1.0
0.9375
1.0
0.90625
1.0
0.7058823529411764
0.8181818181818181
0.8181818181818181
0.8936170212765957
0.9620253164556962
0.961038961038961
0.9746835443037974
0.974025974025974
0.4878048780487805
0.9607843137254902
0.96
0.6049382716049383
0.5277777777777778
0.978494623655914
1.0
0.8214285714285714
0.4070796460176991
1.0
1.0
0.7551020408163265
0.8333333333333334
0.5909090909090908
0.5238095238095238
0.7922077922077921
0.8181818181818181
0.4320987654320988
0.6619718309859155
0.8409090909090909
0.9166666666666666
0.37037037037037035
0.8181818181818181
0.3448275862068966
0.4193548387096774
0.6607142857142857
0.9024390243902439
0.9464285714285714
0.8163265306122449
0.8163265306122449
0.972972972972973
0.962962962962963
0.8545454545454545
0.9122807017543859
1.0
0.8024691358024691
0.8024691358024691
0.7241379310344828
0.7241379310344828
0.7241379310344828
0.7241379310344828
0.8787878787878788
0.7904761904761904
0.9904761904761905
0.9904761904761905
0.7848101265822784
0.7674418604651163
0.7831325301204819
0.7951807228915663
1.0
0.7974683544303798
0.8024691358024691
0.8024691358024691
0.8518518518518519
0.7974683544303798
1.0
1.0
1.0
1.0
1.0
1.0
0.8292682926829268
0.8297872340425532
0.8764044943820225
0.9489795918367347
0.9550561797752809
0.6352941176470588
0.4631578947368421
0.6607142857142857
1.0
1.0
0.9375
1.0
0.9047619047619048
0.9090909090909091
0.9047619047619048
0.9696969696969697
0.5416666666666667
0.7792207792207793
0.7349397590361446
0.8
0.7922077922077921
1.0
0.9333333333333333
0.9333333333333333
0.9333333333333333
1.0
0.9333333333333333
0.8666666666666667
0.8695652173913043
1.0
0.9552238805970149
0.94
0.9787234042553191
0.9186046511627907
0.9787234042553191
0.9318181818181819
0.9787234042553191
1.0
0.9787234042553191
0.9701492537313433
0.8811881188118812
0.8717948717948718
0.8860759493670887
0.9649122807017544
0.9787234042553191
0.962962962962963
0.92
0.7741935483870968
0.7948717948717949
0.9540229885057472
0.948051948051948
0.7790697674418605
0.7831325301204819
1.0
1.0
1.0
0.8333333333333334
0.6285714285714286
0.8
0.625
0.8
1.0
1.0
1.0
1.0
1.0
1.0
1.0
1.0
0.8775510204081632
0.8823529411764706
0.8421052631578947
0.8205128205128205
0.8888888888888888
1.0
0.8043478260869565
0.9142857142857143
0.8421052631578947
0.8205128205128205
0.9787234042553191
0.8666666666666667
0.9333333333333333
1.0
1.0
0.9375
0.9375
0.9523809523809523
0.9333333333333333
0.9333333333333333
0.9333333333333333
0.7241379310344828
0.8297872340425532
1.0
0.9444444444444444
1.0
1.0
1.0
1.0
1.0
0.9375
1.0
1.0
1.0
1.0
1.0
1.0
1.0
1.0
1.0
1.0
1.0
0.8333333333333334
0.94
0.8472222222222222
0.9487179487179487
0.9375
0.5
0.6136363636363636
0.8571428571428572
1.0
0.8163265306122449
0.96
0.8723404255319149
0.8723404255319149
0.7843137254901961
0.8846153846153846
1.0
1.0
0.9444444444444444
0.9761904761904762
0.9761904761904762
1.0
0.962962962962963
0.935483870967742
0.9634146341463414
0.9634146341463414
1.0
1.0
1.0
0.8108108108108107
0.6799999999999999
0.9196428571428571
0.9196428571428571
0.9196428571428571
0.8823529411764706
1.0
1.0
1.0
0.962962962962963
1.0
0.7333333333333334
1.0
1.0
0.7023809523809523
1.0
0.9047619047619048
0.7209302325581395
1.0
1.0
0.9333333333333333
1.0
1.0
1.0
1.0
1.0
0.9411764705882353
1.0
0.9285714285714286
0.6888888888888889
0.925
1.0
1.0
1.0
1.0
1.0
0.9714285714285714
0.9787234042553191
0.9787234042553191
1.0
1.0
0.8333333333333334
1.0
0.8846153846153846
0.9166666666666666
0.9166666666666666
0.8181818181818181
0.9166666666666666
0.9166666666666666
0.9285714285714286
1.0
1.0
1.0
1.0
0.8928571428571429
0.9583333333333334
0.9583333333333334
1.0
0.8809523809523809
0.8809523809523809
0.6521739130434783
1.0
1.0
0.6521739130434783
0.6756756756756757
0.9787234042553191
0.9722222222222222
0.896551724137931
1.0
1.0
0.574468085106383
0.6666666666666667
0.6666666666666667
0.859375
1.0
0.6666666666666667
0.9
0.5238095238095238
0.49514563106796117
0.49514563106796117
0.49514563106796117
1.0
1.0
0.9361702127659575
1.0
1.0
0.9259259259259259
0.9
0.8888888888888888
1.0
1.0
0.9743589743589743
1.0
1.0
1.0
0.9130434782608696
1.0
0.6153846153846154
0.4727272727272728
0.7777777777777778
0.4871794871794872
0.8095238095238095
0.9
0.9333333333333333
0.8666666666666667
0.8666666666666667
1.0
0.9333333333333333
0.8529411764705882
0.8529411764705882
0.8529411764705882
0.8850574712643678
0.8904109589041096
0.5384615384615384
0.6153846153846154
0.9367088607594937
0.8611111111111112
1.0
0.925
0.8333333333333334
0.4666666666666667
0.35820895522388063
0.9583333333333334
0.9583333333333334
1.0
0.95
0.95
0.5
0.8461538461538461
0.6326530612244898
0.6326530612244898
0.9821428571428571
1.0
0.7627118644067796
0.7457627118644068
0.9868421052631579
0.7021276595744681
0.9
0.8365384615384616
0.9454545454545454
0.8727272727272728
0.8823529411764706
0.9032258064516129
0.946236559139785
0.9647058823529412
0.9821428571428571
0.5930232558139534
0.9333333333333333
0.625
0.8823529411764706
0.9444444444444444
0.9333333333333333
1.0
0.9333333333333333
1.0
1.0
0.9333333333333333
0.8947368421052632
0.59375
0.8636363636363636
0.7
0.5625
0.6122448979591837
0.9
0.6
0.8636363636363636
0.5625
0.9333333333333333
1.0
1.0
1.0
0.8947368421052632
0.5517241379310345
0.7
0.7
0.5581395348837209
0.46808510638297873
1.0
1.0
1.0
0.9787234042553191
1.0
0.9759036144578314
1.0
0.7777777777777778
0.9759036144578314
0.9568965517241379
0.9568965517241379
0.9836065573770492
0.9787234042553191
0.9146341463414634
0.7659574468085106
1.0
0.9333333333333333
1.0
0.9333333333333333
0.9333333333333333
0.9333333333333333
0.90625
0.8064516129032258
0.6935483870967742
0.782051282051282
0.7710843373493976
0.7901234567901234
0.9333333333333333
0.9761904761904762
1.0
0.47619047619047616
0.6
0.6585365853658536
0.5806451612903225
0.45833333333333337
0.35922330097087374
0.35922330097087374
1.0
0.96
0.78125
0.75
0.75
1.0
1.0
1.0
1.0
1.0
0.7241379310344828
0.8076923076923077
0.8068181818181819
0.7831325301204819
1.0
0.6355932203389831
0.9375
1.0
1.0
0.9333333333333333
0.9333333333333333
0.9333333333333333
0.9333333333333333
1.0
0.41880341880341876
0.90625
0.6190476190476191
0.6304347826086957
0.5483870967741935
0.5277777777777778
0.475
0.6964285714285714
0.7142857142857143
1.0
0.9375
0.875
0.9333333333333333
0.9333333333333333
0.9375
0.9375
1.0
0.9333333333333333
1.0
0.8
0.875
0.9032258064516129
0.6428571428571428
0.9047619047619048
0.8
0.8
0.9259259259259259
0.875
0.875
0.9838709677419355
0.8041237113402062
0.9333333333333333
1.0
0.875
1.0
0.9166666666666666
1.0
0.8181818181818181
0.8181818181818181
1.0
1.0
1.0
1.0
0.9333333333333333
0.8
0.8
1.0
0.927536231884058
0.9646017699115044
0.9772727272727273
0.9772727272727273
0.7777777777777778
0.8695652173913043
0.9734513274336283
0.9655172413793104
0.9537037037037037
0.9537037037037037
0.9560439560439561
1.0
1.0
1.0
1.0
1.0
0.9814814814814815
0.9814814814814815
0.9814814814814815
0.9814814814814815
0.9622641509433962
0.8846153846153846
0.8846153846153846
1.0
0.8571428571428572
1.0
0.9
0.9833333333333333
0.8928571428571429
0.875
0.875
0.7941176470588236
0.74
0.6721311475409837
0.368421052631579
0.7666666666666666
0.5294117647058824
1.0
1.0
1.0
0.641025641025641
0.9642857142857143
0.9411764705882353
0.9545454545454546
1.0
0.9259259259259259
0.96875
1.0
0.896551724137931
1.0
1.0
0.9824561403508771
1.0
1.0
1.0
1.0
1.0
0.7796610169491526
1.0
1.0
1.0
0.691588785046729
0.7241379310344828
0.5555555555555556
0.4666666666666667
1.0
1.0
0.691588785046729
0.7241379310344828
0.8541666666666666
0.6551724137931034
0.6
0.6
1.0
0.691588785046729
0.7241379310344828
0.5555555555555556
0.4838709677419355
0.9333333333333333
1.0
0.691588785046729
0.7241379310344828
0.875
0.75
0.6
0.6
0.8461538461538461
0.8461538461538461
0.961038961038961
1.0
1.0
1.0
0.8035714285714286
1.0
0.6842105263157895
0.8558558558558559
0.8024691358024691
0.41666666666666663
0.41666666666666663
0.41666666666666663
1.0
1.0
1.0
0.9692307692307692
1.0
0.9130434782608696
0.9130434782608696
0.7692307692307692
0.8135593220338984
1.0
0.9508196721311475
0.8461538461538461
1.0
0.6607142857142857
0.6607142857142857
1.0
0.92
1.0
1.0
1.0
1.0
1.0
1.0
0.7959183673469388
0.989247311827957
0.989247311827957
1.0
1.0
1.0
0.8532110091743119
1.0
0.44329896907216493
1.0
1.0
1.0
1.0
1.0
1.0
0.9896907216494846
0.9896907216494846
0.9896907216494846
0.9896907216494846
1.0
1.0
0.8446601941747574
0.8024691358024691
0.9770114942528736
1.0
1.0
0.9375
1.0
0.8666666666666667
0.9333333333333333
1.0
0.92
0.9333333333333333
0.5588235294117647
0.8888888888888888
0.8571428571428572
1.0
0.9333333333333333
1.0
1.0
1.0
0.6595744680851063
0.6595744680851063
0.8888888888888888
0.8888888888888888
1.0
1.0
0.4285714285714286
1.0
1.0
0.7959183673469388
0.7008547008547008
0.8225806451612903
0.8111111111111111
0.7008547008547008
1.0
1.0
1.0
1.0
0.75
0.75
1.0
1.0
1.0
0.75
0.75
1.0
0.9636363636363636
0.9636363636363636
0.9489795918367347
0.9489795918367347
0.8411214953271028
0.8411214953271028
0.868421052631579
1.0
0.9587628865979382
0.9587628865979382
0.9479166666666666
0.9479166666666666
1.0
1.0
1.0
0.7959183673469388
0.7959183673469388
0.7959183673469388
0.765625
0.8041237113402062
0.8111111111111111
0.7959183673469388
0.7959183673469388
0.7959183673469388
0.7959183673469388
0.7777777777777778
0.7916666666666666
0.8111111111111111
0.7959183673469388
0.7959183673469388
0.7959183673469388
0.7959183673469388
0.8020833333333334
0.7938144329896908
0.8041237113402062
0.8111111111111111
0.7959183673469388
0.7959183673469388
0.7966101694915254
0.7959183673469388
0.7538461538461538
0.8111111111111111
0.7959183673469388
0.987012987012987
0.987012987012987
0.641025641025641
0.9642857142857143
0.9411764705882353
0.9545454545454546
1.0
1.0
1.0
1.0
1.0
1.0
1.0
0.7241379310344828
0.40506329113924056
0.5652173913043479
0.8518518518518519
0.96
0.8518518518518519
0.4027777777777778
1.0
1.0
1.0
1.0
1.0
0.7540983606557377
0.5299145299145299
0.7603305785123967
0.7431192660550459
1.0
1.0
0.6349206349206349
0.85
0.7692307692307692
0.6666666666666667
0.8214285714285714
1.0
0.8309859154929577
0.8625
0.5526315789473684
0.5526315789473684
0.5526315789473684
0.5526315789473684
0.5526315789473684
0.5526315789473684
0.5526315789473684
0.5526315789473684
0.5526315789473684
0.5526315789473684
0.8888888888888888
0.8727272727272728
0.8888888888888888
0.8909090909090909
0.9074074074074074
1.0
0.8888888888888888
0.9074074074074074
0.8020833333333334
0.8020833333333334
1.0
0.9583333333333334
0.9014084507042254
1.0
1.0
0.9444444444444444
0.9814814814814815
1.0
1.0
1.0
0.8571428571428572
0.8421052631578947
0.8571428571428572
0.9142857142857143
0.8833333333333333
0.8571428571428572
1.0
0.9178082191780822
1.0
0.5789473684210527
1.0
1.0
0.9821428571428571
0.9444444444444444
0.5614035087719298
1.0
0.9344262295081968
1.0
0.9344262295081968
0.9344262295081968
1.0
0.6153846153846154
1.0
0.6153846153846154
1.0
0.5585585585585586
0.5585585585585586
0.9824561403508771
0.9333333333333333
1.0
0.9827586206896551
0.9824561403508771
1.0
0.9824561403508771
0.8928571428571429
0.5585585585585586
0.5585585585585586
0.9824561403508771
1.0
0.9016393442622951
0.9824561403508771
0.9821428571428571
1.0
0.8169014084507042
1.0
0.9833333333333333
0.8108108108108107
0.9821428571428571
1.0
0.8309859154929577
1.0
1.0
0.9821428571428571
1.0
0.9322033898305084
0.7464788732394366
0.7444444444444445
0.7333333333333334
0.9090909090909091
0.9824561403508771
0.9583333333333334
0.9583333333333334
1.0
1.0
1.0
0.9444444444444444
0.9444444444444444
1.0
0.9838709677419355
1.0
0.8983050847457628
1.0
0.9074074074074074
1.0
1.0
1.0
0.9824561403508771
1.0
1.0
1.0
1.0
0.9666666666666667
0.9666666666666667
1.0
0.9761904761904762
0.9761904761904762
0.8958333333333334
1.0
1.0
1.0
1.0
1.0
1.0
0.9491525423728814
1.0
0.9444444444444444
0.84375
1.0
1.0
1.0
1.0
1.0
0.9833333333333333
0.44999999999999996
1.0
0.8024691358024691
0.9285714285714286
0.9333333333333333
0.9166666666666666
0.5350877192982456
0.5581395348837209
0.8571428571428572
0.4666666666666667
0.8333333333333334
0.7083333333333333
0.7083333333333333
0.7083333333333333
0.7083333333333333
0.9183673469387755
0.6666666666666667
1.0
0.8214285714285714
0.6666666666666667
0.618421052631579
0.5135135135135135
0.9761904761904762
0.9534883720930233
0.8888888888888888
1.0
0.6
1.0
1.0
0.9649122807017544
0.9587628865979382
1.0
0.9583333333333334
0.9090909090909091
0.94
0.6666666666666667
0.5454545454545454
0.6857142857142857
0.6857142857142857
0.5121951219512195
0.6857142857142857
0.7333333333333334
0.84
1.0
0.8888888888888888
0.8888888888888888
0.9814814814814815
0.9791666666666666
0.6666666666666667
1.0
0.8214285714285714
0.6666666666666667
1.0
1.0
1.0
1.0
1.0
1.0
0.84
0.84
0.9444444444444444
0.6
1.0
1.0
1.0
0.6833333333333333
0.8192771084337349
0.9705882352941176
0.9375
0.6571428571428571
0.6538461538461539
0.6333333333333333
0.6666666666666667
0.6666666666666667
0.6666666666666667
0.6333333333333333
0.6333333333333333
1.0
0.9701492537313433
1.0
1.0
1.0
1.0
1.0
1.0
1.0
1.0
1.0
0.9649122807017544
0.6266666666666667
0.641025641025641
0.9102564102564102
0.6818181818181819
0.8679245283018868
0.9418604651162791
0.8608695652173913
0.9333333333333333
0.9333333333333333
1.0
0.9333333333333333
1.0
0.7692307692307692
0.9333333333333333
0.9333333333333333
1.0
0.875
0.9230769230769231
0.8974358974358975
0.925
0.925
0.9782608695652174
1.0
1.0
1.0
0.3829787234042553
0.5
0.56
0.6857142857142857
0.875
0.9375
0.9333333333333333
0.9375
0.9375
0.96875
0.3783783783783784
0.4545454545454546
0.38235294117647056
0.7804878048780488
0.8113207547169812
0.686046511627907
0.686046511627907
0.8241758241758241
0.8504672897196262
0.8504672897196262
1.0
0.5135135135135135
0.4878048780487805
0.46341463414634143
0.45238095238095233
0.45238095238095233
0.8148148148148149
0.8333333333333334
0.7804878048780488
0.8217821782178218
0.4794520547945206
0.4418604651162791
0.72
1.0
0.6933333333333334
1.0
1.0
1.0
1.0
1.0
0.6933333333333334
1.0
1.0
0.9545454545454546
0.9545454545454546
0.7083333333333333
0.7068965517241379
0.7083333333333333
0.7157894736842105
0.7083333333333333
0.7068965517241379
0.7796610169491526
0.962962962962963
0.9512195121951219
1.0
1.0
0.6774193548387097
0.8350515463917526
1.0
1.0
0.8431372549019608
0.8431372549019608
0.8431372549019608
0.8431372549019608
0.8431372549019608
0.8431372549019608
0.8431372549019608
0.8431372549019608
0.8431372549019608
0.8431372549019608
0.8431372549019608
0.8431372549019608
0.8431372549019608
0.8431372549019608
0.8431372549019608
1.0
1.0
0.7
1.0
0.9714285714285714
0.5405405405405406
0.5428571428571429
0.5428571428571429
0.9655172413793104
0.9655172413793104
0.9310344827586207
0.9310344827586207
0.9310344827586207
0.8888888888888888
0.52
0.8
0.8
0.4358974358974359
0.6799999999999999
0.8024691358024691
0.8297872340425532
0.8024691358024691
0.6354166666666667
0.7961165048543689
0.7961165048543689
0.8024691358024691
0.7804878048780488
0.7875
0.7894736842105263
0.8205128205128205
0.736842105263158
0.574468085106383
0.5957446808510638
1.0
1.0
0.8636363636363636
0.8636363636363636
0.9534883720930233
1.0
0.7142857142857143
0.9534883720930233
0.9795918367346939
1.0
1.0
0.6785714285714286
0.9523809523809523
0.9508196721311475
0.9344262295081968
1.0
1.0
1.0
1.0
1.0
0.3707865168539326
0.9473684210526316
0.36
0.43333333333333335
0.9038461538461539
0.35
0.9024390243902439
0.8695652173913043
0.9069767441860466
1.0
1.0
0.9322033898305084
0.9322033898305084
0.9833333333333333
0.8235294117647058
0.8823529411764706
0.8823529411764706
0.9411764705882353
0.8823529411764706
0.8823529411764706
0.8823529411764706
0.8823529411764706
0.9375
0.8235294117647058
0.8823529411764706
0.875
0.8823529411764706
0.8823529411764706
0.8823529411764706
0.9375
1.0
0.8666666666666667
0.8666666666666667
1.0
0.9666666666666667
1.0
1.0
0.9
1.0
1.0
1.0
1.0
0.5555555555555556
0.9736842105263158
0.5555555555555556
0.5555555555555556
1.0
0.5555555555555556
1.0
1.0
1.0
1.0
0.875
0.9375
0.9333333333333333
1.0
0.9333333333333333
0.9333333333333333
1.0
0.9333333333333333
0.9459459459459459
0.5
1.0
1.0
1.0
1.0
0.4375
0.6
0.5897435897435898
0.9333333333333333
0.935064935064935
0.9649122807017544
0.9473684210526316
0.9545454545454546
0.8
0.7234042553191489
0.9824561403508771
0.978494623655914
1.0
0.515625
0.7802197802197802
0.8901098901098901
0.375
0.41509433962264153
0.6
1.0
1.0
1.0
0.9333333333333333
0.5698924731182795
0.38095238095238093
1.0
0.9333333333333333
0.9333333333333333
0.9333333333333333
0.9333333333333333
0.9333333333333333
0.9333333333333333
1.0
0.9333333333333333
0.9333333333333333
1.0
1.0
0.8
0.8
1.0
1.0
0.9846153846153847
0.7777777777777778
0.7205882352941176
0.8064516129032258
0.7058823529411764
1.0
0.9473684210526316
1.0
0.9473684210526316
0.9558823529411765
0.9863013698630136
0.9589041095890412
0.9
1.0
1.0
1.0
1.0
0.7101449275362319
0.926829268292683
0.9473684210526316
0.7777777777777778
0.8349514563106796
0.6597938144329897
0.8317757009345794
0.8365384615384616
0.8365384615384616
0.8476190476190476
0.9444444444444444
1.0
0.7777777777777778
0.9767441860465116
1.0
1.0
0.4285714285714286
1.0
0.5652173913043479
0.5217391304347826
0.9122807017543859
1.0
0.6386554621848739
0.8979591836734694
0.7831325301204819
0.7710843373493976
0.8163265306122449
0.782051282051282
0.782051282051282
0.7938144329896908
0.782051282051282
0.9333333333333333
0.9333333333333333
0.9285714285714286
0.95
0.95
1.0
1.0
1.0
1.0
0.44999999999999996
0.7
0.5846153846153845
1.0
0.8888888888888888
0.9
0.9032258064516129
0.8717948717948718
0.9310344827586207
0.875
0.9509803921568627
0.9509803921568627
0.9368421052631579
0.9368421052631579
0.6666666666666667
0.7816091954022988
0.7816091954022988
1.0
0.8333333333333334
0.9142857142857143
0.8536585365853658
0.8095238095238095
0.8095238095238095
0.5538461538461539
0.5333333333333333
0.5333333333333333
0.6428571428571428
0.33333333333333337
0.7837837837837838
0.7777777777777778
0.9666666666666667
0.9666666666666667
0.7564102564102564
1.0
0.8160919540229885
0.735632183908046
0.7767857142857143
0.4375
0.7333333333333334
1.0
0.9375
1.0
1.0
0.3913043478260869
0.6481481481481481
0.8
0.9545454545454546
0.967741935483871
0.45999999999999996
0.8333333333333334
0.6567164179104478
0.972972972972973
1.0
1.0
0.96
1.0
1.0
1.0
1.0
1.0
1.0
1.0
0.9795918367346939
0.8793103448275862
0.8793103448275862
0.907563025210084
0.7234042553191489
1.0
1.0
1.0
0.8131868131868132
0.8020833333333334
0.8378378378378378
0.7241379310344828
0.8333333333333334
0.7835051546391752
1.0
1.0
0.9375
1.0
0.582089552238806
0.8163265306122449
0.8043478260869565
0.7831325301204819
0.7831325301204819
0.6923076923076923
0.9642857142857143
0.7
1.0
0.6923076923076923
0.7922077922077921
0.9767441860465116
0.9272727272727272
0.926829268292683
0.9210526315789473
0.8947368421052632
0.5909090909090908
0.9411764705882353
0.8888888888888888
0.7901234567901234
1.0
0.5454545454545454
0.5263157894736843
0.5
1.0
0.7333333333333334
0.7333333333333334
1.0
0.7391304347826086
0.85
0.6470588235294117
0.8411214953271028
1.0
1.0
1.0
1.0
1.0
1.0
0.9375
0.9375
1.0
0.875
1.0
1.0
0.8181818181818181
0.8571428571428572
0.8095238095238095
0.9090909090909091
0.9090909090909091
1.0
0.59375
1.0
1.0
1.0
0.9375
0.8918918918918919
0.8181818181818181
0.8181818181818181
0.9444444444444444
0.8947368421052632
0.9120879120879121
0.9139784946236559
1.0
0.9333333333333333
0.9230769230769231
0.9375
0.9047619047619048
0.9333333333333333
0.8666666666666667
0.9333333333333333
0.7901234567901234
0.6610169491525424
0.7560975609756098
0.6363636363636364
0.979381443298969
0.9634146341463414
0.96
0.8144329896907216
0.9459459459459459
0.9333333333333333
1.0
0.9375
0.9333333333333333
1.0
1.0
1.0
1.0
1.0
1.0
1.0
0.728813559322034
1.0
1.0
1.0
1.0
0.9375
0.875
1.0
1.0
1.0
0.7234042553191489
0.3589743589743589
0.532258064516129
1.0
1.0
1.0
0.96
0.9607843137254902
0.9818181818181818
1.0
0.98
0.96
0.9649122807017544
0.9824561403508771
0.9310344827586207
0.782608695652174
0.7872340425531915
0.9473684210526316
0.9230769230769231
0.5555555555555556
0.8
0.875
0.9583333333333334
1.0
0.875
1.0
0.8571428571428572
0.8571428571428572
0.7272727272727273
0.6595744680851063
0.9818181818181818
0.953125
0.9113924050632911
0.9390243902439024
0.9803921568627451
1.0
0.8787878787878788
0.9801980198019802
0.9801980198019802
1.0
1.0
1.0
1.0
0.9482758620689655
1.0
1.0
0.9818181818181818
1.0
0.9111111111111111
0.5303030303030303
0.8095238095238095
0.8888888888888888
1.0
0.775
1.0
0.9423076923076923
0.9512195121951219
0.6666666666666667
0.9411764705882353
0.813953488372093
0.7777777777777778
1.0
0.9375
0.7222222222222222
1.0
0.9375
0.9
0.9032258064516129
0.9333333333333333
0.9032258064516129
0.7142857142857143
0.9649122807017544
0.875
0.8666666666666667
0.9333333333333333
1.0
0.6666666666666667
0.8
0.6
0.5
0.5
0.7317073170731707
1.0
1.0
0.6521739130434783
0.782608695652174
0.782608695652174
0.75
0.8333333333333334
0.8709677419354839
0.8333333333333334
0.4336283185840708
1.0
1.0
1.0
0.9375
0.9333333333333333
1.0
0.9
0.9166666666666666
0.8837209302325582
0.8333333333333334
0.8125
1.0
1.0
0.9375
0.8823529411764706
0.8709677419354839
0.8709677419354839
0.875
0.9032258064516129
0.7435897435897436
0.7435897435897436
0.7435897435897436
1.0
1.0
0.9333333333333333
1.0
0.9333333333333333
1.0
0.9333333333333333
1.0
0.9
0.5405405405405406
0.9375
1.0
1.0
1.0
1.0
0.99
0.9805825242718447
0.95
0.95
1.0
1.0
0.9727272727272728
1.0
0.9607843137254902
0.9375
0.9571428571428572
0.9571428571428572
1.0
1.0
0.6666666666666667
0.90625
0.9512195121951219
1.0
1.0
1.0
1.0
1.0
1.0
1.0
0.9333333333333333
1.0
1.0
0.8405797101449275
0.835820895522388
1.0
1.0
0.5185185185185186
0.5185185185185186
0.6271186440677966
0.711864406779661
0.6666666666666667
0.8548387096774194
0.847457627118644
0.6533333333333333
0.864406779661017
0.7049180327868853
0.847457627118644
0.6721311475409837
0.5428571428571429
0.5384615384615384
0.8125
0.7608695652173914
0.5507246376811594
0.8409090909090909
0.6666666666666667
0.7941176470588236
0.72
0.6031746031746033
0.6557377049180328
0.5806451612903225
0.6557377049180328
0.864406779661017
1.0
0.8411214953271028
1.0
0.9620253164556962
0.8365384615384616
0.9117647058823529
0.96875
0.814516129032258
0.814516129032258
0.7536231884057971
0.7536231884057971
0.9814814814814815
0.9791666666666666
0.9811320754716981
0.9782608695652174
1.0
0.9090909090909091
0.9622641509433962
1.0
0.9827586206896551
0.9411764705882353
0.9767441860465116
0.9534883720930233
1.0
1.0
1.0
0.9375
0.9705882352941176
1.0
0.8461538461538461
0.5384615384615384
0.975
0.975
0.975
0.625
1.0
1.0
1.0
1.0
1.0
0.8666666666666667
1.0
0.9333333333333333
0.9333333333333333
0.9333333333333333
1.0
1.0
1.0
0.8260869565217391
1.0
0.574468085106383
0.6
0.8352941176470589
0.5
0.8378378378378378
0.8144329896907216
0.3571428571428571
0.6261682242990654
0.5454545454545454
1.0
0.975
0.8709677419354839
0.9666666666666667
1.0
0.9666666666666667
0.9879518072289156
0.8709677419354839
0.8333333333333334
1.0
0.9787234042553191
0.5
0.7142857142857143
0.7346938775510203
0.653061224489796
0.8144329896907216
0.8131868131868132
0.8846153846153846
0.9534883720930233
0.8852459016393442
0.39473684210526316
1.0
1.0
1.0
0.9642857142857143
0.509090909090909
0.6164383561643836
0.96
0.96
0.9655172413793104
1.0
0.8051948051948052
0.8051948051948052
1.0
0.9411764705882353
1.0
0.9473684210526316
0.9642857142857143
0.9642857142857143
1.0
0.9821428571428571
0.9375
1.0
0.6857142857142857
0.6857142857142857
0.43999999999999995
0.6
0.6
0.9615384615384616
1.0
0.9615384615384616
0.9473684210526316
1.0
1.0
0.9642857142857143
0.859375
0.6857142857142857
1.0
0.9696969696969697
0.9393939393939394
0.5869565217391304
0.9696969696969697
0.5869565217391304
0.9393939393939394
0.9649122807017544
0.9696969696969697
0.9393939393939394
0.5869565217391304
0.9696969696969697
0.875
0.7058823529411764
1.0
1.0
1.0
1.0
1.0
1.0
0.9
1.0
0.8285714285714285
0.9803921568627451
0.971830985915493
0.96
0.6883116883116883
0.6883116883116883
1.0
1.0
1.0
0.9772727272727273
1.0
0.967741935483871
0.78125
1.0
0.979381443298969
1.0
1.0
1.0
0.987012987012987
1.0
1.0
0.6666666666666667
0.9090909090909091
1.0
0.9122807017543859
0.8222222222222222
0.8974358974358975
0.8717948717948718
0.8974358974358975
0.8461538461538461
0.8717948717948718
0.9915254237288136
0.9915254237288136
0.9722222222222222
0.7948717948717949
1.0
1.0
0.8387096774193549
0.8387096774193549
0.8064516129032258
0.8181818181818181
0.5609756097560976
0.5531914893617021
0.5945945945945945
0.8142857142857143
0.8142857142857143
0.8142857142857143
0.8260869565217391
0.8260869565217391
0.6029411764705883
0.7647058823529411
0.5492957746478873
0.5211267605633803
0.7857142857142857
0.7681159420289855
0.728813559322034
0.5108695652173914
0.5352112676056338
0.5211267605633803
0.46341463414634143
0.5543478260869565
0.7307692307692308
0.7313432835820896
0.98
0.8181818181818181
0.8333333333333334
0.8240740740740741
0.8518518518518519
0.8240740740740741
0.7831325301204819
0.7241379310344828
0.8303571428571428
1.0
0.96
1.0
1.0
0.4
0.8558558558558559
1.0
1.0
1.0
0.9333333333333333
1.0
1.0
1.0
0.975
0.9545454545454546
1.0
1.0
1.0
1.0
1.0
1.0
1.0
1.0
0.9333333333333333
0.9333333333333333
1.0
0.9333333333333333
0.9333333333333333
0.9333333333333333
0.9782608695652174
1.0
1.0
1.0
0.8235294117647058
0.8367346938775511
0.7931034482758621
0.7241379310344828
1.0
0.9230769230769231
1.0
1.0
0.8378378378378378
1.0
0.9767441860465116
0.9767441860465116
0.84375
0.96
1.0
0.8888888888888888
0.875
0.9333333333333333
1.0
0.9375
0.9333333333333333
0.875
0.6176470588235294
0.9736842105263158
1.0
1.0
0.84375
0.84375
0.84375
0.7878787878787878
0.8990825688073394
0.9032258064516129
0.9032258064516129
0.9032258064516129
0.9019607843137255
0.9019607843137255
0.9666666666666667
0.9666666666666667
0.9666666666666667
0.9574468085106383
0.9574468085106383
1.0
1.0
1.0
1.0
1.0
1.0
1.0
1.0
1.0
1.0
0.9767441860465116
0.9767441860465116
1.0
0.9411764705882353
1.0
1.0
1.0
0.9322033898305084
1.0
0.8709677419354839
0.8333333333333334
0.5098039215686274
0.5
1.0
1.0
1.0
1.0
1.0
1.0
1.0
0.96875
0.9375
0.9375
0.9375
0.9375
0.9375
0.9375
0.9375
0.9375
1.0
0.9310344827586207
0.9
0.9032258064516129
0.9032258064516129
0.9032258064516129
0.9032258064516129
0.8709677419354839
0.9666666666666667
0.9722222222222222
0.9459459459459459
0.967741935483871
0.967741935483871
0.9459459459459459
0.967741935483871
0.967741935483871
0.935483870967742
0.935483870967742
0.935483870967742
0.8656716417910448
0.9666666666666667
1.0
1.0
1.0
1.0
0.6666666666666667
1.0
0.9523809523809523
1.0
0.9642857142857143
0.9649122807017544
1.0
0.8666666666666667
0.6521739130434783
0.7142857142857143
1.0
0.96
1.0
0.8333333333333334
0.6451612903225806
0.8823529411764706
0.6132075471698113
0.6132075471698113
0.4444444444444444
0.975609756097561
0.8148148148148149
0.8148148148148149
0.9642857142857143
1.0
1.0
1.0
1.0
0.8108108108108107
0.8709677419354839
0.8032786885245902
0.9333333333333333
0.9545454545454546
0.9545454545454546
1.0
0.962962962962963
0.9666666666666667
0.96875
0.96875
0.9767441860465116
1.0
0.9642857142857143
0.8125
0.6029411764705883
0.625
1.0
1.0
0.625
0.625
0.625
0.8061224489795918
1.0
0.9824561403508771
0.9824561403508771
0.36904761904761907
0.41666666666666663
0.3855421686746988
0.7
0.9649122807017544
0.711864406779661
0.9649122807017544
1.0
1.0
1.0
0.9824561403508771
0.9615384615384616
0.9038461538461539
1.0
0.8151260504201681
0.6153846153846154
0.8947368421052632
0.736842105263158
0.5238095238095238
0.41666666666666663
0.9444444444444444
0.8888888888888888
0.9523809523809523
1.0
0.9791666666666666
0.9824561403508771
1.0
0.9791666666666666
0.9649122807017544
1.0
1.0
1.0
0.975609756097561
0.8817204301075269
0.9101123595505618
0.5384615384615384
0.6571428571428571
1.0
0.4838709677419355
0.6388888888888888
0.8888888888888888
0.8
0.8260869565217391
0.5
0.8260869565217391
0.7121212121212122
0.8260869565217391
1.0
1.0
0.9736842105263158
0.9090909090909091
0.9375
0.875
1.0
0.9523809523809523
0.9375
0.875
0.8125
0.9375
1.0
1.0
1.0
1.0
1.0
0.8412698412698413
0.9130434782608696
0.975609756097561
0.9166666666666666
0.8461538461538461
0.9285714285714286
0.9459459459459459
0.9574468085106383
0.6216216216216216
1.0
1.0
1.0
1.0
1.0
1.0
1.0
1.0
1.0
0.9375
0.9333333333333333
0.875
1.0
0.9333333333333333
0.9230769230769231
0.9333333333333333
0.9333333333333333
0.8823529411764706
1.0
1.0
1.0
0.9333333333333333
0.9333333333333333
0.8
0.9333333333333333
1.0
1.0
0.9375
1.0
0.9347826086956522
0.9347826086956522
0.9333333333333333
0.8846153846153846
0.9607843137254902
0.6129032258064516
0.52
0.47619047619047616
0.47058823529411764
0.44999999999999996
0.5454545454545454
0.9523809523809523
0.9375
0.9347826086956522
0.9347826086956522
1.0
0.9333333333333333
0.8666666666666667
1.0
0.8666666666666667
0.8666666666666667
0.9883720930232558
1.0
0.989010989010989
1.0
0.53125
0.6153846153846154
0.6129032258064516
0.5882352941176471
0.8888888888888888
0.9117647058823529
0.9166666666666666
1.0
1.0
1.0
0.8571428571428572
1.0
0.8761904761904762
0.6857142857142857
0.8076923076923077
0.875
0.875
0.8493150684931507
0.8493150684931507
0.7058823529411764
0.7058823529411764
0.5526315789473684
0.5526315789473684
0.7058823529411764
0.7058823529411764
0.5657894736842105
1.0
0.9375
0.9375
1.0
1.0
0.43999999999999995
0.8888888888888888
0.7058823529411764
0.696969696969697
0.4901960784313726
0.4901960784313726
0.5454545454545454
0.9178082191780822
0.9178082191780822
1.0
1.0
1.0
1.0
1.0
1.0
1.0
0.9523809523809523
0.9230769230769231
0.9375
1.0
1.0
1.0
1.0
0.9444444444444444
1.0
1.0
1.0
1.0
0.9411764705882353
0.8055555555555556
0.9375
0.9375
0.9142857142857143
0.9736842105263158
0.8846153846153846
0.84375
0.9850746268656716
1.0
1.0
1.0
1.0
1.0
1.0
1.0
1.0
1.0
1.0
1.0
1.0
1.0
1.0
1.0
1.0
1.0
1.0
1.0
1.0
1.0
1.0
1.0
1.0
0.9047619047619048
1.0
1.0
1.0
1.0
1.0
1.0
1.0
1.0
1.0
1.0
1.0
1.0
1.0
1.0
0.7560975609756098
0.5
1.0
1.0
1.0
1.0
0.8275862068965517
0.9090909090909091
0.9090909090909091
1.0
1.0
0.7777777777777778
0.7777777777777778
0.8888888888888888
1.0
1.0
0.9375
0.9615384615384616
0.9444444444444444
0.9285714285714286
1.0
1.0
0.8275862068965517
0.9090909090909091
0.9090909090909091
1.0
0.9090909090909091
1.0
1.0
0.9259259259259259
1.0
1.0
0.9333333333333333
1.0
0.96
0.8823529411764706
0.7241379310344828
0.8333333333333334
0.8020833333333334
0.7922077922077921
0.7241379310344828
0.8709677419354839
1.0
0.9444444444444444
0.5217391304347826
0.9863013698630136
0.9863013698630136
1.0
1.0
1.0
0.9047619047619048
0.9375
0.8571428571428572
0.9333333333333333
0.9333333333333333
0.9090909090909091
0.5740740740740741
0.75
0.9814814814814815
1.0
0.5
0.875
0.8181818181818181
0.3902439024390244
0.5925925925925926
1.0
1.0
1.0
0.64
0.6857142857142857
0.6857142857142857
0.9090909090909091
0.8888888888888888
0.8888888888888888
0.6037735849056604
0.9782608695652174
0.9824561403508771
0.96
0.9886363636363636
0.9726027397260274
0.9333333333333333
0.4814814814814815
0.56
1.0
1.0
0.9375
1.0
1.0
1.0
0.8666666666666667
1.0
0.9333333333333333
1.0
1.0
0.9824561403508771
0.9649122807017544
0.7835051546391752
1.0
1.0
0.9090909090909091
0.7272727272727273
0.7878787878787878
0.9230769230769231
0.6216216216216216
1.0
0.9333333333333333
0.8055555555555556
0.9722222222222222
1.0
0.9487179487179487
0.9487179487179487
0.9
0.7692307692307692
0.7058823529411764
0.9333333333333333
0.875
0.9375
1.0
0.9333333333333333
0.9333333333333333
0.9333333333333333
0.8
0.8
0.8
0.8
0.8
0.8
0.8
0.8
0.85
0.85
0.8717948717948718
0.9210526315789473
0.7560975609756098
0.7560975609756098
0.4
0.3173076923076923
1.0
1.0
1.0
1.0
1.0
0.8846153846153846
0.7758620689655172
0.9230769230769231
1.0
1.0
1.0
1.0
1.0
0.8823529411764706
0.96
0.9117647058823529
0.95
0.9117647058823529
0.8666666666666667
1.0
1.0
1.0
1.0
0.9696969696969697
0.8641975308641976
0.9696969696969697
1.0
0.6666666666666667
1.0
1.0
0.6222222222222222
0.4152542372881356
0.8205128205128205
0.911504424778761
0.7978723404255319
0.9367088607594937
0.7383177570093458
0.8131868131868132
0.3771929824561403
0.3771929824561403
0.9418604651162791
1.0
0.9818181818181818
1.0
1.0
1.0
0.5068493150684932
1.0
0.4651162790697675
0.8888888888888888
0.9333333333333333
1.0
0.4285714285714286
0.4285714285714286
0.95
0.95
0.9090909090909091
0.6896551724137931
1.0
1.0
1.0
1.0
1.0
0.7361111111111112
0.7361111111111112
0.9767441860465116
0.8305084745762712
0.9904761904761905
0.9903846153846154
0.970873786407767
0.970873786407767
1.0
1.0
0.9333333333333333
1.0
0.8666666666666667
1.0
1.0
1.0
0.8666666666666667
0.9333333333333333
0.9333333333333333
0.9333333333333333
0.875
0.9333333333333333
1.0
1.0
0.631578947368421
0.631578947368421
0.631578947368421
0.631578947368421
0.631578947368421
0.631578947368421
0.631578947368421
0.631578947368421
0.631578947368421
0.631578947368421
1.0
0.631578947368421
0.631578947368421
0.6842105263157895
0.6842105263157895
0.9523809523809523
0.96
0.96
0.9428571428571428
0.9705882352941176
0.8636363636363636
0.9340659340659341
0.9764705882352941
1.0
1.0
1.0
1.0
1.0
1.0
0.6352941176470588
0.8625
0.6982758620689655
0.7475728155339806
0.941747572815534
0.9444444444444444
0.9722222222222222
1.0
1.0
0.9425287356321839
0.9425287356321839
0.9425287356321839
0.9425287356321839
0.8811881188118812
0.6956521739130435
0.6956521739130435
0.6956521739130435
0.9130434782608696
0.6853932584269663
0.9767441860465116
0.9767441860465116
0.7
1.0
1.0
1.0
1.0
1.0
0.7
1.0
0.4528301886792453
1.0
0.9444444444444444
1.0
1.0
0.6896551724137931
0.984375
0.8888888888888888
1.0
1.0
1.0
0.9459459459459459
1.0
0.9722222222222222
0.9777777777777777
1.0
0.967741935483871
0.9772727272727273
1.0
0.9722222222222222
1.0
0.8571428571428572
1.0
0.8387096774193549
0.8823529411764706
1.0
1.0
1.0
1.0
1.0
0.6666666666666667
0.9722222222222222
0.967741935483871
0.967741935483871
0.935483870967742
0.935483870967742
0.9545454545454546
0.967741935483871
0.7446808510638299
0.9701492537313433
0.967741935483871
0.7413793103448276
0.9333333333333333
0.9333333333333333
0.8888888888888888
0.8888888888888888
0.631578947368421
0.631578947368421
0.875
0.75
0.75
0.8888888888888888
0.9090909090909091
0.9090909090909091
0.9444444444444444
0.9444444444444444
0.88
0.8666666666666667
0.9230769230769231
0.8333333333333334
0.47619047619047616
1.0
0.8888888888888888
0.56
0.56
0.56
0.33333333333333337
0.33333333333333337
0.3870967741935484
0.4426229508196722
0.4426229508196722
0.5
0.4736842105263158
0.5454545454545454
0.6923076923076923
0.5882352941176471
0.7164179104477613
0.6923076923076923
0.5818181818181818
0.9294117647058824
0.9294117647058824
1.0
1.0
1.0
0.96
1.0
1.0
1.0
1.0
0.9523809523809523
1.0
1.0
1.0
1.0
0.9767441860465116
0.8611111111111112
0.8611111111111112
1.0
0.8476190476190476
0.9333333333333333
0.9833333333333333
0.9767441860465116
0.9836065573770492
1.0
0.9523809523809523
1.0
0.9333333333333333
0.5151515151515151
0.8125
0.6607142857142857
1.0
0.9333333333333333
0.9333333333333333
0.9857142857142858
0.9270833333333334
0.8888888888888888
0.8947368421052632
0.8947368421052632
0.9565217391304348
0.7792207792207793
1.0
0.7741935483870968
0.9534883720930233
0.9175257731958762
0.9175257731958762
1.0
0.9714285714285714
0.9333333333333333
1.0
0.9333333333333333
0.9375
0.9333333333333333
0.9375
1.0
0.9333333333333333
0.9230769230769231
0.9375
1.0
1.0
1.0
0.8852459016393442
0.875
0.98
0.875
1.0
0.8666666666666667
1.0
0.9375
1.0
1.0
1.0
1.0
0.9375
0.9375
0.9375
0.9333333333333333
0.875
0.875
0.8823529411764706
0.9375
0.9333333333333333
0.875
1.0
0.9333333333333333
1.0
0.9032258064516129
0.9032258064516129
0.9655172413793104
0.875
1.0
0.9540229885057472
0.9375
0.9333333333333333
0.9333333333333333
0.9333333333333333
0.9375
0.9375
0.9545454545454546
0.9333333333333333
1.0
1.0
1.0
0.9333333333333333
1.0
1.0
1.0
1.0
0.9642857142857143
0.9
0.8181818181818181
0.9545454545454546
0.7666666666666666
1.0
1.0
0.8666666666666667
0.9523809523809523
0.9333333333333333
0.9333333333333333
1.0
0.9333333333333333
0.9333333333333333
0.9333333333333333
0.8125
0.9375
1.0
1.0
0.7894736842105263
1.0
0.4444444444444444
0.9230769230769231
1.0
0.5454545454545454
0.2857142857142857
0.9230769230769231
0.9230769230769231
0.4878048780487805
1.0
0.48571428571428577
0.8333333333333334
0.75
0.736842105263158
1.0
1.0
1.0
0.4736842105263158
0.9736842105263158
0.9428571428571428
0.9473684210526316
0.8837209302325582
1.0
0.546875
0.578125
0.4883720930232558
0.578125
0.609375
0.5238095238095238
0.9545454545454546
0.4772727272727273
0.7317073170731707
0.9523809523809523
0.7222222222222222
0.5555555555555556
0.6153846153846154
1.0
0.9411764705882353
0.611764705882353
0.611764705882353
0.8089887640449438
1.0
0.9411764705882353
1.0
1.0
0.8688524590163934
0.9326923076923077
0.9772727272727273
0.9375
0.9375
0.875
0.7777777777777778
0.7777777777777778
0.7837837837837838
0.7837837837837838
0.9375
1.0
0.8378378378378378
0.9714285714285714
0.9032258064516129
0.4666666666666667
0.8421052631578947
0.9142857142857143
0.9142857142857143
0.9142857142857143
0.9142857142857143
0.875
1.0
0.5918367346938775
0.5185185185185186
0.8181818181818181
0.9545454545454546
1.0
0.8235294117647058
0.625
0.9814814814814815
1.0
1.0
0.8217821782178218
0.9701492537313433
0.8144329896907216
0.8041237113402062
0.9636363636363636
0.9743589743589743
0.9545454545454546
1.0
0.6666666666666667
0.8181818181818181
1.0
0.6666666666666667
1.0
1.0
1.0
0.9333333333333333
0.9333333333333333
0.9230769230769231
1.0
1.0
0.9375
0.9642857142857143
0.5
0.6461538461538461
0.8846153846153846
1.0
0.6451612903225806
0.8888888888888888
1.0
1.0
1.0
1.0
1.0
1.0
0.45977011494252873
1.0
1.0
1.0
1.0
1.0
1.0
1.0
0.9649122807017544
1.0
0.4625
0.47619047619047616
0.5714285714285714
0.9824561403508771
0.7090909090909091
0.9333333333333333
0.9032258064516129
0.8787878787878788
0.8571428571428572
0.5454545454545454
0.6363636363636364
0.3943661971830986
0.6363636363636364
0.8709677419354839
0.9666666666666667
1.0
0.9666666666666667
0.8709677419354839
0.8333333333333334
0.9411764705882353
0.9333333333333333
1.0
1.0
1.0
0.9320388349514563
1.0
0.8947368421052632
1.0
0.9636363636363636
1.0
1.0
0.8648648648648649
0.6571428571428571
1.0
1.0
1.0
0.9333333333333333
0.8666666666666667
1.0
0.9333333333333333
0.9375
0.6944444444444444
0.7037037037037037
0.9326923076923077
0.9326923076923077
0.7741935483870968
0.7741935483870968
0.9859154929577465
0.9444444444444444
1.0
1.0
1.0
0.9444444444444444
0.9375
1.0
0.9571428571428572
0.975609756097561
0.9705882352941176
0.8833333333333333
0.8833333333333333
0.796875
1.0
1.0
1.0
1.0
0.9523809523809523
0.8611111111111112
0.9411764705882353
0.611764705882353
0.611764705882353
1.0
1.0
0.5742574257425743
0.5544554455445545
1.0
1.0
0.9404761904761905
1.0
1.0
