0.54
0.8571428571428572
0.8235294117647058
0.9487179487179487
0.9482758620689655
0.7936507936507937
0.9193548387096774
0.9473684210526316
0.6554621848739496
0.8064516129032258
0.9122807017543859
0.9180327868852459
0.40740740740740744
0.40740740740740744
0.36
0.3902439024390244
0.4084507042253521
0.4181818181818182
0.8513513513513513
0.4181818181818182
0.6296296296296297
0.41538461538461535
0.39682539682539686
0.6666666666666667
0.4117647058823529
0.4375
0.4375
0.4339622641509434
0.381578947368421
0.7068965517241379
0.37037037037037035
0.3146067415730337
0.927710843373494
0.9101123595505618
0.36708860759493667
0.8974358974358975
0.4477611940298507
0.4477611940298507
0.4477611940298507
0.36708860759493667
0.9157894736842105
0.99
0.875
0.875
0.875
0.8
0.5294117647058824
0.5238095238095238
0.5
0.41538461538461535
0.6363636363636364
0.6363636363636364
0.48275862068965514
0.5825242718446602
0.45945945945945943
0.3731343283582089
1.0
1.0
1.0
1.0
1.0
0.56
1.0
0.6610169491525424
0.6829268292682926
0.9393939393939394
0.9019607843137255
0.48275862068965514
0.6017699115044248
0.48275862068965514
0.41880341880341876
0.5578947368421052
1.0
1.0
1.0
0.6235294117647059
0.625
0.9310344827586207
0.811965811965812
0.9787234042553191
0.85
0.8076923076923077
0.48275862068965514
0.8421052631578947
0.9333333333333333
0.6923076923076923
0.5294117647058824
0.46153846153846156
0.7894736842105263
0.6730769230769231
0.6730769230769231
0.5333333333333333
0.8461538461538461
1.0
0.8522727272727273
0.8571428571428572
0.8571428571428572
0.7391304347826086
1.0
0.36764705882352944
0.36764705882352944
0.5357142857142857
0.5675675675675675
0.5675675675675675
0.4242424242424242
0.4242424242424242
0.4242424242424242
0.4242424242424242
0.4642857142857143
0.8333333333333334
0.9285714285714286
0.9090909090909091
0.7777777777777778
0.6599999999999999
0.6599999999999999
0.88
0.9230769230769231
0.8947368421052632
0.6829268292682926
0.8717948717948718
0.6521739130434783
0.6923076923076923
0.8428571428571429
0.9491525423728814
0.927710843373494
0.927710843373494
0.9333333333333333
0.9333333333333333
0.4054054054054054
0.4516129032258065
0.4565217391304348
0.8372093023255813
0.6666666666666667
0.9
0.7916666666666666
0.5833333333333333
0.925
0.9666666666666667
0.48888888888888893
0.9666666666666667
0.3918918918918919
0.875
0.875
0.5714285714285714
0.8
0.631578947368421
0.6666666666666667
0.6470588235294117
0.5416666666666667
0.9333333333333333
0.4
0.46153846153846156
0.5333333333333333
0.75
0.7560975609756098
0.5789473684210527
0.631578947368421
0.5
0.5
0.6923076923076923
0.6923076923076923
0.56
0.9696969696969697
0.45833333333333337
1.0
0.6470588235294117
0.5813953488372092
0.575
0.575
1.0
0.5714285714285714
0.5625
0.975609756097561
0.7894736842105263
0.7894736842105263
0.5789473684210527
0.5789473684210527
0.6153846153846154
0.5416666666666667
0.8666666666666667
0.39583333333333337
0.38888888888888884
0.38888888888888884
0.9565217391304348
0.9230769230769231
0.9565217391304348
1.0
1.0
0.6608695652173913
0.6608695652173913
0.6608695652173913
0.6608695652173913
1.0
1.0
0.5897435897435898
0.8125
0.8125
0.8125
0.84375
0.7352941176470589
0.8611111111111112
0.925
0.8235294117647058
1.0
0.49090909090909096
0.4727272727272728
0.31645569620253167
0.6162790697674418
0.6162790697674418
0.21153846153846156
0.21153846153846156
0.46153846153846156
0.3571428571428571
0.28409090909090906
0.28409090909090906
0.28409090909090906
0.3035714285714286
0.3035714285714286
0.21153846153846156
0.21153846153846156
0.46153846153846156
0.3571428571428571
0.28409090909090906
0.28409090909090906
0.28409090909090906
0.29824561403508776
0.29824561403508776
0.9767441860465116
0.4148936170212766
0.4054054054054054
0.8333333333333334
0.5849056603773585
0.9761904761904762
0.9761904761904762
0.9523809523809523
1.0
1.0
1.0
1.0
1.0
0.6216216216216216
0.717948717948718
0.7971014492753623
0.7971014492753623
1.0
0.6571428571428571
0.48
0.6129032258064516
0.6862745098039216
1.0
1.0
1.0
1.0
0.8292682926829268
0.9761904761904762
0.9761904761904762
0.9761904761904762
0.9761904761904762
0.7096774193548387
0.5287356321839081
0.5287356321839081
0.5128205128205128
0.7037037037037037
0.679245283018868
0.6842105263157895
0.48275862068965514
0.4
0.475
0.4411764705882353
0.5727272727272728
0.7608695652173914
0.9759036144578314
0.9191919191919192
0.8571428571428572
0.5416666666666667
1.0
0.875
0.6842105263157895
0.5188679245283019
0.7222222222222222
0.49056603773584906
0.4736842105263158
0.5
0.49056603773584906
0.49056603773584906
0.4242424242424242
0.9333333333333333
0.3793103448275862
0.5714285714285714
0.6285714285714286
0.6470588235294117
0.5172413793103448
0.6136363636363636
0.5779816513761468
0.9285714285714286
0.5333333333333333
0.4285714285714286
0.546875
0.75
0.75
0.75
0.7142857142857143
0.523076923076923
0.5454545454545454
0.6428571428571428
0.9104477611940298
0.875
0.9333333333333333
0.8125
0.9333333333333333
0.8666666666666667
0.717948717948718
0.9393939393939394
0.6153846153846154
0.8648648648648649
0.5
0.7966101694915254
0.4657534246575342
0.8235294117647058
0.8611111111111112
0.8771929824561404
0.9
0.896551724137931
0.6666666666666667
1.0
1.0
0.9333333333333333
0.9210526315789473
0.9210526315789473
0.8048780487804879
0.8048780487804879
0.7857142857142857
0.8048780487804879
0.7358490566037736
0.4545454545454546
0.4545454545454546
0.45614035087719296
0.4411764705882353
0.4032258064516129
0.6868686868686869
0.5425531914893618
0.620253164556962
0.6538461538461539
0.5342465753424658
0.45238095238095233
0.4444444444444444
0.7272727272727273
0.3623188405797102
0.6666666666666667
0.5
0.3623188405797102
0.5
0.6376811594202898
1.0
0.6865671641791045
0.8125
0.5
0.8181818181818181
1.0
0.38888888888888884
0.7222222222222222
0.5555555555555556
0.7941176470588236
0.7647058823529411
0.6222222222222222
0.575
0.5641025641025641
0.6081081081081081
0.6222222222222222
0.7333333333333334
0.9
0.5869565217391304
0.5675675675675675
0.5365853658536586
0.5326086956521738
0.4852941176470589
0.4411764705882353
1.0
0.9375
1.0
0.875
1.0
1.0
1.0
0.6981132075471699
0.55
0.55
0.5263157894736843
0.5263157894736843
0.52
0.52
0.5833333333333333
0.5833333333333333
0.5384615384615384
0.5384615384615384
0.5833333333333333
0.5833333333333333
0.55
0.55
0.5384615384615384
0.5384615384615384
0.5
0.5
0.9285714285714286
0.9285714285714286
1.0
1.0
0.5714285714285714
0.8490566037735849
0.5
0.9
0.33333333333333337
0.5
0.8214285714285714
0.9333333333333333
0.8666666666666667
0.5
0.36986301369863017
0.9473684210526316
0.4571428571428572
0.9375
0.9375
0.5747126436781609
0.6
0.5983606557377049
0.8260869565217391
0.9230769230769231
0.8666666666666667
0.8666666666666667
0.875
0.9333333333333333
0.9444444444444444
0.8666666666666667
0.47058823529411764
0.47058823529411764
0.8214285714285714
0.4545454545454546
0.6842105263157895
0.7540983606557377
0.7540983606557377
0.6842105263157895
0.4222222222222223
0.9047619047619048
0.7916666666666666
0.6333333333333333
0.6799999999999999
0.7
0.6799999999999999
0.72
1.0
0.8571428571428572
1.0
0.42000000000000004
0.5
0.5
0.6
0.43103448275862066
0.43103448275862066
0.7291666666666667
0.5833333333333333
0.5833333333333333
0.631578947368421
1.0
1.0
0.8421052631578947
0.6153846153846154
0.31818181818181823
0.96
0.7272727272727273
0.7272727272727273
0.7272727272727273
0.6363636363636364
0.6363636363636364
0.9333333333333333
0.44680851063829785
0.5714285714285714
0.4545454545454546
0.4375
0.4375
0.7142857142857143
0.43333333333333335
0.6428571428571428
0.43939393939393945
0.4375
0.4375
0.7142857142857143
0.375
0.6548672566371682
0.9333333333333333
0.8387096774193549
0.8125
0.7567567567567568
0.7555555555555555
0.5
0.8095238095238095
0.4444444444444444
0.5833333333333333
0.5714285714285714
0.6799999999999999
0.7857142857142857
0.7857142857142857
0.4385964912280702
0.8
0.8666666666666667
0.8
0.9365079365079365
0.9365079365079365
0.8648648648648649
0.7941176470588236
0.9148936170212766
0.7297297297297297
0.9375
0.85
0.9583333333333334
0.8125
0.8125
0.5428571428571429
0.5428571428571429
0.6623376623376623
0.4084507042253521
0.4084507042253521
0.639344262295082
0.6666666666666667
0.6470588235294117
0.46153846153846156
0.8157894736842105
0.48
0.326530612244898
0.5833333333333333
0.47619047619047616
0.7142857142857143
0.5757575757575757
0.4736842105263158
0.7142857142857143
0.59375
0.375
0.7142857142857143
0.8421052631578947
0.5294117647058824
0.8214285714285714
0.6346153846153846
0.6470588235294117
0.31707317073170727
0.5882352941176471
0.5294117647058824
0.339622641509434
0.4157303370786517
0.972972972972973
0.8947368421052632
0.972972972972973
0.6428571428571428
0.6428571428571428
0.6585365853658536
0.7878787878787878
0.7878787878787878
0.78
0.78
0.48484848484848486
0.48484848484848486
0.6615384615384615
0.8666666666666667
0.875
0.8297872340425532
0.4666666666666667
0.5
0.8571428571428572
0.6923076923076923
0.5116279069767442
0.7708333333333334
0.4
1.0
0.49425287356321834
0.5402298850574713
0.84375
0.84375
0.9705882352941176
0.9897959183673469
0.9797979797979798
0.8571428571428572
0.6470588235294117
0.5882352941176471
0.5882352941176471
0.7155963302752293
0.7058823529411764
0.7777777777777778
0.5869565217391304
0.3928571428571429
0.35
0.5
0.5657894736842105
0.5416666666666667
0.4375
0.6428571428571428
0.8571428571428572
0.9333333333333333
0.875
0.8125
0.9333333333333333
0.736842105263158
0.6363636363636364
0.5576923076923077
0.5205479452054795
1.0
0.5714285714285714
0.9210526315789473
0.3555555555555555
0.3513513513513513
0.5
0.360655737704918
0.360655737704918
0.5238095238095238
1.0
0.875
0.9375
0.5416666666666667
0.5416666666666667
0.9333333333333333
0.525
0.525
0.9333333333333333
0.7894736842105263
0.8285714285714285
0.90625
0.6842105263157895
0.6470588235294117
0.6470588235294117
0.6
0.4918032786885246
0.6029411764705883
0.8395061728395061
0.6470588235294117
0.4067796610169492
0.9130434782608696
0.6190476190476191
0.7777777777777778
0.6428571428571428
0.7954545454545454
0.8636363636363636
0.8974358974358975
0.5869565217391304
0.96875
0.8648648648648649
0.37662337662337664
0.9189189189189189
0.4933333333333333
0.5194805194805194
0.5051546391752577
0.5116279069767442
0.7222222222222222
0.8484848484848485
0.7419354838709677
0.6363636363636364
0.5238095238095238
0.92
0.9545454545454546
0.5274725274725275
0.5340909090909092
0.6814159292035398
0.6607142857142857
0.3660714285714286
0.4727272727272728
1.0
0.8333333333333334
0.47619047619047616
0.7659574468085106
0.47619047619047616
0.8461538461538461
0.8333333333333334
0.9523809523809523
0.9333333333333333
0.9375
0.9333333333333333
0.5416666666666667
0.9333333333333333
0.4736842105263158
0.5
0.6923076923076923
0.7222222222222222
0.5
0.9375
0.896551724137931
0.9074074074074074
0.6727272727272727
0.4528301886792453
0.5
0.6285714285714286
0.5882352941176471
0.5882352941176471
0.41538461538461535
0.4545454545454546
0.8
0.875
0.8125
0.9333333333333333
0.8666666666666667
0.8
0.8125
0.9333333333333333
0.8666666666666667
0.52
0.4193548387096774
0.5454545454545454
0.9444444444444444
0.8899082568807339
0.8317757009345794
1.0
0.39603960396039606
0.7864077669902912
0.417910447761194
0.4852941176470589
0.5555555555555556
0.9157894736842105
0.7023809523809523
0.9315068493150684
0.4545454545454546
0.4354838709677419
0.9411764705882353
0.8144329896907216
0.8144329896907216
0.5092592592592593
0.5092592592592593
0.5757575757575757
0.4285714285714286
0.9285714285714286
0.6666666666666667
0.7272727272727273
0.7341772151898734
0.6666666666666667
0.6666666666666667
0.8260869565217391
0.6470588235294117
0.5294117647058824
0.6
0.48571428571428577
0.6
0.6
0.6
0.6
0.5555555555555556
0.9622641509433962
0.9622641509433962
0.8837209302325582
0.8837209302325582
0.4695652173913043
0.4695652173913043
0.40909090909090906
1.0
1.0
0.6470588235294117
0.8421052631578947
0.4666666666666667
0.3666666666666667
0.3666666666666667
0.6363636363636364
0.8275862068965517
0.6785714285714286
0.6363636363636364
0.5405405405405406
0.7913043478260869
0.36111111111111116
0.3492063492063492
0.328125
0.6799999999999999
0.8095238095238095
0.6170212765957447
0.78
0.9333333333333333
0.7857142857142857
0.875
0.85
0.5
0.46153846153846156
0.7307692307692308
0.8571428571428572
0.5294117647058824
0.6363636363636364
0.6363636363636364
0.7307692307692308
0.7307692307692308
0.5294117647058824
0.7222222222222222
0.5975609756097561
0.5176470588235293
0.5176470588235293
0.3589743589743589
0.47916666666666663
0.43243243243243246
0.6666666666666667
0.7157894736842105
0.6428571428571428
0.5
0.5
0.3414634146341463
0.3414634146341463
0.5675675675675675
0.43103448275862066
0.4137931034482759
0.6923076923076923
0.4181818181818182
0.9454545454545454
0.7727272727272727
0.78125
0.7857142857142857
0.875
0.7391304347826086
0.5125
0.45945945945945943
0.6307692307692307
0.6307692307692307
0.5
0.7857142857142857
0.6956521739130435
0.6956521739130435
0.75
0.7857142857142857
0.6785714285714286
0.6956521739130435
0.36936936936936937
0.9333333333333333
0.7916666666666666
0.9642857142857143
0.5769230769230769
0.8214285714285714
0.9333333333333333
0.7916666666666666
0.9285714285714286
0.5769230769230769
0.8214285714285714
0.6470588235294117
0.41025641025641024
0.8571428571428572
0.6190476190476191
0.8421052631578947
0.5294117647058824
0.5294117647058824
0.6470588235294117
0.55
0.46875
0.5806451612903225
0.5806451612903225
0.5714285714285714
0.76
0.8
0.8
0.6666666666666667
0.37037037037037035
0.3669724770642202
0.5783132530120482
0.37254901960784315
0.4545454545454546
0.3873873873873874
0.5416666666666667
0.43181818181818177
0.4152542372881356
0.4152542372881356
0.4152542372881356
0.4444444444444444
0.9375
0.9375
0.9375
0.9375
0.6086956521739131
0.8571428571428572
0.6666666666666667
0.6666666666666667
0.6923076923076923
0.6086956521739131
0.8571428571428572
0.6666666666666667
0.6666666666666667
0.564516129032258
0.8653846153846154
0.9058823529411765
0.9529411764705882
0.9529411764705882
1.0
0.9036144578313253
0.5764705882352941
1.0
0.875
0.9333333333333333
0.8602150537634409
0.9759036144578314
0.846938775510204
0.8461538461538461
0.8461538461538461
0.9473684210526316
0.9375
0.9021739130434783
0.875
0.9333333333333333
0.90625
0.5555555555555556
0.717948717948718
1.0
0.8018018018018018
0.6
0.6
0.921875
0.921875
0.921875
0.921875
0.989010989010989
0.989010989010989
0.967391304347826
0.967391304347826
0.9782608695652174
0.9782608695652174
1.0
0.8545454545454545
0.8181818181818181
0.7558139534883721
0.7142857142857143
0.6506024096385542
0.9855072463768116
0.648936170212766
0.6526315789473685
0.7916666666666666
1.0
1.0
1.0
0.8333333333333334
0.7916666666666666
0.6071428571428572
1.0
0.85
0.6071428571428572
0.9574468085106383
0.9787234042553191
0.4392523364485982
0.8888888888888888
0.6904761904761905
0.8909090909090909
0.8
0.9310344827586207
0.8909090909090909
0.8494623655913979
0.8494623655913979
0.896551724137931
0.8205128205128205
0.8695652173913043
0.453125
0.5
0.8235294117647058
0.7941176470588236
0.5957446808510638
0.7941176470588236
0.72
0.75
0.7941176470588236
1.0
0.8260869565217391
0.6923076923076923
0.4838709677419355
1.0
0.5204081632653061
0.5154639175257731
0.5154639175257731
0.6105263157894737
0.5283018867924528
0.9464285714285714
0.813953488372093
0.6511627906976745
0.5204081632653061
0.4375
0.4375
0.4375
0.4375
0.4339622641509434
1.0
1.0
0.9
0.975609756097561
0.9743589743589743
0.9375
1.0
1.0
0.8023255813953488
0.4444444444444444
0.4375
0.5454545454545454
0.6818181818181819
0.8333333333333334
0.8780487804878049
0.4117647058823529
0.4117647058823529
0.4117647058823529
0.4411764705882353
0.42647058823529416
0.42647058823529416
0.42647058823529416
0.4117647058823529
0.4117647058823529
0.4411764705882353
0.4411764705882353
0.42647058823529416
0.42647058823529416
0.42647058823529416
0.4117647058823529
0.4117647058823529
0.4117647058823529
1.0
0.5526315789473684
0.5526315789473684
0.7625
0.8942307692307693
0.941747572815534
0.9759036144578314
0.7176470588235294
0.9333333333333333
0.875
0.8666666666666667
0.8
0.8666666666666667
0.6486486486486487
0.92
0.7837837837837838
0.8055555555555556
0.6888888888888889
0.653061224489796
0.56
0.4
0.7857142857142857
0.5384615384615384
0.42000000000000004
0.6666666666666667
0.4098360655737705
0.7714285714285715
0.8125
0.5
0.7222222222222222
0.8414634146341463
0.4285714285714286
0.4024390243902439
0.4285714285714286
0.9375
0.9375
0.9375
0.5581395348837209
0.5581395348837209
0.5581395348837209
0.5581395348837209
0.5327102803738317
0.5697674418604651
0.5697674418604651
0.5233644859813085
0.5697674418604651
0.5697674418604651
0.75
0.8656716417910448
0.7619047619047619
0.7058823529411764
0.8717948717948718
0.6630434782608696
0.7777777777777778
0.6741573033707865
0.7564102564102564
0.6122448979591837
0.9787234042553191
0.6829268292682926
0.8125
0.90625
0.9375
0.8484848484848485
0.90625
0.55
0.5
0.5945945945945945
0.44999999999999996
0.8939393939393939
0.36363636363636365
0.5945945945945945
0.5714285714285714
0.5632183908045977
1.0
0.47058823529411764
0.47058823529411764
0.47058823529411764
0.6363636363636364
0.6923076923076923
0.6923076923076923
0.7692307692307692
0.875
0.7857142857142857
0.8125
0.9333333333333333
0.9142857142857143
0.5294117647058824
1.0
1.0
0.4390243902439024
0.4390243902439024
0.6363636363636364
0.925
0.6470588235294117
0.4666666666666667
0.8
1.0
0.9302325581395349
0.9411764705882353
0.9302325581395349
0.8095238095238095
0.9038461538461539
0.9857142857142858
0.49056603773584906
0.49514563106796117
0.48275862068965514
0.5514018691588785
0.5514018691588785
0.8333333333333334
0.8571428571428572
0.875
0.9333333333333333
0.5238095238095238
0.875
0.5454545454545454
0.5
0.5
0.6923076923076923
0.6923076923076923
0.7254901960784313
0.4285714285714286
0.6274509803921569
0.4782608695652174
0.6329113924050633
0.575
0.575
0.575
0.575
0.5416666666666667
0.5416666666666667
0.5384615384615384
0.5384615384615384
0.5
0.5
0.75
0.5714285714285714
0.5625
1.0
1.0
0.8461538461538461
0.34883720930232553
0.9333333333333333
0.5294117647058824
0.5225225225225225
1.0
0.7619047619047619
0.653061224489796
1.0
0.8923076923076922
0.8181818181818181
0.5225225225225225
0.5520833333333333
0.5514018691588785
0.49557522123893805
0.8333333333333334
0.6799999999999999
0.6774193548387097
0.6829268292682926
0.5757575757575757
0.9714285714285714
0.7619047619047619
0.5294117647058824
0.9393939393939394
0.8095238095238095
0.8292682926829268
1.0
0.5257731958762887
0.5257731958762887
1.0
0.8829787234042553
1.0
1.0
0.5833333333333333
0.47058823529411764
0.42307692307692313
0.4285714285714286
0.4375
0.4516129032258065
0.5
0.5
0.3076923076923077
0.47058823529411764
0.4285714285714286
0.5
0.368421052631579
0.48611111111111116
0.36363636363636365
0.36363636363636365
0.5625
0.5
0.7857142857142857
0.9591836734693877
0.9411764705882353
0.9454545454545454
0.9361702127659575
0.5957446808510638
0.8392857142857143
0.8269230769230769
0.6559139784946236
0.641025641025641
0.8588235294117648
0.85
0.4736842105263158
0.38235294117647056
0.45614035087719296
0.7857142857142857
0.875
1.0
1.0
0.6666666666666667
0.8969072164948454
1.0
0.5844155844155844
0.5227272727272727
0.5858585858585859
0.6185567010309279
0.5918367346938775
0.7027027027027026
0.6333333333333333
0.9384615384615385
0.6
0.7777777777777778
0.6666666666666667
0.5432098765432098
0.5432098765432098
0.48275862068965514
0.48275862068965514
0.48275862068965514
0.6074766355140186
0.9716981132075472
0.9716981132075472
0.5696202531645569
0.5113636363636364
0.5432098765432098
0.5357142857142857
0.5421686746987953
0.9263157894736842
0.5822784810126582
0.5432098765432098
0.5432098765432098
0.4814814814814815
0.5696202531645569
0.6599999999999999
0.9473684210526316
0.9375
0.8863636363636364
0.6842105263157895
0.8125
0.875
0.8
0.7857142857142857
0.7619047619047619
0.6938775510204082
0.872093023255814
0.7289719626168225
0.8645833333333334
0.5466666666666666
1.0
0.8125
0.9333333333333333
0.9333333333333333
0.5897435897435898
0.6875
0.4782608695652174
0.6153846153846154
0.4782608695652174
0.6125
0.3529411764705882
0.34615384615384615
0.38095238095238093
0.6153846153846154
0.4782608695652174
0.4418604651162791
0.5844155844155844
0.5375
0.5974025974025974
0.6836734693877551
0.8125
0.8666666666666667
0.8
0.5
0.875
0.9333333333333333
0.9333333333333333
0.9333333333333333
0.9333333333333333
0.9333333333333333
0.9333333333333333
0.8666666666666667
0.6170212765957447
0.6463414634146342
0.52
0.6347826086956522
0.6347826086956522
0.6923076923076923
0.6571428571428571
0.822429906542056
0.9574468085106383
0.813953488372093
0.9787234042553191
0.9431818181818182
0.9574468085106383
0.3571428571428571
0.9574468085106383
0.9253731343283582
0.8350515463917526
0.33644859813084116
0.7433628318584071
0.5846153846153845
0.6829268292682926
0.9787234042553191
0.9012345679012346
0.2990654205607477
0.7857142857142857
0.3414634146341463
0.9333333333333333
0.9333333333333333
0.75
0.6363636363636364
0.8
0.43999999999999995
0.5897435897435898
0.8421052631578947
0.8352941176470589
0.5116279069767442
0.5542168674698795
0.5714285714285714
0.53125
0.6774193548387097
0.7
0.6944444444444444
0.7878787878787878
0.5161290322580645
0.7
0.5779816513761468
0.5779816513761468
1.0
0.6904761904761905
0.5769230769230769
0.6133333333333333
0.8947368421052632
0.4897959183673469
0.5952380952380952
0.4831460674157303
0.4831460674157303
0.5576923076923077
0.6744186046511628
0.7073170731707317
0.6231884057971014
0.5
0.8857142857142857
0.9659090909090909
0.6376811594202898
0.6041666666666667
0.6521739130434783
0.9577464788732395
0.8607594936708861
0.9782608695652174
0.6603773584905661
0.7073170731707317
0.5945945945945945
0.5609756097560976
0.6067415730337078
0.48275862068965514
0.5
0.921875
1.0
1.0
1.0
1.0
1.0
0.875
0.9375
0.9375
0.6923076923076923
0.7857142857142857
0.76
0.7692307692307692
0.7692307692307692
0.8823529411764706
0.8536585365853658
0.4354838709677419
0.7692307692307692
0.4590163934426229
0.47058823529411764
0.6627906976744187
0.8153846153846154
0.532258064516129
0.5806451612903225
0.5208333333333333
0.85
0.8055555555555556
0.9761904761904762
0.9761904761904762
0.9761904761904762
0.9761904761904762
0.8611111111111112
0.8611111111111112
0.6785714285714286
0.6904761904761905
0.7894736842105263
0.7142857142857143
1.0
0.6904761904761905
0.7619047619047619
0.8444444444444444
0.8823529411764706
1.0
1.0
0.4444444444444444
0.45238095238095233
0.45238095238095233
0.5714285714285714
0.5185185185185186
0.717948717948718
0.7263157894736842
0.7263157894736842
0.7790697674418605
0.9590163934426229
0.8403361344537815
0.8165137614678899
0.898876404494382
0.7222222222222222
0.8245614035087719
0.7222222222222222
0.8245614035087719
0.9333333333333333
0.4814814814814815
1.0
0.6627906976744187
0.925
0.9574468085106383
0.7674418604651163
1.0
1.0
1.0
1.0
0.9310344827586207
1.0
1.0
1.0
1.0
1.0
0.9393939393939394
1.0
0.6428571428571428
0.926829268292683
1.0
0.7333333333333334
1.0
1.0
0.9574468085106383
0.9574468085106383
1.0
0.8888888888888888
0.44067796610169496
0.8863636363636364
1.0
0.7142857142857143
0.4545454545454546
0.8571428571428572
0.7142857142857143
0.6923076923076923
0.6923076923076923
0.7692307692307692
0.367816091954023
0.367816091954023
0.367816091954023
0.367816091954023
0.4
0.9148936170212766
0.9791666666666666
0.9574468085106383
0.9333333333333333
0.8648648648648649
0.65
0.65
0.42000000000000004
1.0
0.5714285714285714
0.3939393939393939
0.631578947368421
0.4444444444444444
0.6470588235294117
0.5
0.5
0.6470588235294117
0.8571428571428572
0.5909090909090908
0.9333333333333333
0.7222222222222222
0.46153846153846156
0.46808510638297873
0.6111111111111112
0.5625
0.8214285714285714
0.40740740740740744
0.40740740740740744
0.5714285714285714
0.5
0.5
0.6153846153846154
0.875
0.5416666666666667
1.0
0.6923076923076923
0.4545454545454546
0.4871794871794872
0.5625
0.5
0.4461538461538461
0.6428571428571428
0.6666666666666667
0.62
0.5573770491803278
0.7941176470588236
0.6476190476190475
0.9333333333333333
0.8666666666666667
0.9574468085106383
0.9583333333333334
0.5714285714285714
0.6956521739130435
0.6956521739130435
0.8214285714285714
0.7307692307692308
0.9787234042553191
0.9787234042553191
0.4571428571428572
0.875
0.9333333333333333
0.8
0.8125
0.9333333333333333
0.8484848484848485
0.8787878787878788
1.0
1.0
0.85
0.5692307692307692
0.35
0.9
0.627906976744186
0.7714285714285715
0.8823529411764706
0.6
0.5789473684210527
0.5789473684210527
1.0
0.9743589743589743
0.9743589743589743
0.6666666666666667
0.9166666666666666
0.5076923076923077
0.5
0.4464285714285714
0.6551724137931034
0.6615384615384615
0.48684210526315785
1.0
1.0
0.40625
0.44791666666666663
0.5391304347826087
0.5076923076923077
0.39534883720930236
0.40217391304347827
0.4117647058823529
0.4
0.5747126436781609
0.5176470588235293
0.5340909090909092
0.9333333333333333
0.8125
0.8666666666666667
0.9333333333333333
0.875
0.9333333333333333
0.8666666666666667
0.6666666666666667
0.8235294117647058
0.8709677419354839
0.8709677419354839
0.9333333333333333
0.9183673469387755
1.0
0.717948717948718
0.9344262295081968
0.94
1.0
0.8433734939759037
0.8865979381443299
0.953125
0.8313253012048193
0.8103448275862069
0.8103448275862069
1.0
1.0
0.9259259259259259
0.8947368421052632
0.875
0.8125
0.875
0.875
0.875
0.875
0.5652173913043479
0.9333333333333333
0.8765432098765432
0.7582417582417582
0.7945205479452055
0.7945205479452055
0.5432098765432098
0.5308641975308642
0.9038461538461539
0.9761904761904762
0.92
0.5194805194805194
0.5194805194805194
0.5194805194805194
0.9666666666666667
1.0
0.9545454545454546
0.9642857142857143
0.9230769230769231
0.935483870967742
0.75
0.75
0.3866666666666667
0.5113636363636364
0.5783132530120482
1.0
0.8928571428571429
0.875
0.8666666666666667
0.9333333333333333
0.9333333333333333
0.9333333333333333
0.9333333333333333
0.9333333333333333
0.6779661016949152
0.5443037974683544
0.5176470588235293
0.8958333333333334
0.9166666666666666
0.9333333333333333
0.8666666666666667
0.6190476190476191
0.875
0.875
0.8125
0.5454545454545454
0.5652173913043479
1.0
0.875
0.38095238095238093
0.5
0.5
0.8214285714285714
0.8
0.41860465116279066
0.5
0.46341463414634143
0.32258064516129037
0.41860465116279066
0.6470588235294117
0.5463917525773196
0.8125
0.5882352941176471
0.75
0.4242424242424242
0.5454545454545454
0.5454545454545454
0.41666666666666663
0.41666666666666663
0.6153846153846154
0.5625
0.4878048780487805
0.40740740740740744
0.5238095238095238
0.6
0.4666666666666667
0.6829268292682926
1.0
0.7613636363636364
0.6554621848739496
0.7168141592920354
0.7168141592920354
0.945054945054945
0.9651162790697675
0.8301886792452831
0.8301886792452831
0.9333333333333333
0.9333333333333333
0.7142857142857143
0.7142857142857143
0.3793103448275862
0.9512195121951219
0.9512195121951219
0.7575757575757576
0.7575757575757576
0.7575757575757576
0.7230769230769231
0.4852941176470589
0.5949367088607596
1.0
0.9166666666666666
0.5377358490566038
0.617283950617284
0.8666666666666667
0.875
0.8125
0.8125
1.0
0.926829268292683
0.6635514018691588
0.6904761904761905
0.691358024691358
0.6470588235294117
0.6436781609195402
0.8409090909090909
0.6904761904761905
0.7142857142857143
0.6666666666666667
0.6590909090909092
0.8478260869565217
0.9340659340659341
0.4181818181818182
0.4181818181818182
0.6666666666666667
0.96875
0.8571428571428572
0.7777777777777778
0.5
0.6363636363636364
0.5
0.4157303370786517
0.4157303370786517
0.6
0.4545454545454546
0.5735294117647058
0.415929203539823
0.6428571428571428
0.6428571428571428
0.7222222222222222
1.0
0.4181818181818182
0.4084507042253521
0.47663551401869164
0.48275862068965514
0.47663551401869164
0.48275862068965514
0.4672897196261683
0.48275862068965514
0.4672897196261683
0.48275862068965514
0.4807692307692307
0.485981308411215
0.9358974358974359
1.0
0.5405405405405406
0.5432098765432098
0.4181818181818182
0.4477611940298507
0.4084507042253521
0.6666666666666667
0.4181818181818182
1.0
0.7857142857142857
0.7857142857142857
0.8235294117647058
0.6153846153846154
0.8717948717948718
0.3728813559322034
0.7777777777777778
0.46153846153846156
0.6979166666666667
0.7391304347826086
0.8666666666666667
0.5873015873015873
0.6428571428571428
0.3902439024390244
0.6428571428571428
0.6428571428571428
0.9795918367346939
0.7840909090909091
0.5952380952380952
0.946236559139785
0.946236559139785
0.6
1.0
0.5045871559633027
1.0
1.0
0.4444444444444444
0.8860759493670887
1.0
1.0
0.8037383177570093
0.8037383177570093
0.8037383177570093
0.8037383177570093
0.8130841121495327
0.8130841121495327
0.8037383177570093
0.8037383177570093
0.5925925925925926
0.5925925925925926
0.5048543689320388
0.5555555555555556
0.48275862068965514
0.6190476190476191
0.9333333333333333
0.8125
1.0
0.9333333333333333
0.8125
0.56
0.6774193548387097
0.6
0.7
0.33333333333333337
0.8571428571428572
1.0
0.7021276595744681
0.3666666666666667
0.5714285714285714
0.6226415094339622
0.6226415094339622
0.6923076923076923
0.6923076923076923
0.7692307692307692
0.6153846153846154
0.5145631067961165
0.4786324786324786
0.5339805825242718
0.5145631067961165
0.4786324786324786
0.9014084507042254
0.9038461538461539
0.9014084507042254
0.9038461538461539
0.9014084507042254
0.9038461538461539
1.0
1.0
0.8952380952380953
0.8352941176470589
1.0
1.0
1.0
0.8952380952380953
0.8352941176470589
1.0
1.0
1.0
0.7272727272727273
0.7272727272727273
0.794392523364486
0.794392523364486
1.0
0.8317757009345794
0.8317757009345794
1.0
0.752808988764045
0.8598130841121495
0.8598130841121495
0.822429906542056
0.822429906542056
0.8952380952380953
0.8352941176470589
1.0
0.5145631067961165
0.5339805825242718
0.5444444444444445
0.5357142857142857
0.6170212765957447
0.5145631067961165
0.5339805825242718
0.5444444444444445
0.5145631067961165
0.5444444444444445
0.5
0.6170212765957447
0.5145631067961165
0.5444444444444445
0.5145631067961165
0.5145631067961165
0.5444444444444445
0.5
0.6170212765957447
0.6170212765957447
0.5145631067961165
0.5145631067961165
0.5444444444444445
0.5411764705882354
0.5339805825242718
0.5357142857142857
0.5145631067961165
0.5444444444444445
0.987012987012987
0.987012987012987
0.6904761904761905
0.7142857142857143
0.6666666666666667
0.6590909090909092
0.8478260869565217
0.4181818181818182
0.4181818181818182
0.4426229508196722
0.4426229508196722
0.4181818181818182
1.0
0.4339622641509434
1.0
1.0
0.4375
0.4509803921568627
0.4181818181818182
0.4375
0.4375
0.4181818181818182
0.4375
0.4375
0.4375
0.4339622641509434
0.48275862068965514
0.8292682926829268
0.17307692307692313
0.17307692307692313
0.4181818181818182
0.4181818181818182
0.4807692307692307
0.47619047619047616
0.4181818181818182
0.28409090909090906
0.28409090909090906
0.28409090909090906
0.27692307692307694
0.4545454545454546
0.4285714285714286
0.4181818181818182
0.4181818181818182
0.4375
0.4375
0.4375
0.4509803921568627
0.4642857142857143
0.8717948717948718
0.7619047619047619
1.0
1.0
0.5555555555555556
0.36986301369863017
0.4084507042253521
0.75
0.4375
0.4375
0.8571428571428572
0.4375
0.4375
0.4375
0.7222222222222222
0.6153846153846154
0.6666666666666667
0.47058823529411764
0.3571428571428571
0.5555555555555556
0.4375
0.4444444444444444
1.0
1.0
1.0
1.0
0.7777777777777778
0.7777777777777778
0.7777777777777778
0.7924528301886793
0.7924528301886793
0.7924528301886793
1.0
0.9142857142857143
0.8484848484848485
0.4727272727272728
0.9142857142857143
0.8484848484848485
0.9142857142857143
0.8484848484848485
0.9142857142857143
0.8484848484848485
0.8
0.9142857142857143
1.0
0.9178082191780822
1.0
0.7857142857142857
0.7391304347826086
0.9285714285714286
0.8793103448275862
0.7678571428571428
0.7391304347826086
0.7297297297297297
0.8032786885245902
0.8620689655172413
0.8032786885245902
0.8032786885245902
0.8620689655172413
0.8148148148148149
0.8571428571428572
0.7962962962962963
0.8571428571428572
1.0
0.8793103448275862
0.9230769230769231
0.7792207792207793
0.8028169014084507
0.8793103448275862
0.8714285714285714
0.5
0.9473684210526316
0.5957446808510638
0.8793103448275862
1.0
0.8928571428571429
0.5217391304347826
0.8148148148148149
1.0
0.9230769230769231
0.9230769230769231
0.6944444444444444
0.9166666666666666
0.8333333333333334
0.6944444444444444
0.9833333333333333
0.8333333333333334
0.9833333333333333
0.8333333333333334
0.6145833333333333
0.8333333333333334
0.6145833333333333
0.8333333333333334
0.9833333333333333
0.8333333333333334
0.9090909090909091
0.9285714285714286
0.8148148148148149
0.9333333333333333
0.9333333333333333
0.9333333333333333
1.0
0.9090909090909091
0.8148148148148149
1.0
1.0
1.0
0.9
0.9
1.0
0.9285714285714286
0.9285714285714286
1.0
1.0
0.8666666666666667
1.0
0.6901408450704225
0.8928571428571429
0.8771929824561404
0.8
0.8771929824561404
0.8
0.8771929824561404
0.8
0.8
0.6901408450704225
0.8166666666666667
0.6428571428571428
0.8888888888888888
0.6181818181818182
0.5679012345679013
1.0
0.7857142857142857
0.8571428571428572
0.5
0.6923076923076923
0.6923076923076923
0.48571428571428577
0.368421052631579
0.3943661971830986
0.390625
0.4226804123711341
1.0
1.0
1.0
0.7631578947368421
0.5405405405405406
0.9882352941176471
0.9523809523809523
0.9523809523809523
1.0
0.6923076923076923
1.0
0.8823529411764706
0.9444444444444444
0.5714285714285714
0.979381443298969
0.5692307692307692
0.6065573770491803
0.7857142857142857
0.4871794871794872
0.326530612244898
0.7647058823529411
0.7058823529411764
0.85
0.9361702127659575
0.7142857142857143
1.0
1.0
1.0
0.8181818181818181
1.0
0.9090909090909091
0.9545454545454546
0.36
0.9047619047619048
0.8181818181818181
0.9166666666666666
0.7435897435897436
0.6734693877551021
0.6052631578947368
1.0
0.987012987012987
1.0
1.0
0.7294117647058824
0.8611111111111112
0.9411764705882353
0.6571428571428571
0.5
0.6106194690265487
0.47058823529411764
0.47058823529411764
0.47058823529411764
0.47058823529411764
0.45833333333333337
0.5
0.47058823529411764
0.45569620253164556
0.3484848484848485
0.7142857142857143
0.7142857142857143
0.5
0.6428571428571428
0.6666666666666667
0.7419354838709677
0.5
0.5
0.7692307692307692
0.5274725274725275
0.1923076923076923
0.1923076923076923
0.5128205128205128
0.46808510638297873
0.47619047619047616
0.47619047619047616
0.28409090909090906
0.28409090909090906
0.28409090909090906
0.2666666666666667
0.2666666666666667
0.6666666666666667
0.5921052631578947
0.42307692307692313
0.6904761904761905
0.6823529411764706
0.6593406593406593
0.4807692307692307
0.62
0.8666666666666667
0.5416666666666667
0.52
0.9333333333333333
0.48
0.9333333333333333
0.7857142857142857
0.9333333333333333
0.8
0.5909090909090908
0.8787878787878788
0.825
0.825
0.8205128205128205
0.7857142857142857
0.3928571428571429
0.3928571428571429
0.5555555555555556
0.5869565217391304
1.0
1.0
0.9223300970873787
0.31034482758620685
0.5267857142857143
0.875
0.8125
0.8666666666666667
0.9032258064516129
0.525
0.5094339622641509
0.5046728971962617
0.5046728971962617
0.5094339622641509
0.5157894736842106
0.485981308411215
0.485981308411215
0.6578947368421053
0.5205479452054795
0.5365853658536586
0.6138613861386139
0.45333333333333337
0.9846153846153847
0.9767441860465116
0.45333333333333337
0.9846153846153847
0.9767441860465116
0.45333333333333337
0.9846153846153847
0.9767441860465116
0.6428571428571428
0.6428571428571428
0.5054945054945055
0.6440677966101696
0.6440677966101696
0.728813559322034
0.6440677966101696
0.6440677966101696
0.711864406779661
0.6935483870967742
0.8545454545454545
0.8780487804878049
1.0
1.0
0.95
0.95
1.0
0.375
0.5463917525773196
0.8717948717948718
0.8666666666666667
0.9333333333333333
0.6470588235294117
0.5294117647058824
0.5294117647058824
0.5294117647058824
0.8260869565217391
0.4545454545454546
0.8780487804878049
0.37142857142857144
0.33333333333333337
0.4482758620689655
0.48275862068965514
0.4482758620689655
0.4482758620689655
0.3793103448275862
0.6
0.5432098765432098
0.6170212765957447
0.5432098765432098
0.5432098765432098
0.5048543689320388
0.5048543689320388
0.5432098765432098
0.5308641975308642
0.525
0.6170212765957447
0.49350649350649356
0.9148936170212766
0.43333333333333335
0.43333333333333335
0.43333333333333335
0.44999999999999996
0.44999999999999996
0.44999999999999996
0.8913043478260869
0.41000000000000003
0.41000000000000003
0.7551020408163265
0.21153846153846156
0.21153846153846156
0.9829059829059829
0.9375
0.859375
0.7466666666666666
0.46153846153846156
0.4285714285714286
0.28409090909090906
0.28409090909090906
0.28409090909090906
0.5903614457831325
0.8198198198198199
0.5584415584415585
0.6181818181818182
0.3921568627450981
0.6236559139784946
0.4411764705882353
0.8783783783783784
0.33333333333333337
0.41666666666666663
1.0
0.6206896551724138
1.0
0.896551724137931
0.9107142857142857
0.9137931034482758
1.0
1.0
1.0
1.0
0.94
1.0
1.0
0.9387755102040817
1.0
1.0
0.9552238805970149
1.0
1.0
0.9558823529411765
1.0
1.0
0.94
1.0
0.8709677419354839
0.875
0.7272727272727273
0.5
0.48
0.5
0.48
0.34375
0.775
0.4285714285714286
0.43999999999999995
0.32352941176470584
0.4285714285714286
0.4285714285714286
0.32352941176470584
0.44999999999999996
0.8
0.4
0.5714285714285714
0.326530612244898
0.875
0.9333333333333333
0.8666666666666667
0.8648648648648649
0.7222222222222222
0.30952380952380953
0.5384615384615384
0.5384615384615384
0.6
0.8
0.45945945945945943
0.3771929824561403
0.7840909090909091
0.7840909090909091
0.8333333333333334
0.8333333333333334
0.7840909090909091
0.7840909090909091
0.8333333333333334
0.8333333333333334
0.9863013698630136
0.5903614457831325
0.5764705882352941
0.5833333333333333
0.8317757009345794
0.922077922077922
0.6752136752136753
0.9885057471264368
0.34782608695652173
0.627906976744186
0.8666666666666667
0.627906976744186
0.8666666666666667
0.5698924731182795
0.35
1.0
0.390625
0.37254901960784315
0.4025974025974026
0.4025974025974026
0.4025974025974026
0.4025974025974026
0.6956521739130435
0.873015873015873
0.525
0.525
0.6956521739130435
0.873015873015873
0.35443037974683544
0.3623188405797102
0.9692307692307692
0.3472222222222222
0.5432098765432098
0.5514018691588785
0.5161290322580645
0.5514018691588785
0.3472222222222222
0.3918918918918919
1.0
0.9210526315789473
1.0
0.9210526315789473
0.9649122807017544
0.9736842105263158
0.375
0.9589041095890412
0.9589041095890412
0.7583333333333333
1.0
1.0
0.6567164179104478
0.7222222222222222
0.7222222222222222
0.6875
0.7073170731707317
0.525
0.375
0.5145631067961165
0.37681159420289856
0.3623188405797102
0.9595959595959596
0.36986301369863017
0.5523809523809524
0.36986301369863017
1.0
0.3561643835616438
0.3563218390804598
0.368421052631579
0.5523809523809524
1.0
1.0
0.5263157894736843
0.813953488372093
0.6888888888888889
0.7857142857142857
0.3493975903614458
0.3493975903614458
0.7857142857142857
0.37681159420289856
0.37681159420289856
0.37681159420289856
0.7674418604651163
0.7674418604651163
0.5692307692307692
0.4852941176470589
1.0
0.6145833333333333
0.6122448979591837
0.345679012345679
0.5542168674698795
0.49572649572649574
0.5204081632653061
0.5769230769230769
0.5897435897435898
0.5876288659793815
0.5897435897435898
0.8
0.9333333333333333
0.875
0.896551724137931
0.925
0.95
0.4347826086956522
0.4347826086956522
0.46153846153846156
0.5714285714285714
0.46153846153846156
0.5714285714285714
1.0
0.8666666666666667
0.7674418604651163
0.9433962264150944
0.9433962264150944
1.0
1.0
0.4
0.43181818181818177
0.43181818181818177
0.33333333333333337
1.0
1.0
0.3529411764705882
0.5833333333333333
0.345679012345679
0.8048780487804879
0.5
0.4285714285714286
0.75
0.78125
0.4084507042253521
0.4084507042253521
0.4285714285714286
0.78125
0.8125
0.6166666666666667
0.3943661971830986
0.5
0.5950413223140496
0.5950413223140496
0.5542168674698795
0.9917355371900827
0.5892857142857143
0.6116504854368932
0.5517241379310345
0.5769230769230769
0.5925925925925926
0.9375
0.9375
0.9375
0.9375
0.90625
0.5
0.6779661016949152
0.6779661016949152
0.5975609756097561
0.5932203389830508
0.6829268292682926
1.0
1.0
0.5975609756097561
0.5
0.7313432835820896
1.0
0.7246376811594203
1.0
1.0
1.0
0.8
0.8
0.811965811965812
0.811965811965812
0.4423076923076923
0.8395061728395061
0.9230769230769231
0.5054945054945055
0.5729166666666667
0.49572649572649574
0.48275862068965514
0.4122807017543859
0.4910714285714286
0.5299145299145299
0.6041666666666667
0.9333333333333333
0.875
0.875
0.5510204081632653
0.5978260869565217
0.5542168674698795
0.5542168674698795
0.8214285714285714
0.9473684210526316
0.9615384615384616
0.46875
0.46875
0.5974025974025974
0.44999999999999996
0.5368421052631579
0.5909090909090908
0.5909090909090908
0.7096774193548387
0.7096774193548387
0.4516129032258065
0.4516129032258065
0.41666666666666663
0.47619047619047616
0.4516129032258065
0.4516129032258065
0.7058823529411764
0.5555555555555556
0.4375
0.48
0.6428571428571428
0.46153846153846156
0.5930232558139534
0.5930232558139534
0.5930232558139534
0.48
0.48
0.6764705882352942
0.75
0.43999999999999995
0.5875
0.5529411764705883
0.37681159420289856
0.4953271028037384
1.0
0.4464285714285714
0.43939393939393945
0.5454545454545454
0.9333333333333333
0.9333333333333333
0.9333333333333333
0.8125
0.46875
0.9333333333333333
0.9333333333333333
0.6666666666666667
0.4571428571428572
0.6862745098039216
0.9642857142857143
0.9642857142857143
0.9642857142857143
0.4418604651162791
0.5106382978723405
0.6451612903225806
0.5800000000000001
0.6875
0.8297872340425532
0.8297872340425532
0.6818181818181819
0.75
0.6862745098039216
0.4271844660194175
0.9444444444444444
0.4590163934426229
0.575
0.575
0.9333333333333333
0.8
0.9333333333333333
0.9333333333333333
0.8181818181818181
0.7837837837837838
0.9333333333333333
0.8571428571428572
0.5416666666666667
0.9333333333333333
0.9333333333333333
0.9333333333333333
0.8571428571428572
0.8571428571428572
0.5432098765432098
0.75
0.43333333333333335
0.42727272727272725
0.5094339622641509
0.5454545454545454
0.3829787234042553
0.5652173913043479
0.4782608695652174
0.6599999999999999
0.6599999999999999
0.6599999999999999
0.30666666666666664
0.6
0.5360824742268041
0.9189189189189189
0.7966101694915254
0.8048780487804879
0.5632183908045977
0.875
0.9333333333333333
0.5
0.5
0.5
0.4117647058823529
0.46808510638297873
0.5348837209302326
0.7777777777777778
0.9325842696629214
0.9325842696629214
0.37777777777777777
0.48
0.6428571428571428
0.6190476190476191
0.3846153846153846
0.85
0.8253968253968254
0.6949152542372881
1.0
1.0
0.875
0.9375
0.875
0.9375
0.6091954022988506
0.6091954022988506
0.6869565217391305
0.4852941176470589
0.8666666666666667
0.5764705882352941
0.4375
0.5714285714285714
0.4871794871794872
0.43999999999999995
0.6282051282051282
0.5833333333333333
0.4852941176470589
0.9
0.90625
0.6075949367088608
0.4747474747474747
0.4747474747474747
0.4545454545454546
0.8181818181818181
1.0
0.3571428571428571
0.7272727272727273
0.7272727272727273
0.18181818181818177
0.5166666666666666
0.4444444444444444
0.7857142857142857
0.4464285714285714
0.5789473684210527
0.6282051282051282
0.37037037037037035
0.5
0.8529411764705882
0.40740740740740744
0.4385964912280702
0.4482758620689655
0.4482758620689655
0.5975609756097561
1.0
0.9746835443037974
0.9512195121951219
0.6568627450980392
1.0
0.7575757575757576
0.55
0.55
0.5135135135135135
0.5135135135135135
0.55
0.55
0.65
0.9333333333333333
0.8666666666666667
0.5135135135135135
0.5135135135135135
0.8484848484848485
0.9
0.9
0.9702970297029703
0.9702970297029703
1.0
0.8461538461538461
0.4
0.3620689655172413
0.5952380952380952
0.48
0.6181818181818182
0.34615384615384615
0.9130434782608696
0.43333333333333335
0.7391304347826086
0.5897435897435898
0.525
0.38
0.41025641025641024
0.4
0.9047619047619048
0.5696202531645569
0.6162790697674418
0.3835616438356164
0.36708860759493667
0.8666666666666667
0.8666666666666667
0.9
0.7619047619047619
0.7058823529411764
0.5909090909090908
0.4098360655737705
0.7857142857142857
0.6956521739130435
0.7222222222222222
0.39344262295081966
0.3584905660377359
0.7857142857142857
0.4246575342465754
0.5903614457831325
0.4181818181818182
0.4545454545454546
0.4181818181818182
0.44067796610169496
0.40740740740740744
0.9787234042553191
0.84375
0.8974358974358975
0.6363636363636364
0.35
0.5238095238095238
0.45833333333333337
0.8
0.9523809523809523
0.42500000000000004
0.33333333333333337
0.4
0.4696969696969697
0.45614035087719296
0.5454545454545454
0.5454545454545454
0.4666666666666667
0.9333333333333333
0.9333333333333333
0.9333333333333333
0.9333333333333333
0.8125
0.9333333333333333
0.6
0.8125
0.9333333333333333
0.84375
1.0
1.0
1.0
1.0
0.4137931034482759
0.4181818181818182
0.21568627450980393
0.21568627450980393
0.45833333333333337
0.3564356435643564
0.4871794871794872
0.4285714285714286
0.25373134328358204
0.25373134328358204
1.0
0.8
0.98
0.9611650485436893
0.925
0.95
1.0
0.85
0.9454545454545454
0.7906976744186046
0.9333333333333333
0.8977272727272727
0.6923076923076923
0.7843137254901961
0.5
0.4714285714285714
0.4714285714285714
0.6923076923076923
0.9142857142857143
0.7101449275362319
0.5869565217391304
1.0
1.0
0.9333333333333333
0.9333333333333333
0.9333333333333333
0.9333333333333333
0.875
0.5
0.8695652173913043
0.5952380952380952
1.0
0.5033112582781457
0.7088607594936709
0.7088607594936709
0.6363636363636364
0.8918918918918919
0.9375
0.8648648648648649
0.6629213483146068
0.6629213483146068
0.6629213483146068
0.6629213483146068
0.6428571428571428
0.7241379310344828
0.4579439252336449
0.95
0.7764705882352941
0.47115384615384615
0.7941176470588236
0.65625
0.8899082568807339
0.9479166666666666
0.7647058823529411
0.7647058823529411
1.0
1.0
0.85
0.9782608695652174
0.85
1.0
1.0
0.9069767441860466
0.8767123287671232
0.88
1.0
0.875
0.8666666666666667
0.5873015873015873
0.45070422535211263
0.574468085106383
0.65
0.5714285714285714
0.6956521739130435
0.6956521739130435
0.875
0.5428571428571429
0.7808219178082192
0.7352941176470589
0.8360655737704918
0.8305084745762712
1.0
0.32352941176470584
0.38235294117647056
0.8085106382978724
0.5384615384615384
0.34042553191489366
0.584070796460177
0.584070796460177
0.584070796460177
0.5555555555555556
0.41333333333333333
0.6875
0.8
0.6875
0.8666666666666667
0.8
0.9333333333333333
0.8
0.7857142857142857
0.7857142857142857
0.8666666666666667
0.8157894736842105
0.7894736842105263
1.0
0.38095238095238093
0.5714285714285714
0.7857142857142857
0.46341463414634143
0.9047619047619048
0.6333333333333333
0.6764705882352942
0.675
0.8548387096774194
0.8548387096774194
0.9333333333333333
0.9636363636363636
0.9491525423728814
0.9473684210526316
0.8863636363636364
0.5789473684210527
0.4864864864864865
0.53125
0.48275862068965514
0.5192307692307692
0.9047619047619048
0.6470588235294117
0.4642857142857143
0.9479166666666666
0.9080459770114943
0.8333333333333334
0.8064516129032258
0.6666666666666667
0.75
0.75
0.6615384615384615
0.8163265306122449
0.7959183673469388
0.5360824742268041
0.5164835164835164
0.5
0.9767441860465116
0.5
0.7142857142857143
0.5245901639344263
0.5245901639344263
0.4383561643835616
0.6029411764705883
0.3802816901408451
0.32692307692307687
0.4383561643835616
0.6119402985074627
0.4246575342465754
0.9814814814814815
0.7014925373134329
0.8275862068965517
0.5
0.5
0.71875
0.6888888888888889
0.6888888888888889
0.6744186046511628
0.6744186046511628
0.71875
0.7014925373134329
0.8245614035087719
0.9074074074074074
0.8679245283018868
1.0
1.0
0.9107142857142857
0.8717948717948718
0.962962962962963
0.9107142857142857
0.9473684210526316
0.8888888888888888
0.9142857142857143
0.8888888888888888
0.9333333333333333
0.6071428571428572
0.9
0.6333333333333333
0.4807692307692307
1.0
0.4807692307692307
0.8421052631578947
0.8055555555555556
0.8888888888888888
0.5833333333333333
0.8088235294117647
0.8888888888888888
0.9428571428571428
1.0
0.8727272727272728
0.8947368421052632
0.8909090909090909
0.8727272727272728
0.8727272727272728
0.8727272727272728
0.8947368421052632
0.8727272727272728
0.8909090909090909
0.8909090909090909
0.9
0.8709677419354839
0.9032258064516129
0.8709677419354839
0.9032258064516129
0.9032258064516129
0.8709677419354839
0.96875
0.96875
0.96875
0.96875
1.0
1.0
0.725
1.0
0.8108108108108107
0.9473684210526316
0.5882352941176471
0.9714285714285714
0.8245614035087719
0.8103448275862069
0.962962962962963
0.3561643835616438
0.4666666666666667
0.868421052631579
0.8888888888888888
0.5
0.3548387096774194
0.368421052631579
0.8933333333333333
0.9222222222222223
0.5526315789473684
0.4411764705882353
0.48
0.3529411764705882
0.3529411764705882
0.4666666666666667
1.0
1.0
0.92
1.0
0.7234042553191489
0.7234042553191489
0.9545454545454546
1.0
0.935483870967742
0.5306122448979591
0.38888888888888884
0.37142857142857144
0.35
0.3589743589743589
0.4852941176470589
0.8117647058823529
0.6597938144329897
0.8200000000000001
1.0
0.8200000000000001
1.0
0.6799999999999999
0.7272727272727273
0.810126582278481
0.7941176470588236
0.8823529411764706
0.7894736842105263
0.6976744186046512
0.6222222222222222
0.6379310344827587
0.375
0.75
0.75
0.3846153846153846
0.5
0.38983050847457623
0.3846153846153846
1.0
1.0
0.8461538461538461
0.8717948717948718
0.36923076923076925
0.36986301369863017
0.6176470588235294
0.6486486486486487
0.6129032258064516
0.5806451612903225
0.4098360655737705
0.4098360655737705
0.39344262295081966
0.7037037037037037
0.7083333333333333
0.46153846153846156
0.3529411764705882
0.3653846153846154
0.5581395348837209
0.6
0.7222222222222222
0.3584905660377359
0.3584905660377359
0.3653846153846154
0.3653846153846154
0.36585365853658536
0.7272727272727273
0.8888888888888888
0.7636363636363637
0.6875
0.7241379310344828
1.0
1.0
0.6875
0.8135593220338984
0.5666666666666667
0.5675675675675675
0.5740740740740741
0.6521739130434783
0.5
0.33333333333333337
0.72
0.7857142857142857
0.6666666666666667
0.4545454545454546
0.6119402985074627
1.0
0.6779661016949152
0.46464646464646464
0.5277777777777778
0.5277777777777778
0.537037037037037
0.5277777777777778
0.5679012345679013
0.48275862068965514
0.5714285714285714
0.9782608695652174
1.0
1.0
0.92
0.9782608695652174
0.92
1.0
0.975
0.8571428571428572
0.9493670886075949
0.8558558558558559
1.0
0.875
0.9333333333333333
0.8666666666666667
0.9506172839506173
0.3970588235294118
0.5
0.9393939393939394
0.5714285714285714
0.4545454545454546
0.9473684210526316
0.523076923076923
0.523076923076923
0.3620689655172413
0.5
0.43333333333333335
0.8666666666666667
0.9333333333333333
0.75
0.9333333333333333
0.8823529411764706
0.6153846153846154
0.8125
0.6363636363636364
0.6363636363636364
0.6
0.5454545454545454
0.6470588235294117
0.6
0.6
0.6
0.875
0.8524590163934427
0.8571428571428572
0.8157894736842105
0.6875
1.0
0.7
0.4591836734693877
0.5517241379310345
0.48275862068965514
1.0
0.935483870967742
0.92
1.0
0.9545454545454546
1.0
0.9534883720930233
0.8571428571428572
0.8157894736842105
0.6875
1.0
0.7
0.9459459459459459
0.9375
1.0
0.9459459459459459
0.935483870967742
0.9375
0.84375
0.6578947368421053
0.85
0.85
0.37142857142857144
0.37142857142857144
0.37142857142857144
0.37142857142857144
0.3857142857142857
0.37142857142857144
0.34883720930232553
0.34883720930232553
0.3857142857142857
0.34090909090909094
0.37142857142857144
0.37142857142857144
0.5111111111111111
0.3669724770642202
0.5161290322580645
0.5161290322580645
0.5161290322580645
0.9
0.9
0.5111111111111111
0.5111111111111111
0.5111111111111111
0.86
0.86
0.38636363636363635
0.49056603773584906
0.34426229508196726
0.4526315789473684
0.4526315789473684
0.5111111111111111
0.5111111111111111
0.5111111111111111
0.86
0.86
0.9767441860465116
0.9767441860465116
0.5294117647058824
0.5277777777777778
1.0
0.8648648648648649
0.717948717948718
0.9464285714285714
0.9166666666666666
1.0
1.0
0.92
1.0
0.8571428571428572
0.4098360655737705
0.4098360655737705
0.4098360655737705
0.4375
0.8666666666666667
0.8666666666666667
0.8387096774193549
0.8387096774193549
1.0
0.9032258064516129
0.9032258064516129
0.9333333333333333
0.868421052631579
0.9333333333333333
0.9
0.9310344827586207
0.9310344827586207
0.9
0.8947368421052632
0.9333333333333333
0.8947368421052632
0.9333333333333333
0.8947368421052632
0.9333333333333333
0.9333333333333333
0.9310344827586207
0.9
0.9333333333333333
0.868421052631579
0.9333333333333333
0.9333333333333333
0.9
0.9
0.868421052631579
0.9333333333333333
0.9
0.9333333333333333
0.868421052631579
0.9333333333333333
0.9333333333333333
0.8484848484848485
0.8181818181818181
0.9032258064516129
0.9032258064516129
0.7555555555555555
0.9032258064516129
0.9032258064516129
0.7555555555555555
0.8421052631578947
0.9333333333333333
0.9333333333333333
0.9333333333333333
0.9
0.9
0.9333333333333333
0.8421052631578947
0.9333333333333333
0.9333333333333333
0.9333333333333333
0.8421052631578947
0.8421052631578947
0.9333333333333333
0.9310344827586207
0.9333333333333333
0.9333333333333333
0.9333333333333333
0.8461538461538461
0.84375
0.9310344827586207
0.9333333333333333
0.9333333333333333
0.7848101265822784
0.8955223880597015
0.9333333333333333
0.9333333333333333
0.8
0.9333333333333333
0.6785714285714286
0.9
0.9
0.8484848484848485
0.9333333333333333
0.9333333333333333
0.9310344827586207
0.9333333333333333
0.9333333333333333
0.9333333333333333
0.9333333333333333
0.9333333333333333
0.8421052631578947
0.9333333333333333
0.9
0.7974683544303798
0.8947368421052632
0.9
0.9
0.7974683544303798
0.9333333333333333
0.9
0.8
0.8421052631578947
0.8421052631578947
0.8
0.9333333333333333
0.6521739130434783
0.868421052631579
0.8636363636363636
0.9032258064516129
0.9032258064516129
0.9787234042553191
0.9032258064516129
0.9032258064516129
0.9787234042553191
0.868421052631579
0.9
0.9787234042553191
0.9333333333333333
0.9
0.9333333333333333
0.8461538461538461
0.7457627118644068
0.6774193548387097
0.9333333333333333
0.868421052631579
0.9
0.9333333333333333
0.9
0.9333333333333333
0.8461538461538461
0.8333333333333334
0.8
0.9310344827586207
0.9310344827586207
0.9
0.8461538461538461
0.8333333333333334
0.9402985074626866
0.675
0.9
0.9560439560439561
0.9560439560439561
0.868421052631579
0.9
0.9032258064516129
0.7586206896551724
0.9
0.8421052631578947
0.8484848484848485
0.835820895522388
0.8
0.8421052631578947
0.8484848484848485
0.835820895522388
0.8
0.9310344827586207
0.9310344827586207
0.868421052631579
0.8461538461538461
0.8333333333333334
0.868421052631579
0.9
0.9333333333333333
0.7162162162162162
0.9
0.9333333333333333
0.8461538461538461
0.8333333333333334
0.8
0.9310344827586207
0.9310344827586207
0.9
0.8461538461538461
0.8333333333333334
0.7848101265822784
0.9
0.9787234042553191
0.9574468085106383
0.868421052631579
0.9032258064516129
0.9032258064516129
0.8208955223880597
0.868421052631579
0.9032258064516129
0.9032258064516129
0.8208955223880597
0.868421052631579
0.9032258064516129
0.9032258064516129
0.8333333333333334
0.868421052631579
0.9
0.9333333333333333
0.9
0.9333333333333333
0.8947368421052632
0.9574468085106383
0.9333333333333333
0.9333333333333333
0.9
0.9333333333333333
0.9333333333333333
0.9
0.868421052631579
0.8709677419354839
0.9032258064516129
0.8333333333333334
0.9032258064516129
0.8333333333333334
0.868421052631579
0.9032258064516129
0.9032258064516129
0.8333333333333334
0.9032258064516129
0.8484848484848485
0.8421052631578947
0.9
0.9333333333333333
0.9
0.9333333333333333
0.9333333333333333
0.9
0.9333333333333333
0.8947368421052632
0.6292134831460674
0.6292134831460674
0.9333333333333333
0.9333333333333333
0.9333333333333333
0.868421052631579
0.9333333333333333
0.8615384615384616
0.8412698412698413
0.868421052631579
0.9333333333333333
0.8615384615384616
0.8412698412698413
1.0
1.0
0.868421052631579
0.9333333333333333
0.8615384615384616
0.8412698412698413
0.868421052631579
0.9333333333333333
0.9333333333333333
0.868421052631579
0.9333333333333333
0.868421052631579
0.8947368421052632
0.9333333333333333
0.8615384615384616
0.8412698412698413
0.8947368421052632
0.9333333333333333
0.8615384615384616
0.8412698412698413
1.0
1.0
0.8947368421052632
0.9333333333333333
0.8615384615384616
0.8412698412698413
0.47619047619047616
0.40625
0.5217391304347826
0.5294117647058824
0.43333333333333335
0.5217391304347826
0.6
0.56
0.5873015873015873
0.46875
0.43103448275862066
0.43103448275862066
0.5151515151515151
0.7916666666666666
1.0
1.0
1.0
0.8333333333333334
0.7916666666666666
0.9090909090909091
0.5169491525423728
0.4642857142857143
0.6799999999999999
0.9047619047619048
0.5340909090909092
0.8666666666666667
0.75
0.9032258064516129
0.4883720930232558
0.8771929824561404
0.4883720930232558
0.4137931034482759
0.5535714285714286
0.5535714285714286
0.5636363636363637
0.5535714285714286
0.7391304347826086
1.0
0.7078651685393258
0.7078651685393258
0.875
0.9259259259259259
0.9076923076923077
0.5333333333333333
0.6818181818181819
0.6818181818181819
0.7021276595744681
0.53125
0.5428571428571429
0.47058823529411764
0.47058823529411764
0.88
0.8888888888888888
0.4337349397590361
0.6304347826086957
0.7837837837837838
0.5473684210526315
0.9333333333333333
0.7619047619047619
0.5
0.5833333333333333
0.38235294117647056
0.38235294117647056
0.4444444444444444
0.3866666666666667
0.6875
0.3589743589743589
0.275
0.4818181818181818
0.5714285714285714
0.5714285714285714
0.8125
0.5714285714285714
0.5714285714285714
0.48
0.3421052631578947
0.41880341880341876
0.41880341880341876
1.0
1.0
0.5764705882352941
0.5903614457831325
0.4852941176470589
0.4807692307692307
0.8947368421052632
0.7777777777777778
0.7777777777777778
0.8333333333333334
0.625
0.9565217391304348
0.970873786407767
0.4487179487179487
0.85
0.9583333333333334
0.5764705882352941
0.5764705882352941
1.0
1.0
0.5882352941176471
0.537037037037037
0.5647058823529412
1.0
1.0
1.0
0.6634615384615384
0.6634615384615384
0.875
0.7777777777777778
0.5714285714285714
0.9074074074074074
0.896551724137931
0.896551724137931
0.9193548387096774
0.5714285714285714
1.0
0.5042016806722689
0.8695652173913043
1.0
0.4628099173553719
0.9333333333333333
0.6666666666666667
0.8666666666666667
0.9333333333333333
0.8
0.8125
0.8
0.9333333333333333
0.8235294117647058
0.75
0.4852941176470589
0.5
0.5
0.736842105263158
0.8648648648648649
0.7941176470588236
0.41891891891891897
0.4731182795698925
0.9512195121951219
0.9310344827586207
0.9333333333333333
0.4814814814814815
0.9444444444444444
0.9565217391304348
0.7333333333333334
0.5192307692307692
0.5833333333333333
0.5833333333333333
0.9166666666666666
0.9166666666666666
0.9166666666666666
0.5185185185185186
0.43333333333333335
0.4
0.5789473684210527
0.875
0.875
0.875
0.8125
0.875
0.7857142857142857
0.7857142857142857
0.8125
0.9333333333333333
0.8
0.84375
0.84375
0.8571428571428572
0.9
0.8666666666666667
0.90625
0.8571428571428572
0.9375
0.5
0.5326086956521738
0.7222222222222222
0.75
0.6329113924050633
0.40740740740740744
0.42622950819672134
0.4782608695652174
0.41666666666666663
0.6086956521739131
0.19999999999999996
0.19999999999999996
0.9333333333333333
0.8
0.8387096774193549
0.875
0.4126984126984127
0.4126984126984127
0.84375
0.8823529411764706
0.9375
0.85
0.7666666666666666
1.0
0.75
0.7941176470588236
0.8666666666666667
0.49295774647887325
0.5423728813559322
0.6
0.7941176470588236
0.6461538461538461
0.9866666666666667
0.9117647058823529
0.9
0.527027027027027
0.8666666666666667
0.8817204301075269
0.9574468085106383
0.9456521739130435
0.9791666666666666
0.4411764705882353
0.7647058823529411
0.75
1.0
1.0
1.0
0.9574468085106383
0.8513513513513513
0.9607843137254902
0.7083333333333333
1.0
0.85
1.0
1.0
1.0
1.0
0.5714285714285714
0.7142857142857143
0.875
0.6774193548387097
0.7
0.6363636363636364
0.6363636363636364
0.8484848484848485
0.775
0.44999999999999996
0.44999999999999996
0.4444444444444444
0.47058823529411764
0.47058823529411764
0.47058823529411764
0.47058823529411764
0.796875
0.5625
0.8356164383561644
1.0
1.0
1.0
1.0
1.0
1.0
1.0
1.0
1.0
1.0
1.0
1.0
1.0
1.0
1.0
1.0
1.0
1.0
1.0
1.0
1.0
1.0
1.0
1.0
1.0
1.0
0.6190476190476191
0.9333333333333333
0.5
0.8421052631578947
0.8421052631578947
0.7647058823529411
0.7692307692307692
0.6363636363636364
0.5
0.38095238095238093
0.5
0.5
0.36
0.3448275862068966
0.3448275862068966
1.0
0.8028169014084507
0.8571428571428572
0.9827586206896551
0.6623376623376623
0.8028169014084507
0.6623376623376623
1.0
0.8032786885245902
0.8448275862068966
0.8620689655172413
0.8032786885245902
0.8292682926829268
0.8448275862068966
0.8620689655172413
0.8571428571428572
0.8571428571428572
1.0
0.6428571428571428
0.9285714285714286
0.9333333333333333
0.5
0.8571428571428572
0.717948717948718
0.6666666666666667
0.5
0.5
0.5
0.5
0.5
0.6923076923076923
0.6923076923076923
0.35
0.5714285714285714
0.6
0.8571428571428572
0.9333333333333333
0.5
0.8571428571428572
0.5
0.6666666666666667
0.5
0.5
0.5
0.5
0.34615384615384615
0.6923076923076923
0.6923076923076923
0.48571428571428577
0.5714285714285714
0.6
0.5555555555555556
0.48275862068965514
0.4298245614035088
0.5625
0.5844155844155844
0.48275862068965514
0.564516129032258
0.7708333333333334
0.4285714285714286
0.4545454545454546
0.3661971830985915
0.746031746031746
0.9589041095890412
0.9589041095890412
0.4242424242424242
0.8936170212765957
0.9042553191489362
0.7142857142857143
0.6696428571428572
0.6696428571428572
0.85
1.0
0.9565217391304348
0.9038461538461539
0.7058823529411764
0.4893617021276596
0.9655172413793104
0.9655172413793104
0.5333333333333333
0.5076923076923077
0.45614035087719296
0.8648648648648649
0.875
0.8493150684931507
0.7674418604651163
0.6470588235294117
0.9375
1.0
0.9333333333333333
1.0
0.5454545454545454
0.9333333333333333
0.75
0.5
0.6574074074074074
0.7205882352941176
1.0
1.0
0.9607843137254902
0.5789473684210527
0.5212765957446808
0.8235294117647058
0.8235294117647058
0.9705882352941176
0.9705882352941176
0.8985507246376812
0.8985507246376812
0.8363636363636364
0.8235294117647058
0.7380952380952381
0.6891891891891893
0.9636363636363636
0.9636363636363636
0.4558823529411765
0.5647058823529412
0.4782608695652174
0.5274725274725275
0.5975609756097561
0.4787234042553191
0.8260869565217391
0.6206896551724138
0.6379310344827587
0.5806451612903225
0.5606060606060606
0.6206896551724138
0.6379310344827587
0.7857142857142857
0.8378378378378378
0.8205128205128205
0.28358208955223885
0.28358208955223885
0.3589743589743589
0.42666666666666664
0.42666666666666664
0.42666666666666664
0.42666666666666664
0.42666666666666664
0.9
0.5238095238095238
0.9375
0.9375
0.5416666666666667
0.8125
0.875
0.875
0.8125
0.9
0.9
0.4242424242424242
0.8823529411764706
0.6888888888888889
0.6888888888888889
0.7380952380952381
0.4545454545454546
0.8717948717948718
0.4363636363636364
0.5263157894736843
0.7037037037037037
0.8571428571428572
0.5555555555555556
0.4375
0.4375
0.5813953488372092
0.7096774193548387
0.75
0.5238095238095238
0.5789473684210527
0.5789473684210527
0.9523809523809523
0.9523809523809523
0.8409090909090909
0.8409090909090909
1.0
1.0
0.45679012345679015
1.0
0.5416666666666667
0.3557692307692307
0.3557692307692307
0.6799999999999999
0.7941176470588236
0.7
0.8484848484848485
0.9791666666666666
0.9534883720930233
0.6774193548387097
0.7941176470588236
1.0
0.5853658536585367
0.5769230769230769
0.679245283018868
0.6415094339622642
0.3589743589743589
0.47916666666666663
0.3414634146341463
0.7247706422018348
0.4852941176470589
0.6607142857142857
0.582089552238806
0.475
1.0
0.9893617021276596
1.0
0.9759036144578314
0.875
0.7234042553191489
0.4285714285714286
0.4444444444444444
0.3928571428571429
0.40909090909090906
0.3448275862068966
0.3846153846153846
0.6271186440677966
0.6206896551724138
0.603448275862069
0.603448275862069
0.603448275862069
0.8275862068965517
0.8260869565217391
0.8490566037735849
0.8490566037735849
0.9333333333333333
0.7941176470588236
0.7714285714285715
0.84375
0.4545454545454546
0.32608695652173914
0.5714285714285714
0.4375
0.46153846153846156
0.8
0.9333333333333333
0.9333333333333333
0.9333333333333333
0.9333333333333333
0.9333333333333333
0.9333333333333333
0.8
0.7777777777777778
0.84375
0.8648648648648649
0.5882352941176471
0.7037037037037037
0.4
0.8
0.896551724137931
0.7837837837837838
0.5333333333333333
0.8
0.2696629213483146
0.5
0.31999999999999995
0.7857142857142857
0.46875
0.46875
0.8571428571428572
0.9285714285714286
0.7777777777777778
0.3414634146341463
0.35
0.9523809523809523
0.4418604651162791
0.4418604651162791
0.5
0.5
0.9120879120879121
0.6460176991150443
1.0
1.0
1.0
1.0
1.0
1.0
0.5
0.5
0.676056338028169
0.9761904761904762
0.8421052631578947
0.5212765957446808
1.0
0.9550561797752809
0.7191011235955056
0.7191011235955056
0.7191011235955056
0.7191011235955056
0.8141592920353982
0.6326530612244898
0.5294117647058824
0.653061224489796
0.5918367346938775
0.7857142857142857
0.5084745762711864
0.9
0.7446808510638299
0.9583333333333334
0.9487179487179487
0.9459459459459459
0.8333333333333334
0.46808510638297873
0.46808510638297873
0.8333333333333334
0.7007874015748031
0.7007874015748031
0.7719298245614035
0.64
0.8333333333333334
0.9047619047619048
0.9487179487179487
0.48275862068965514
0.9384615384615385
0.45833333333333337
0.6875
0.6521739130434783
0.6607142857142857
1.0
0.4375
0.4375
0.4375
0.4375
0.4375
0.3157894736842105
0.6153846153846154
0.4107142857142857
0.4375
0.4375
0.4375
0.4375
0.4375
0.4482758620689655
0.8484848484848485
0.868421052631579
1.0
0.868421052631579
1.0
0.4193548387096774
0.5714285714285714
0.42553191489361697
0.42553191489361697
0.4444444444444444
0.4022988505747126
0.449438202247191
1.0
0.868421052631579
1.0
0.868421052631579
1.0
0.868421052631579
0.8709677419354839
0.9032258064516129
0.8709677419354839
0.9032258064516129
0.9772727272727273
0.868421052631579
0.8709677419354839
1.0
0.9333333333333333
0.5384615384615384
0.5
0.5
0.6923076923076923
0.6923076923076923
0.8571428571428572
0.75
0.5
0.4285714285714286
0.5
0.5
0.6
0.36111111111111116
1.0
0.3214285714285714
0.8888888888888888
0.8888888888888888
0.48275862068965514
1.0
1.0
0.44999999999999996
0.7391304347826086
1.0
0.9038461538461539
0.8846153846153846
0.8846153846153846
0.9545454545454546
0.9642857142857143
0.9230769230769231
0.935483870967742
0.92
1.0
1.0
1.0
0.7
1.0
1.0
1.0
1.0
0.9523809523809523
0.6095238095238096
1.0
0.9666666666666667
0.9534883720930233
0.9672131147540983
0.875
0.8
0.4444444444444444
0.5
0.5
0.5
0.6923076923076923
0.875
0.5
0.7777777777777778
0.8125
0.8
0.8
0.7246376811594203
0.7073170731707317
0.9473684210526316
0.7681159420289855
0.9574468085106383
0.9714285714285714
0.9672131147540983
0.9574468085106383
0.4513274336283186
0.676923076923077
0.6428571428571428
0.6610169491525424
0.7358490566037736
0.9302325581395349
0.65
0.8823529411764706
1.0
0.8888888888888888
0.9574468085106383
0.9574468085106383
0.43333333333333335
0.8
0.8
0.8
0.9333333333333333
0.8
0.9333333333333333
0.8125
0.5714285714285714
0.7924528301886793
0.85
1.0
0.5538461538461539
0.5538461538461539
0.5538461538461539
0.5538461538461539
1.0
0.9672131147540983
0.9574468085106383
0.967741935483871
0.9333333333333333
0.8
0.8125
0.7647058823529411
0.9333333333333333
0.8125
0.8666666666666667
0.8666666666666667
0.8666666666666667
0.8235294117647058
0.7317073170731707
0.825
0.8295454545454546
0.5535714285714286
0.9491525423728814
0.8125
0.625
0.875
0.8125
0.8
0.8
0.8125
0.8
0.8
0.8108108108108107
0.8378378378378378
0.5909090909090908
0.9333333333333333
0.4444444444444444
0.47058823529411764
0.5555555555555556
0.4482758620689655
0.4642857142857143
0.6363636363636364
0.5714285714285714
0.5
0.7666666666666666
1.0
1.0
0.5652173913043479
0.8666666666666667
0.8484848484848485
0.875
0.4
0.6153846153846154
0.8571428571428572
0.5217391304347826
0.5384615384615384
0.6842105263157895
0.7142857142857143
0.5
0.8571428571428572
0.6470588235294117
0.5555555555555556
0.736842105263158
1.0
1.0
1.0
1.0
0.7083333333333333
0.6111111111111112
1.0
0.4626865671641791
0.3571428571428571
0.367816091954023
0.3571428571428571
0.4736842105263158
0.4495412844036697
0.9285714285714286
0.8571428571428572
1.0
0.8571428571428572
0.9333333333333333
0.8571428571428572
0.48863636363636365
0.8383838383838383
1.0
1.0
0.41000000000000003
0.3457943925233645
0.9375
0.8125
0.9375
0.8125
0.9375
0.9375
0.875
0.5416666666666667
0.8125
1.0
0.9166666666666666
0.6470588235294117
0.33333333333333337
0.6274509803921569
0.5714285714285714
0.8260869565217391
0.5517241379310345
0.85
0.85
1.0
1.0
0.5420560747663552
0.582089552238806
0.5773195876288659
0.6082474226804124
0.509090909090909
0.6829268292682926
0.75
0.71875
0.5384615384615384
0.5384615384615384
0.8620689655172413
1.0
0.8666666666666667
0.9333333333333333
1.0
0.8666666666666667
0.8666666666666667
0.8666666666666667
0.875
0.875
0.8666666666666667
0.5128205128205128
0.603448275862069
0.603448275862069
0.603448275862069
0.6206896551724138
0.6206896551724138
0.88
0.7
0.7
0.75
0.7777777777777778
0.7777777777777778
0.7777777777777778
0.7777777777777778
0.5975609756097561
0.5975609756097561
0.7571428571428571
0.9574468085106383
0.9574468085106383
0.7920792079207921
0.7758620689655172
0.8181818181818181
0.7821782178217822
0.9555555555555556
1.0
0.9333333333333333
0.5
0.9560439560439561
0.9690721649484536
0.5454545454545454
0.8
0.8571428571428572
0.65
0.5569620253164558
0.71875
0.3970588235294118
0.49122807017543857
0.6610169491525424
0.4117647058823529
0.9285714285714286
1.0
0.8125
0.5217391304347826
0.8666666666666667
0.46341463414634143
0.46341463414634143
0.7375
0.4871794871794872
0.5268817204301075
0.5268817204301075
0.76
0.76
0.55
0.5128205128205128
0.9305555555555556
0.95
0.6764705882352942
0.9722222222222222
0.9891304347826086
0.65
0.9818181818181818
0.8372093023255813
0.9178082191780822
0.7804878048780488
0.5
0.7341772151898734
0.6521739130434783
0.9565217391304348
1.0
0.703125
0.9565217391304348
0.45333333333333337
0.4385964912280702
1.0
1.0
0.5128205128205128
0.3589743589743589
1.0
0.5
0.7738095238095238
1.0
0.41666666666666663
1.0
