[0, 1, 11, 12, 34, 35, 45, 46, 66, 67, 77, 78, 98, 99, 109, 110, 131, 132, 142, 143]
[0, 1, 11, 12, 34, 35, 45, 46, 66, 67, 77, 78, 98, 99, 109, 110, 131, 132, 142, 143]
[2, 13, 21, 28, 36, 47, 55, 62, 68, 79, 87, 94, 100, 111, 119, 126, 133, 144, 152, 159]
[3, 4, 37, 38, 69, 70, 101, 102, 134, 135]
[3, 4, 37, 38, 69, 70, 101, 102, 134, 135]
[5, 6, 14, 15, 39, 40, 48, 49, 71, 72, 80, 81, 103, 104, 112, 113, 136, 137, 145, 146]
[5, 6, 14, 15, 39, 40, 48, 49, 71, 72, 80, 81, 103, 104, 112, 113, 136, 137, 145, 146]
[7, 10, 16, 19, 41, 44, 50, 53, 73, 76, 82, 85, 105, 108, 114, 117, 138, 141, 147, 150]
[8, 9, 17, 18, 42, 43, 51, 52, 74, 75, 83, 84, 106, 107, 115, 116, 139, 140, 148, 149]
[8, 9, 17, 18, 42, 43, 51, 52, 74, 75, 83, 84, 106, 107, 115, 116, 139, 140, 148, 149]
[7, 10, 16, 19, 41, 44, 50, 53, 73, 76, 82, 85, 105, 108, 114, 117, 138, 141, 147, 150]
[0, 1, 11, 12, 34, 35, 45, 46, 66, 67, 77, 78, 98, 99, 109, 110, 131, 132, 142, 143]
[0, 1, 11, 12, 34, 35, 45, 46, 66, 67, 77, 78, 98, 99, 109, 110, 131, 132, 142, 143]
[2, 13, 21, 28, 36, 47, 55, 62, 68, 79, 87, 94, 100, 111, 119, 126, 133, 144, 152, 159]
[5, 6, 14, 15, 39, 40, 48, 49, 71, 72, 80, 81, 103, 104, 112, 113, 136, 137, 145, 146]
[5, 6, 14, 15, 39, 40, 48, 49, 71, 72, 80, 81, 103, 104, 112, 113, 136, 137, 145, 146]
[7, 10, 16, 19, 41, 44, 50, 53, 73, 76, 82, 85, 105, 108, 114, 117, 138, 141, 147, 150]
[8, 9, 17, 18, 42, 43, 51, 52, 74, 75, 83, 84, 106, 107, 115, 116, 139, 140, 148, 149]
[8, 9, 17, 18, 42, 43, 51, 52, 74, 75, 83, 84, 106, 107, 115, 116, 139, 140, 148, 149]
[7, 10, 16, 19, 41, 44, 50, 53, 73, 76, 82, 85, 105, 108, 114, 117, 138, 141, 147, 150]
[20, 27, 54, 61, 86, 93, 118, 125, 151, 158]
[2, 13, 21, 28, 36, 47, 55, 62, 68, 79, 87, 94, 100, 111, 119, 126, 133, 144, 152, 159]
[22, 23, 56, 57, 88, 89, 120, 121, 153, 154]
[22, 23, 56, 57, 88, 89, 120, 121, 153, 154]
[24, 25, 29, 30, 58, 59, 63, 64, 90, 91, 95, 96, 122, 123, 127, 128, 155, 156, 160, 161]
[24, 25, 29, 30, 58, 59, 63, 64, 90, 91, 95, 96, 122, 123, 127, 128, 155, 156, 160, 161]
[26, 31, 60, 65, 92, 97, 124, 129, 157, 162]
[20, 27, 54, 61, 86, 93, 118, 125, 151, 158]
[2, 13, 21, 28, 36, 47, 55, 62, 68, 79, 87, 94, 100, 111, 119, 126, 133, 144, 152, 159]
[24, 25, 29, 30, 58, 59, 63, 64, 90, 91, 95, 96, 122, 123, 127, 128, 155, 156, 160, 161]
[24, 25, 29, 30, 58, 59, 63, 64, 90, 91, 95, 96, 122, 123, 127, 128, 155, 156, 160, 161]
[26, 31, 60, 65, 92, 97, 124, 129, 157, 162]
[0, 1, 2, 11, 12, 13, 21, 28, 34, 35, 36, 45, 46, 47, 55, 62, 66, 67, 68, 77, 78, 79, 87, 94, 98, 99, 100, 109, 110, 111, 119, 126, 131, 132, 133, 142, 143, 144, 152, 159]
[0, 1, 2, 11, 12, 13, 21, 22, 23, 28, 34, 35, 36, 45, 46, 47, 55, 56, 57, 62, 66, 67, 68, 77, 78, 79, 87, 88, 89, 94, 98, 99, 100, 109, 110, 111, 119, 120, 121, 126, 131, 132, 133, 142, 143, 144, 152, 153, 154, 159]
[0, 1, 11, 12, 34, 35, 45, 46, 66, 67, 77, 78, 98, 99, 109, 110, 131, 132, 142, 143]
[0, 1, 2, 11, 12, 13, 21, 28, 34, 35, 36, 45, 46, 47, 55, 62, 66, 67, 68, 77, 78, 79, 87, 94, 98, 99, 100, 109, 110, 111, 119, 126, 131, 132, 133, 142, 143, 144, 152, 159]
[2, 13, 21, 28, 36, 47, 55, 62, 68, 79, 87, 94, 100, 111, 119, 126, 133, 144, 152, 159]
[2, 13, 21, 28, 36, 47, 55, 62, 68, 79, 87, 94, 100, 111, 119, 126, 133, 144, 152, 159]
[0, 1, 11, 12, 34, 35, 45, 46, 66, 67, 77, 78, 98, 99, 109, 110, 131, 132, 142, 143]
[0, 1, 2, 11, 12, 13, 20, 21, 27, 28, 34, 35, 36, 45, 46, 47, 54, 55, 61, 62, 66, 67, 68, 77, 78, 79, 86, 87, 93, 94, 98, 99, 100, 109, 110, 111, 118, 119, 125, 126, 131, 132, 133, 142, 143, 144, 151, 152, 158, 159]
[0, 1, 2, 11, 12, 13, 20, 21, 27, 28, 34, 35, 36, 45, 46, 47, 54, 55, 61, 62, 66, 67, 68, 77, 78, 79, 86, 87, 93, 94, 98, 99, 100, 109, 110, 111, 118, 119, 125, 126, 131, 132, 133, 142, 143, 144, 151, 152, 158, 159]
[0, 1, 2, 11, 12, 13, 21, 28, 34, 35, 36, 45, 46, 47, 55, 62, 66, 67, 68, 77, 78, 79, 87, 94, 98, 99, 100, 109, 110, 111, 119, 126, 131, 132, 133, 142, 143, 144, 152, 159]
[0, 1, 2, 11, 12, 13, 21, 28, 34, 35, 36, 45, 46, 47, 55, 62, 66, 67, 68, 77, 78, 79, 87, 94, 98, 99, 100, 109, 110, 111, 119, 126, 131, 132, 133, 142, 143, 144, 152, 159]
[0, 1, 2, 11, 12, 13, 20, 21, 27, 28, 34, 35, 36, 45, 46, 47, 54, 55, 61, 62, 66, 67, 68, 77, 78, 79, 86, 87, 93, 94, 98, 99, 100, 109, 110, 111, 118, 119, 125, 126, 131, 132, 133, 142, 143, 144, 151, 152, 158, 159]
[0, 1, 2, 3, 4, 11, 12, 13, 20, 21, 26, 27, 28, 31, 34, 35, 36, 37, 38, 45, 46, 47, 54, 55, 60, 61, 62, 65, 66, 67, 68, 69, 70, 77, 78, 79, 86, 87, 92, 93, 94, 97, 98, 99, 100, 101, 102, 109, 110, 111, 118, 119, 124, 125, 126, 129, 131, 132, 133, 134, 135, 142, 143, 144, 151, 152, 157, 158, 159, 162]
[0, 1, 2, 11, 12, 13, 20, 21, 27, 28, 34, 35, 36, 45, 46, 47, 54, 55, 61, 62, 66, 67, 68, 77, 78, 79, 86, 87, 93, 94, 98, 99, 100, 109, 110, 111, 118, 119, 125, 126, 131, 132, 133, 142, 143, 144, 151, 152, 158, 159]
[0, 1, 2, 11, 12, 13, 21, 28, 34, 35, 36, 45, 46, 47, 55, 62, 66, 67, 68, 77, 78, 79, 87, 94, 98, 99, 100, 109, 110, 111, 119, 126, 131, 132, 133, 142, 143, 144, 152, 159]
[0, 1, 2, 11, 12, 13, 21, 28, 34, 35, 36, 45, 46, 47, 55, 62, 66, 67, 68, 77, 78, 79, 87, 94, 98, 99, 100, 109, 110, 111, 119, 126, 131, 132, 133, 142, 143, 144, 152, 159]
[0, 1, 2, 11, 12, 13, 20, 21, 27, 28, 34, 35, 36, 45, 46, 47, 54, 55, 61, 62, 66, 67, 68, 77, 78, 79, 86, 87, 93, 94, 98, 99, 100, 109, 110, 111, 118, 119, 125, 126, 131, 132, 133, 142, 143, 144, 151, 152, 158, 159]
[0, 1, 2, 11, 12, 13, 21, 28, 34, 35, 36, 45, 46, 47, 55, 62, 66, 67, 68, 77, 78, 79, 87, 94, 98, 99, 100, 109, 110, 111, 119, 126, 131, 132, 133, 142, 143, 144, 152, 159]
[20, 27, 54, 61, 86, 93, 118, 125, 151, 158]
[0, 1, 2, 11, 12, 13, 20, 21, 27, 28, 34, 35, 36, 45, 46, 47, 54, 55, 61, 62, 66, 67, 68, 77, 78, 79, 86, 87, 93, 94, 98, 99, 100, 109, 110, 111, 118, 119, 125, 126, 131, 132, 133, 142, 143, 144, 151, 152, 158, 159]
[0, 1, 2, 11, 12, 13, 21, 28, 34, 35, 36, 45, 46, 47, 55, 62, 66, 67, 68, 77, 78, 79, 87, 94, 98, 99, 100, 109, 110, 111, 119, 126, 131, 132, 133, 142, 143, 144, 152, 159]
[0, 1, 2, 11, 12, 13, 20, 21, 27, 28, 34, 35, 36, 45, 46, 47, 54, 55, 61, 62, 66, 67, 68, 77, 78, 79, 86, 87, 93, 94, 98, 99, 100, 109, 110, 111, 118, 119, 125, 126, 131, 132, 133, 142, 143, 144, 151, 152, 158, 159]
[32, 33]
[0, 1, 2, 11, 12, 13, 21, 28, 34, 35, 36, 45, 46, 47, 55, 62, 66, 67, 68, 77, 78, 79, 87, 94, 98, 99, 100, 109, 110, 111, 119, 126, 131, 132, 133, 142, 143, 144, 152, 159]
[0, 1, 11, 12, 34, 35, 45, 46, 66, 67, 77, 78, 98, 99, 109, 110, 131, 132, 142, 143]
[0, 1, 11, 12, 34, 35, 45, 46, 66, 67, 77, 78, 98, 99, 109, 110, 131, 132, 142, 143]
[0, 1, 11, 12, 34, 35, 45, 46, 66, 67, 77, 78, 98, 99, 109, 110, 131, 132, 142, 143]
[0, 1, 11, 12, 34, 35, 45, 46, 66, 67, 77, 78, 98, 99, 109, 110, 131, 132, 142, 143]
[0, 1, 11, 12, 34, 35, 45, 46, 66, 67, 77, 78, 98, 99, 109, 110, 131, 132, 142, 143]
[0, 1, 11, 12, 34, 35, 45, 46, 66, 67, 77, 78, 98, 99, 109, 110, 131, 132, 142, 143]
[0, 1, 11, 12, 20, 27, 34, 35, 45, 46, 54, 61, 66, 67, 77, 78, 86, 93, 98, 99, 109, 110, 118, 125, 131, 132, 142, 143, 151, 158]
[0, 1, 11, 12, 34, 35, 45, 46, 66, 67, 77, 78, 98, 99, 109, 110, 131, 132, 142, 143]
[0, 1, 11, 12, 34, 35, 45, 46, 66, 67, 77, 78, 98, 99, 109, 110, 131, 132, 142, 143]
[0, 1, 11, 12, 34, 35, 45, 46, 66, 67, 77, 78, 98, 99, 109, 110, 131, 132, 142, 143]
[0, 1, 11, 12, 20, 27, 34, 35, 45, 46, 54, 61, 66, 67, 77, 78, 86, 93, 98, 99, 109, 110, 118, 125, 131, 132, 142, 143, 151, 158]
[130]
[0, 1, 11, 12, 34, 35, 45, 46, 66, 67, 77, 78, 98, 99, 109, 110, 131, 132, 142, 143]
[0, 1, 11, 12, 34, 35, 45, 46, 66, 67, 77, 78, 98, 99, 109, 110, 131, 132, 142, 143]
[2, 13, 21, 28, 36, 47, 55, 62, 68, 79, 87, 94, 100, 111, 119, 126, 133, 144, 152, 159]
[3, 4, 37, 38, 69, 70, 101, 102, 134, 135]
[3, 4, 37, 38, 69, 70, 101, 102, 134, 135]
[5, 6, 14, 15, 39, 40, 48, 49, 71, 72, 80, 81, 103, 104, 112, 113, 136, 137, 145, 146]
[5, 6, 14, 15, 39, 40, 48, 49, 71, 72, 80, 81, 103, 104, 112, 113, 136, 137, 145, 146]
[7, 10, 16, 19, 41, 44, 50, 53, 73, 76, 82, 85, 105, 108, 114, 117, 138, 141, 147, 150]
[8, 9, 17, 18, 42, 43, 51, 52, 74, 75, 83, 84, 106, 107, 115, 116, 139, 140, 148, 149]
[8, 9, 17, 18, 42, 43, 51, 52, 74, 75, 83, 84, 106, 107, 115, 116, 139, 140, 148, 149]
[7, 10, 16, 19, 41, 44, 50, 53, 73, 76, 82, 85, 105, 108, 114, 117, 138, 141, 147, 150]
[0, 1, 11, 12, 34, 35, 45, 46, 66, 67, 77, 78, 98, 99, 109, 110, 131, 132, 142, 143]
[0, 1, 11, 12, 34, 35, 45, 46, 66, 67, 77, 78, 98, 99, 109, 110, 131, 132, 142, 143]
[2, 13, 21, 28, 36, 47, 55, 62, 68, 79, 87, 94, 100, 111, 119, 126, 133, 144, 152, 159]
[5, 6, 14, 15, 39, 40, 48, 49, 71, 72, 80, 81, 103, 104, 112, 113, 136, 137, 145, 146]
[5, 6, 14, 15, 39, 40, 48, 49, 71, 72, 80, 81, 103, 104, 112, 113, 136, 137, 145, 146]
[7, 10, 16, 19, 41, 44, 50, 53, 73, 76, 82, 85, 105, 108, 114, 117, 138, 141, 147, 150]
[8, 9, 17, 18, 42, 43, 51, 52, 74, 75, 83, 84, 106, 107, 115, 116, 139, 140, 148, 149]
[8, 9, 17, 18, 42, 43, 51, 52, 74, 75, 83, 84, 106, 107, 115, 116, 139, 140, 148, 149]
[7, 10, 16, 19, 41, 44, 50, 53, 73, 76, 82, 85, 105, 108, 114, 117, 138, 141, 147, 150]
[20, 27, 54, 61, 86, 93, 118, 125, 151, 158]
[2, 13, 21, 28, 36, 47, 55, 62, 68, 79, 87, 94, 100, 111, 119, 126, 133, 144, 152, 159]
[22, 23, 56, 57, 88, 89, 120, 121, 153, 154]
[22, 23, 56, 57, 88, 89, 120, 121, 153, 154]
[24, 25, 29, 30, 58, 59, 63, 64, 90, 91, 95, 96, 122, 123, 127, 128, 155, 156, 160, 161]
[24, 25, 29, 30, 58, 59, 63, 64, 90, 91, 95, 96, 122, 123, 127, 128, 155, 156, 160, 161]
[26, 31, 60, 65, 92, 97, 124, 129, 157, 162]
[20, 27, 54, 61, 86, 93, 118, 125, 151, 158]
[2, 13, 21, 28, 36, 47, 55, 62, 68, 79, 87, 94, 100, 111, 119, 126, 133, 144, 152, 159]
[24, 25, 29, 30, 58, 59, 63, 64, 90, 91, 95, 96, 122, 123, 127, 128, 155, 156, 160, 161]
[24, 25, 29, 30, 58, 59, 63, 64, 90, 91, 95, 96, 122, 123, 127, 128, 155, 156, 160, 161]
[26, 31, 60, 65, 92, 97, 124, 129, 157, 162]
[0, 1, 11, 12, 34, 35, 45, 46, 66, 67, 77, 78, 98, 99, 109, 110, 131, 132, 142, 143]
[0, 1, 11, 12, 34, 35, 45, 46, 66, 67, 77, 78, 98, 99, 109, 110, 131, 132, 142, 143]
[2, 13, 21, 28, 36, 47, 55, 62, 68, 79, 87, 94, 100, 111, 119, 126, 133, 144, 152, 159]
[3, 4, 37, 38, 69, 70, 101, 102, 134, 135]
[3, 4, 37, 38, 69, 70, 101, 102, 134, 135]
[5, 6, 14, 15, 39, 40, 48, 49, 71, 72, 80, 81, 103, 104, 112, 113, 136, 137, 145, 146]
[5, 6, 14, 15, 39, 40, 48, 49, 71, 72, 80, 81, 103, 104, 112, 113, 136, 137, 145, 146]
[7, 10, 16, 19, 41, 44, 50, 53, 73, 76, 82, 85, 105, 108, 114, 117, 138, 141, 147, 150]
[8, 9, 17, 18, 42, 43, 51, 52, 74, 75, 83, 84, 106, 107, 115, 116, 139, 140, 148, 149]
[8, 9, 17, 18, 42, 43, 51, 52, 74, 75, 83, 84, 106, 107, 115, 116, 139, 140, 148, 149]
[7, 10, 16, 19, 41, 44, 50, 53, 73, 76, 82, 85, 105, 108, 114, 117, 138, 141, 147, 150]
[0, 1, 11, 12, 34, 35, 45, 46, 66, 67, 77, 78, 98, 99, 109, 110, 131, 132, 142, 143]
[0, 1, 11, 12, 34, 35, 45, 46, 66, 67, 77, 78, 98, 99, 109, 110, 131, 132, 142, 143]
[2, 13, 21, 28, 36, 47, 55, 62, 68, 79, 87, 94, 100, 111, 119, 126, 133, 144, 152, 159]
[5, 6, 14, 15, 39, 40, 48, 49, 71, 72, 80, 81, 103, 104, 112, 113, 136, 137, 145, 146]
[5, 6, 14, 15, 39, 40, 48, 49, 71, 72, 80, 81, 103, 104, 112, 113, 136, 137, 145, 146]
[7, 10, 16, 19, 41, 44, 50, 53, 73, 76, 82, 85, 105, 108, 114, 117, 138, 141, 147, 150]
[8, 9, 17, 18, 42, 43, 51, 52, 74, 75, 83, 84, 106, 107, 115, 116, 139, 140, 148, 149]
[8, 9, 17, 18, 42, 43, 51, 52, 74, 75, 83, 84, 106, 107, 115, 116, 139, 140, 148, 149]
[7, 10, 16, 19, 41, 44, 50, 53, 73, 76, 82, 85, 105, 108, 114, 117, 138, 141, 147, 150]
[20, 27, 54, 61, 86, 93, 118, 125, 151, 158]
[2, 13, 21, 28, 36, 47, 55, 62, 68, 79, 87, 94, 100, 111, 119, 126, 133, 144, 152, 159]
[22, 23, 56, 57, 88, 89, 120, 121, 153, 154]
[22, 23, 56, 57, 88, 89, 120, 121, 153, 154]
[24, 25, 29, 30, 58, 59, 63, 64, 90, 91, 95, 96, 122, 123, 127, 128, 155, 156, 160, 161]
[24, 25, 29, 30, 58, 59, 63, 64, 90, 91, 95, 96, 122, 123, 127, 128, 155, 156, 160, 161]
[26, 31, 60, 65, 92, 97, 124, 129, 157, 162]
[20, 27, 54, 61, 86, 93, 118, 125, 151, 158]
[2, 13, 21, 28, 36, 47, 55, 62, 68, 79, 87, 94, 100, 111, 119, 126, 133, 144, 152, 159]
[24, 25, 29, 30, 58, 59, 63, 64, 90, 91, 95, 96, 122, 123, 127, 128, 155, 156, 160, 161]
[24, 25, 29, 30, 58, 59, 63, 64, 90, 91, 95, 96, 122, 123, 127, 128, 155, 156, 160, 161]
[26, 31, 60, 65, 92, 97, 124, 129, 157, 162]
[0, 1, 11, 12, 20, 27, 34, 35, 45, 46, 54, 61, 66, 67, 77, 78, 86, 93, 98, 99, 109, 110, 118, 125, 131, 132, 142, 143, 151, 158]
[3, 4, 7, 10, 16, 19, 22, 23, 24, 25, 29, 30, 37, 38, 41, 44, 50, 53, 56, 57, 58, 59, 63, 64, 69, 70, 73, 76, 82, 85, 88, 89, 90, 91, 95, 96, 101, 102, 105, 108, 114, 117, 120, 121, 122, 123, 127, 128, 134, 135, 138, 141, 147, 150, 153, 154, 155, 156, 160, 161]
[3, 4, 7, 10, 16, 19, 22, 23, 37, 38, 41, 44, 50, 53, 56, 57, 69, 70, 73, 76, 82, 85, 88, 89, 101, 102, 105, 108, 114, 117, 120, 121, 134, 135, 138, 141, 147, 150, 153, 154]
[0, 1, 11, 12, 34, 35, 45, 46, 66, 67, 77, 78, 98, 99, 109, 110, 131, 132, 142, 143]
[0, 1, 11, 12, 34, 35, 45, 46, 66, 67, 77, 78, 98, 99, 109, 110, 131, 132, 142, 143]
[2, 13, 21, 28, 36, 47, 55, 62, 68, 79, 87, 94, 100, 111, 119, 126, 133, 144, 152, 159]
[3, 4, 37, 38, 69, 70, 101, 102, 134, 135]
[3, 4, 37, 38, 69, 70, 101, 102, 134, 135]
[5, 6, 14, 15, 39, 40, 48, 49, 71, 72, 80, 81, 103, 104, 112, 113, 136, 137, 145, 146]
[5, 6, 14, 15, 39, 40, 48, 49, 71, 72, 80, 81, 103, 104, 112, 113, 136, 137, 145, 146]
[7, 10, 16, 19, 41, 44, 50, 53, 73, 76, 82, 85, 105, 108, 114, 117, 138, 141, 147, 150]
[8, 9, 17, 18, 42, 43, 51, 52, 74, 75, 83, 84, 106, 107, 115, 116, 139, 140, 148, 149]
[8, 9, 17, 18, 42, 43, 51, 52, 74, 75, 83, 84, 106, 107, 115, 116, 139, 140, 148, 149]
[7, 10, 16, 19, 41, 44, 50, 53, 73, 76, 82, 85, 105, 108, 114, 117, 138, 141, 147, 150]
[0, 1, 11, 12, 34, 35, 45, 46, 66, 67, 77, 78, 98, 99, 109, 110, 131, 132, 142, 143]
[0, 1, 11, 12, 34, 35, 45, 46, 66, 67, 77, 78, 98, 99, 109, 110, 131, 132, 142, 143]
[2, 13, 21, 28, 36, 47, 55, 62, 68, 79, 87, 94, 100, 111, 119, 126, 133, 144, 152, 159]
[5, 6, 14, 15, 39, 40, 48, 49, 71, 72, 80, 81, 103, 104, 112, 113, 136, 137, 145, 146]
[5, 6, 14, 15, 39, 40, 48, 49, 71, 72, 80, 81, 103, 104, 112, 113, 136, 137, 145, 146]
[7, 10, 16, 19, 41, 44, 50, 53, 73, 76, 82, 85, 105, 108, 114, 117, 138, 141, 147, 150]
[8, 9, 17, 18, 42, 43, 51, 52, 74, 75, 83, 84, 106, 107, 115, 116, 139, 140, 148, 149]
[8, 9, 17, 18, 42, 43, 51, 52, 74, 75, 83, 84, 106, 107, 115, 116, 139, 140, 148, 149]
[7, 10, 16, 19, 41, 44, 50, 53, 73, 76, 82, 85, 105, 108, 114, 117, 138, 141, 147, 150]
[20, 27, 54, 61, 86, 93, 118, 125, 151, 158]
[2, 13, 21, 28, 36, 47, 55, 62, 68, 79, 87, 94, 100, 111, 119, 126, 133, 144, 152, 159]
[22, 23, 56, 57, 88, 89, 120, 121, 153, 154]
[22, 23, 56, 57, 88, 89, 120, 121, 153, 154]
[24, 25, 29, 30, 58, 59, 63, 64, 90, 91, 95, 96, 122, 123, 127, 128, 155, 156, 160, 161]
[24, 25, 29, 30, 58, 59, 63, 64, 90, 91, 95, 96, 122, 123, 127, 128, 155, 156, 160, 161]
[26, 31, 60, 65, 92, 97, 124, 129, 157, 162]
[20, 27, 54, 61, 86, 93, 118, 125, 151, 158]
[2, 13, 21, 28, 36, 47, 55, 62, 68, 79, 87, 94, 100, 111, 119, 126, 133, 144, 152, 159]
[24, 25, 29, 30, 58, 59, 63, 64, 90, 91, 95, 96, 122, 123, 127, 128, 155, 156, 160, 161]
[24, 25, 29, 30, 58, 59, 63, 64, 90, 91, 95, 96, 122, 123, 127, 128, 155, 156, 160, 161]
[26, 31, 60, 65, 92, 97, 124, 129, 157, 162]
[0, 1, 11, 12, 34, 35, 45, 46, 66, 67, 77, 78, 98, 99, 109, 110, 131, 132, 142, 143]
[0, 1, 11, 12, 34, 35, 45, 46, 66, 67, 77, 78, 98, 99, 109, 110, 131, 132, 142, 143]
[2, 13, 21, 28, 36, 47, 55, 62, 68, 79, 87, 94, 100, 111, 119, 126, 133, 144, 152, 159]
[3, 4, 37, 38, 69, 70, 101, 102, 134, 135]
[3, 4, 37, 38, 69, 70, 101, 102, 134, 135]
[5, 6, 14, 15, 39, 40, 48, 49, 71, 72, 80, 81, 103, 104, 112, 113, 136, 137, 145, 146]
[5, 6, 14, 15, 39, 40, 48, 49, 71, 72, 80, 81, 103, 104, 112, 113, 136, 137, 145, 146]
[7, 10, 16, 19, 41, 44, 50, 53, 73, 76, 82, 85, 105, 108, 114, 117, 138, 141, 147, 150]
[8, 9, 17, 18, 42, 43, 51, 52, 74, 75, 83, 84, 106, 107, 115, 116, 139, 140, 148, 149]
[8, 9, 17, 18, 42, 43, 51, 52, 74, 75, 83, 84, 106, 107, 115, 116, 139, 140, 148, 149]
[7, 10, 16, 19, 41, 44, 50, 53, 73, 76, 82, 85, 105, 108, 114, 117, 138, 141, 147, 150]
[0, 1, 11, 12, 34, 35, 45, 46, 66, 67, 77, 78, 98, 99, 109, 110, 131, 132, 142, 143]
[0, 1, 11, 12, 34, 35, 45, 46, 66, 67, 77, 78, 98, 99, 109, 110, 131, 132, 142, 143]
[2, 13, 21, 28, 36, 47, 55, 62, 68, 79, 87, 94, 100, 111, 119, 126, 133, 144, 152, 159]
[5, 6, 14, 15, 39, 40, 48, 49, 71, 72, 80, 81, 103, 104, 112, 113, 136, 137, 145, 146]
[5, 6, 14, 15, 39, 40, 48, 49, 71, 72, 80, 81, 103, 104, 112, 113, 136, 137, 145, 146]
[7, 10, 16, 19, 41, 44, 50, 53, 73, 76, 82, 85, 105, 108, 114, 117, 138, 141, 147, 150]
[8, 9, 17, 18, 42, 43, 51, 52, 74, 75, 83, 84, 106, 107, 115, 116, 139, 140, 148, 149]
[8, 9, 17, 18, 42, 43, 51, 52, 74, 75, 83, 84, 106, 107, 115, 116, 139, 140, 148, 149]
[7, 10, 16, 19, 41, 44, 50, 53, 73, 76, 82, 85, 105, 108, 114, 117, 138, 141, 147, 150]
[20, 27, 54, 61, 86, 93, 118, 125, 151, 158]
[2, 13, 21, 28, 36, 47, 55, 62, 68, 79, 87, 94, 100, 111, 119, 126, 133, 144, 152, 159]
[22, 23, 56, 57, 88, 89, 120, 121, 153, 154]
[22, 23, 56, 57, 88, 89, 120, 121, 153, 154]
[24, 25, 29, 30, 58, 59, 63, 64, 90, 91, 95, 96, 122, 123, 127, 128, 155, 156, 160, 161]
[24, 25, 29, 30, 58, 59, 63, 64, 90, 91, 95, 96, 122, 123, 127, 128, 155, 156, 160, 161]
[26, 31, 60, 65, 92, 97, 124, 129, 157, 162]
[20, 27, 54, 61, 86, 93, 118, 125, 151, 158]
[2, 13, 21, 28, 36, 47, 55, 62, 68, 79, 87, 94, 100, 111, 119, 126, 133, 144, 152, 159]
[24, 25, 29, 30, 58, 59, 63, 64, 90, 91, 95, 96, 122, 123, 127, 128, 155, 156, 160, 161]
[24, 25, 29, 30, 58, 59, 63, 64, 90, 91, 95, 96, 122, 123, 127, 128, 155, 156, 160, 161]
[26, 31, 60, 65, 92, 97, 124, 129, 157, 162]
[32, 33]
[0, 1, 2, 11, 12, 13, 20, 21, 27, 28, 34, 35, 36, 45, 46, 47, 54, 55, 61, 62, 66, 67, 68, 77, 78, 79, 86, 87, 93, 94, 98, 99, 100, 109, 110, 111, 118, 119, 125, 126, 131, 132, 133, 142, 143, 144, 151, 152, 158, 159]
[0, 1, 2, 11, 12, 13, 21, 28, 34, 35, 36, 45, 46, 47, 55, 62, 66, 67, 68, 77, 78, 79, 87, 94, 98, 99, 100, 109, 110, 111, 119, 126, 131, 132, 133, 142, 143, 144, 152, 159]
[0, 1, 2, 11, 12, 13, 20, 21, 27, 28, 34, 35, 36, 45, 46, 47, 54, 55, 61, 62, 66, 67, 68, 77, 78, 79, 86, 87, 93, 94, 98, 99, 100, 109, 110, 111, 118, 119, 125, 126, 131, 132, 133, 142, 143, 144, 151, 152, 158, 159]
[20, 27, 54, 61, 86, 93, 118, 125, 151, 158]
[0, 1, 2, 11, 12, 13, 21, 28, 34, 35, 36, 45, 46, 47, 55, 62, 66, 67, 68, 77, 78, 79, 87, 94, 98, 99, 100, 109, 110, 111, 119, 126, 131, 132, 133, 142, 143, 144, 152, 159]
[0, 1, 2, 11, 12, 13, 20, 21, 27, 28, 34, 35, 36, 45, 46, 47, 54, 55, 61, 62, 66, 67, 68, 77, 78, 79, 86, 87, 93, 94, 98, 99, 100, 109, 110, 111, 118, 119, 125, 126, 131, 132, 133, 142, 143, 144, 151, 152, 158, 159]
[0, 1, 2, 11, 12, 13, 21, 28, 34, 35, 36, 45, 46, 47, 55, 62, 66, 67, 68, 77, 78, 79, 87, 94, 98, 99, 100, 109, 110, 111, 119, 126, 131, 132, 133, 142, 143, 144, 152, 159]
[0, 1, 2, 11, 12, 13, 21, 28, 34, 35, 36, 45, 46, 47, 55, 62, 66, 67, 68, 77, 78, 79, 87, 94, 98, 99, 100, 109, 110, 111, 119, 126, 131, 132, 133, 142, 143, 144, 152, 159]
[0, 1, 2, 11, 12, 13, 20, 21, 27, 28, 34, 35, 36, 45, 46, 47, 54, 55, 61, 62, 66, 67, 68, 77, 78, 79, 86, 87, 93, 94, 98, 99, 100, 109, 110, 111, 118, 119, 125, 126, 131, 132, 133, 142, 143, 144, 151, 152, 158, 159]
[0, 1, 2, 3, 4, 11, 12, 13, 20, 21, 26, 27, 28, 31, 34, 35, 36, 37, 38, 45, 46, 47, 54, 55, 60, 61, 62, 65, 66, 67, 68, 69, 70, 77, 78, 79, 86, 87, 92, 93, 94, 97, 98, 99, 100, 101, 102, 109, 110, 111, 118, 119, 124, 125, 126, 129, 131, 132, 133, 134, 135, 142, 143, 144, 151, 152, 157, 158, 159, 162]
[0, 1, 2, 11, 12, 13, 20, 21, 27, 28, 34, 35, 36, 45, 46, 47, 54, 55, 61, 62, 66, 67, 68, 77, 78, 79, 86, 87, 93, 94, 98, 99, 100, 109, 110, 111, 118, 119, 125, 126, 131, 132, 133, 142, 143, 144, 151, 152, 158, 159]
[0, 1, 2, 11, 12, 13, 21, 28, 34, 35, 36, 45, 46, 47, 55, 62, 66, 67, 68, 77, 78, 79, 87, 94, 98, 99, 100, 109, 110, 111, 119, 126, 131, 132, 133, 142, 143, 144, 152, 159]
[0, 1, 2, 11, 12, 13, 21, 28, 34, 35, 36, 45, 46, 47, 55, 62, 66, 67, 68, 77, 78, 79, 87, 94, 98, 99, 100, 109, 110, 111, 119, 126, 131, 132, 133, 142, 143, 144, 152, 159]
[0, 1, 2, 11, 12, 13, 20, 21, 27, 28, 34, 35, 36, 45, 46, 47, 54, 55, 61, 62, 66, 67, 68, 77, 78, 79, 86, 87, 93, 94, 98, 99, 100, 109, 110, 111, 118, 119, 125, 126, 131, 132, 133, 142, 143, 144, 151, 152, 158, 159]
[0, 1, 2, 11, 12, 13, 20, 21, 27, 28, 34, 35, 36, 45, 46, 47, 54, 55, 61, 62, 66, 67, 68, 77, 78, 79, 86, 87, 93, 94, 98, 99, 100, 109, 110, 111, 118, 119, 125, 126, 131, 132, 133, 142, 143, 144, 151, 152, 158, 159]
[0, 1, 11, 12, 34, 35, 45, 46, 66, 67, 77, 78, 98, 99, 109, 110, 131, 132, 142, 143]
[0, 1, 11, 12, 34, 35, 45, 46, 66, 67, 77, 78, 98, 99, 109, 110, 131, 132, 142, 143]
[2, 13, 21, 28, 36, 47, 55, 62, 68, 79, 87, 94, 100, 111, 119, 126, 133, 144, 152, 159]
[3, 4, 37, 38, 69, 70, 101, 102, 134, 135]
[3, 4, 37, 38, 69, 70, 101, 102, 134, 135]
[5, 6, 14, 15, 39, 40, 48, 49, 71, 72, 80, 81, 103, 104, 112, 113, 136, 137, 145, 146]
[5, 6, 14, 15, 39, 40, 48, 49, 71, 72, 80, 81, 103, 104, 112, 113, 136, 137, 145, 146]
[7, 10, 16, 19, 41, 44, 50, 53, 73, 76, 82, 85, 105, 108, 114, 117, 138, 141, 147, 150]
[8, 9, 17, 18, 42, 43, 51, 52, 74, 75, 83, 84, 106, 107, 115, 116, 139, 140, 148, 149]
[8, 9, 17, 18, 42, 43, 51, 52, 74, 75, 83, 84, 106, 107, 115, 116, 139, 140, 148, 149]
[7, 10, 16, 19, 41, 44, 50, 53, 73, 76, 82, 85, 105, 108, 114, 117, 138, 141, 147, 150]
[0, 1, 11, 12, 34, 35, 45, 46, 66, 67, 77, 78, 98, 99, 109, 110, 131, 132, 142, 143]
[0, 1, 11, 12, 34, 35, 45, 46, 66, 67, 77, 78, 98, 99, 109, 110, 131, 132, 142, 143]
[2, 13, 21, 28, 36, 47, 55, 62, 68, 79, 87, 94, 100, 111, 119, 126, 133, 144, 152, 159]
[5, 6, 14, 15, 39, 40, 48, 49, 71, 72, 80, 81, 103, 104, 112, 113, 136, 137, 145, 146]
[5, 6, 14, 15, 39, 40, 48, 49, 71, 72, 80, 81, 103, 104, 112, 113, 136, 137, 145, 146]
[7, 10, 16, 19, 41, 44, 50, 53, 73, 76, 82, 85, 105, 108, 114, 117, 138, 141, 147, 150]
[8, 9, 17, 18, 42, 43, 51, 52, 74, 75, 83, 84, 106, 107, 115, 116, 139, 140, 148, 149]
[8, 9, 17, 18, 42, 43, 51, 52, 74, 75, 83, 84, 106, 107, 115, 116, 139, 140, 148, 149]
[7, 10, 16, 19, 41, 44, 50, 53, 73, 76, 82, 85, 105, 108, 114, 117, 138, 141, 147, 150]
[20, 27, 54, 61, 86, 93, 118, 125, 151, 158]
[2, 13, 21, 28, 36, 47, 55, 62, 68, 79, 87, 94, 100, 111, 119, 126, 133, 144, 152, 159]
[22, 23, 56, 57, 88, 89, 120, 121, 153, 154]
[22, 23, 56, 57, 88, 89, 120, 121, 153, 154]
[24, 25, 29, 30, 58, 59, 63, 64, 90, 91, 95, 96, 122, 123, 127, 128, 155, 156, 160, 161]
[24, 25, 29, 30, 58, 59, 63, 64, 90, 91, 95, 96, 122, 123, 127, 128, 155, 156, 160, 161]
[26, 31, 60, 65, 92, 97, 124, 129, 157, 162]
[20, 27, 54, 61, 86, 93, 118, 125, 151, 158]
[2, 13, 21, 28, 36, 47, 55, 62, 68, 79, 87, 94, 100, 111, 119, 126, 133, 144, 152, 159]
[24, 25, 29, 30, 58, 59, 63, 64, 90, 91, 95, 96, 122, 123, 127, 128, 155, 156, 160, 161]
[24, 25, 29, 30, 58, 59, 63, 64, 90, 91, 95, 96, 122, 123, 127, 128, 155, 156, 160, 161]
[26, 31, 60, 65, 92, 97, 124, 129, 157, 162]
[5, 6, 14, 15, 24, 25, 29, 30, 39, 40, 48, 49, 58, 59, 63, 64, 71, 72, 80, 81, 90, 91, 95, 96, 103, 104, 112, 113, 122, 123, 127, 128, 136, 137, 145, 146, 155, 156, 160, 161]
[2, 13, 21, 28, 36, 47, 55, 62, 68, 79, 87, 94, 100, 111, 119, 126, 133, 144, 152, 159]
