[60, 66]
[55]
[55]
[55]
[60, 66]
[55]
[55]
[55]
[60, 66]
[55]
[55]
[55]
[60, 66]
[55]
[55]
[55]
[55, 59, 65]
[40, 213]
[40, 213]
[55]
[38]
[49, 51, 61, 202, 204]
[53, 55, 61, 200]
[39, 40, 213, 214]
[3, 4, 7, 10, 16, 19, 22, 23, 71, 72, 75, 78, 84, 87, 90, 91, 103, 104, 107, 110, 116, 119, 122, 123, 138, 139, 142, 145, 151, 154, 157, 158, 170, 171, 174, 177, 183, 186, 189, 190, 218, 219, 222, 225, 231, 234, 237, 238]
[3, 4, 7, 10, 16, 19, 22, 23, 71, 72, 75, 78, 84, 87, 90, 91, 103, 104, 107, 110, 116, 119, 122, 123, 138, 139, 142, 145, 151, 154, 157, 158, 170, 171, 174, 177, 183, 186, 189, 190, 218, 219, 222, 225, 231, 234, 237, 238]
[3, 4, 7, 10, 16, 19, 22, 23, 71, 72, 75, 78, 84, 87, 90, 91, 103, 104, 107, 110, 116, 119, 122, 123, 138, 139, 142, 145, 151, 154, 157, 158, 170, 171, 174, 177, 183, 186, 189, 190, 218, 219, 222, 225, 231, 234, 237, 238]
[3, 4, 7, 10, 16, 19, 22, 23, 71, 72, 75, 78, 84, 87, 90, 91, 103, 104, 107, 110, 116, 119, 122, 123, 138, 139, 142, 145, 151, 154, 157, 158, 170, 171, 174, 177, 183, 186, 189, 190, 218, 219, 222, 225, 231, 234, 237, 238]
[3, 4, 7, 10, 16, 19, 22, 23, 71, 72, 75, 78, 84, 87, 90, 91, 103, 104, 107, 110, 116, 119, 122, 123, 138, 139, 142, 145, 151, 154, 157, 158, 170, 171, 174, 177, 183, 186, 189, 190, 218, 219, 222, 225, 231, 234, 237, 238]
[3, 4, 7, 10, 16, 19, 22, 23, 71, 72, 75, 78, 84, 87, 90, 91, 103, 104, 107, 110, 116, 119, 122, 123, 138, 139, 142, 145, 151, 154, 157, 158, 170, 171, 174, 177, 183, 186, 189, 190, 218, 219, 222, 225, 231, 234, 237, 238]
[3, 4, 7, 10, 16, 19, 22, 23, 71, 72, 75, 78, 84, 87, 90, 91, 103, 104, 107, 110, 116, 119, 122, 123, 138, 139, 142, 145, 151, 154, 157, 158, 170, 171, 174, 177, 183, 186, 189, 190, 218, 219, 222, 225, 231, 234, 237, 238]
[3, 4, 7, 10, 16, 19, 22, 23, 71, 72, 75, 78, 84, 87, 90, 91, 103, 104, 107, 110, 116, 119, 122, 123, 138, 139, 142, 145, 151, 154, 157, 158, 170, 171, 174, 177, 183, 186, 189, 190, 218, 219, 222, 225, 231, 234, 237, 238]
[3, 4, 7, 10, 16, 19, 22, 23, 71, 72, 75, 78, 84, 87, 90, 91, 103, 104, 107, 110, 116, 119, 122, 123, 138, 139, 142, 145, 151, 154, 157, 158, 170, 171, 174, 177, 183, 186, 189, 190, 218, 219, 222, 225, 231, 234, 237, 238]
[38]
[38]
[38]
[47, 53, 200, 206]
[47, 53, 200, 206]
[41, 46, 51, 202, 207, 212]
[47, 206]
[41, 46, 51, 202, 207, 212]
[38]
[38]
[38]
[47, 55, 61, 206]
[47, 55, 61, 206]
[41, 46, 51, 202, 207, 212]
[47, 206]
[41, 46, 51, 202, 207, 212]
[132]
[3, 4, 7, 10, 16, 19, 22, 23, 71, 72, 75, 78, 84, 87, 90, 91, 103, 104, 107, 110, 116, 119, 122, 123, 138, 139, 142, 145, 151, 154, 157, 158, 170, 171, 174, 177, 183, 186, 189, 190, 218, 219, 222, 225, 231, 234, 237, 238]
[3, 4, 7, 10, 16, 19, 22, 23, 71, 72, 75, 78, 84, 87, 90, 91, 103, 104, 107, 110, 116, 119, 122, 123, 138, 139, 142, 145, 151, 154, 157, 158, 170, 171, 174, 177, 183, 186, 189, 190, 218, 219, 222, 225, 231, 234, 237, 238]
[3, 4, 7, 10, 16, 19, 22, 23, 71, 72, 75, 78, 84, 87, 90, 91, 103, 104, 107, 110, 116, 119, 122, 123, 138, 139, 142, 145, 151, 154, 157, 158, 170, 171, 174, 177, 183, 186, 189, 190, 218, 219, 222, 225, 231, 234, 237, 238]
[3, 4, 7, 10, 16, 19, 22, 23, 71, 72, 75, 78, 84, 87, 90, 91, 103, 104, 107, 110, 116, 119, 122, 123, 138, 139, 142, 145, 151, 154, 157, 158, 170, 171, 174, 177, 183, 186, 189, 190, 218, 219, 222, 225, 231, 234, 237, 238]
[3, 4, 7, 10, 16, 19, 22, 23, 71, 72, 75, 78, 84, 87, 90, 91, 103, 104, 107, 110, 116, 119, 122, 123, 138, 139, 142, 145, 151, 154, 157, 158, 170, 171, 174, 177, 183, 186, 189, 190, 218, 219, 222, 225, 231, 234, 237, 238]
[3, 4, 7, 10, 16, 19, 22, 23, 71, 72, 75, 78, 84, 87, 90, 91, 103, 104, 107, 110, 116, 119, 122, 123, 138, 139, 142, 145, 151, 154, 157, 158, 170, 171, 174, 177, 183, 186, 189, 190, 218, 219, 222, 225, 231, 234, 237, 238]
[3, 4, 7, 10, 16, 19, 22, 23, 71, 72, 75, 78, 84, 87, 90, 91, 103, 104, 107, 110, 116, 119, 122, 123, 138, 139, 142, 145, 151, 154, 157, 158, 170, 171, 174, 177, 183, 186, 189, 190, 218, 219, 222, 225, 231, 234, 237, 238]
[3, 4, 7, 10, 16, 19, 22, 23, 71, 72, 75, 78, 84, 87, 90, 91, 103, 104, 107, 110, 116, 119, 122, 123, 138, 139, 142, 145, 151, 154, 157, 158, 170, 171, 174, 177, 183, 186, 189, 190, 218, 219, 222, 225, 231, 234, 237, 238]
[3, 4, 7, 10, 16, 19, 22, 23, 71, 72, 75, 78, 84, 87, 90, 91, 103, 104, 107, 110, 116, 119, 122, 123, 138, 139, 142, 145, 151, 154, 157, 158, 170, 171, 174, 177, 183, 186, 189, 190, 218, 219, 222, 225, 231, 234, 237, 238]
[3, 4, 7, 10, 16, 19, 22, 23, 71, 72, 75, 78, 84, 87, 90, 91, 103, 104, 107, 110, 116, 119, 122, 123, 138, 139, 142, 145, 151, 154, 157, 158, 170, 171, 174, 177, 183, 186, 189, 190, 218, 219, 222, 225, 231, 234, 237, 238]
[3, 4, 7, 10, 16, 19, 22, 23, 71, 72, 75, 78, 84, 87, 90, 91, 103, 104, 107, 110, 116, 119, 122, 123, 138, 139, 142, 145, 151, 154, 157, 158, 170, 171, 174, 177, 183, 186, 189, 190, 218, 219, 222, 225, 231, 234, 237, 238]
[3, 4, 7, 10, 16, 19, 22, 23, 71, 72, 75, 78, 84, 87, 90, 91, 103, 104, 107, 110, 116, 119, 122, 123, 138, 139, 142, 145, 151, 154, 157, 158, 170, 171, 174, 177, 183, 186, 189, 190, 218, 219, 222, 225, 231, 234, 237, 238]
[32]
[33]
[34]
[35]
[36]
[37]
[38]
[60]
[58]
[39, 214]
[40, 213]
[41, 212]
[42, 211]
[43, 210]
[44, 209]
[45, 208]
[46, 207]
[47, 206]
[48, 205]
[49, 204]
[50, 203]
[51, 202]
[52, 201]
[53, 200]
[54, 199]
[58]
[3, 4, 7, 10, 16, 19, 22, 23, 71, 72, 75, 78, 84, 87, 90, 91, 103, 104, 107, 110, 116, 119, 122, 123, 138, 139, 142, 145, 151, 154, 157, 158, 170, 171, 174, 177, 183, 186, 189, 190, 218, 219, 222, 225, 231, 234, 237, 238]
[3, 4, 7, 10, 16, 19, 22, 23, 71, 72, 75, 78, 84, 87, 90, 91, 103, 104, 107, 110, 116, 119, 122, 123, 138, 139, 142, 145, 151, 154, 157, 158, 170, 171, 174, 177, 183, 186, 189, 190, 218, 219, 222, 225, 231, 234, 237, 238]
[3, 4, 7, 10, 16, 19, 22, 23, 71, 72, 75, 78, 84, 87, 90, 91, 103, 104, 107, 110, 116, 119, 122, 123, 138, 139, 142, 145, 151, 154, 157, 158, 170, 171, 174, 177, 183, 186, 189, 190, 218, 219, 222, 225, 231, 234, 237, 238]
[3, 4, 7, 10, 16, 19, 22, 23, 71, 72, 75, 78, 84, 87, 90, 91, 103, 104, 107, 110, 116, 119, 122, 123, 138, 139, 142, 145, 151, 154, 157, 158, 170, 171, 174, 177, 183, 186, 189, 190, 218, 219, 222, 225, 231, 234, 237, 238]
[3, 4, 7, 10, 16, 19, 22, 23, 71, 72, 75, 78, 84, 87, 90, 91, 103, 104, 107, 110, 116, 119, 122, 123, 138, 139, 142, 145, 151, 154, 157, 158, 170, 171, 174, 177, 183, 186, 189, 190, 218, 219, 222, 225, 231, 234, 237, 238]
[3, 4, 7, 10, 16, 19, 22, 23, 71, 72, 75, 78, 84, 87, 90, 91, 103, 104, 107, 110, 116, 119, 122, 123, 138, 139, 142, 145, 151, 154, 157, 158, 170, 171, 174, 177, 183, 186, 189, 190, 218, 219, 222, 225, 231, 234, 237, 238]
[3, 4, 7, 10, 16, 19, 22, 23, 71, 72, 75, 78, 84, 87, 90, 91, 103, 104, 107, 110, 116, 119, 122, 123, 138, 139, 142, 145, 151, 154, 157, 158, 170, 171, 174, 177, 183, 186, 189, 190, 218, 219, 222, 225, 231, 234, 237, 238]
[3, 4, 7, 10, 16, 19, 22, 23, 71, 72, 75, 78, 84, 87, 90, 91, 103, 104, 107, 110, 116, 119, 122, 123, 138, 139, 142, 145, 151, 154, 157, 158, 170, 171, 174, 177, 183, 186, 189, 190, 218, 219, 222, 225, 231, 234, 237, 238]
[3, 4, 7, 10, 16, 19, 22, 23, 71, 72, 75, 78, 84, 87, 90, 91, 103, 104, 107, 110, 116, 119, 122, 123, 138, 139, 142, 145, 151, 154, 157, 158, 170, 171, 174, 177, 183, 186, 189, 190, 218, 219, 222, 225, 231, 234, 237, 238]
[3, 4, 7, 10, 16, 19, 22, 23, 71, 72, 75, 78, 84, 87, 90, 91, 103, 104, 107, 110, 116, 119, 122, 123, 138, 139, 142, 145, 151, 154, 157, 158, 170, 171, 174, 177, 183, 186, 189, 190, 218, 219, 222, 225, 231, 234, 237, 238]
[3, 4, 7, 10, 16, 19, 22, 23, 71, 72, 75, 78, 84, 87, 90, 91, 103, 104, 107, 110, 116, 119, 122, 123, 138, 139, 142, 145, 151, 154, 157, 158, 170, 171, 174, 177, 183, 186, 189, 190, 218, 219, 222, 225, 231, 234, 237, 238]
[3, 4, 7, 10, 16, 19, 22, 23, 71, 72, 75, 78, 84, 87, 90, 91, 103, 104, 107, 110, 116, 119, 122, 123, 138, 139, 142, 145, 151, 154, 157, 158, 170, 171, 174, 177, 183, 186, 189, 190, 218, 219, 222, 225, 231, 234, 237, 238]
[133]
[133]
[133]
[133]
[133]
[133]
[3, 4, 7, 10, 16, 19, 22, 23, 71, 72, 75, 78, 84, 87, 90, 91, 103, 104, 107, 110, 116, 119, 122, 123, 138, 139, 142, 145, 151, 154, 157, 158, 170, 171, 174, 177, 183, 186, 189, 190, 218, 219, 222, 225, 231, 234, 237, 238]
[3, 4, 7, 10, 16, 19, 22, 23, 71, 72, 75, 78, 84, 87, 90, 91, 103, 104, 107, 110, 116, 119, 122, 123, 138, 139, 142, 145, 151, 154, 157, 158, 170, 171, 174, 177, 183, 186, 189, 190, 218, 219, 222, 225, 231, 234, 237, 238]
[3, 4, 7, 10, 16, 19, 22, 23, 71, 72, 75, 78, 84, 87, 90, 91, 103, 104, 107, 110, 116, 119, 122, 123, 138, 139, 142, 145, 151, 154, 157, 158, 170, 171, 174, 177, 183, 186, 189, 190, 218, 219, 222, 225, 231, 234, 237, 238]
[33, 39, 40, 45, 50, 51, 202, 203, 208, 213, 214]
[39, 40, 45, 52, 201, 208, 213, 214]
[35]
[39, 40, 52, 201, 213, 214]
[32, 33, 37, 39, 40, 41, 42, 43, 44, 45, 46, 47, 48, 49, 50, 51, 52, 53, 200, 201, 202, 203, 204, 205, 206, 207, 208, 209, 210, 211, 212, 213, 214]
[39, 41, 52, 201, 212, 214]
[40, 41, 46, 207, 212, 213]
[40, 41, 46, 207, 212, 213]
[39, 40, 45, 208, 213, 214]
[39, 40, 45, 208, 213, 214]
[39, 40, 41, 46, 51, 202, 207, 212, 213, 214]
[39, 40, 41, 46, 51, 202, 207, 212, 213, 214]
[39, 40, 41, 42, 46, 47, 52, 55, 61, 201, 206, 207, 211, 212, 213, 214]
[39, 40, 41, 42, 46, 47, 52, 55, 61, 201, 206, 207, 211, 212, 213, 214]
[55]
[56]
[57]
[58]
[59]
[60]
[61]
[62]
[63]
[64]
[65]
[66]
[3, 4, 7, 10, 16, 19, 22, 23, 71, 72, 75, 78, 84, 87, 90, 91, 103, 104, 107, 110, 116, 119, 122, 123, 138, 139, 142, 145, 151, 154, 157, 158, 170, 171, 174, 177, 183, 186, 189, 190, 218, 219, 222, 225, 231, 234, 237, 238]
[3, 4, 7, 10, 16, 19, 22, 23, 71, 72, 75, 78, 84, 87, 90, 91, 103, 104, 107, 110, 116, 119, 122, 123, 138, 139, 142, 145, 151, 154, 157, 158, 170, 171, 174, 177, 183, 186, 189, 190, 218, 219, 222, 225, 231, 234, 237, 238]
[3, 4, 7, 10, 16, 19, 22, 23, 71, 72, 75, 78, 84, 87, 90, 91, 103, 104, 107, 110, 116, 119, 122, 123, 138, 139, 142, 145, 151, 154, 157, 158, 170, 171, 174, 177, 183, 186, 189, 190, 218, 219, 222, 225, 231, 234, 237, 238]
[3, 4, 7, 10, 16, 19, 22, 23, 71, 72, 75, 78, 84, 87, 90, 91, 103, 104, 107, 110, 116, 119, 122, 123, 138, 139, 142, 145, 151, 154, 157, 158, 170, 171, 174, 177, 183, 186, 189, 190, 218, 219, 222, 225, 231, 234, 237, 238]
[3, 4, 7, 10, 16, 19, 22, 23, 71, 72, 75, 78, 84, 87, 90, 91, 103, 104, 107, 110, 116, 119, 122, 123, 138, 139, 142, 145, 151, 154, 157, 158, 170, 171, 174, 177, 183, 186, 189, 190, 218, 219, 222, 225, 231, 234, 237, 238]
[67]
[67]
[38]
[38]
[38]
[47, 206]
[47, 206]
[41, 46, 51, 202, 207, 212]
[47, 206]
[41, 46, 51, 202, 207, 212]
[38]
[60]
[60]
[40, 45, 50, 203, 208, 213]
[40, 45, 50, 203, 208, 213]
[44, 209]
[40, 45, 50, 203, 208, 213]
[44, 209]
[66]
[38]
[38]
[34, 35, 38]
[34, 35, 38]
[40, 45, 50, 55, 56, 62, 203, 208, 213]
[34, 35, 38]
[40, 45, 50, 55, 56, 62, 203, 208, 213]
[38]
[38]
[38]
[47, 206]
[47, 206]
[41, 46, 51, 202, 207, 212]
[47, 206]
[41, 46, 51, 202, 207, 212]
[38]
[60, 66]
[60, 66]
[40, 45, 47, 50, 203, 206, 208, 213]
[40, 45, 47, 50, 203, 206, 208, 213]
[34, 35, 38]
[40, 45, 50, 203, 208, 213]
[34, 35, 38]
[66]
[38, 63]
[38, 63]
[32, 34, 35, 36, 37, 38, 55, 61, 63]
[32, 34, 35, 36, 37, 38, 55, 61, 63]
[40, 45, 50, 55, 56, 62, 203, 208, 213]
[55]
[55]
[53, 200]
[52, 201]
[51, 202]
[50, 203]
[49, 204]
[48, 205]
[47, 206]
[46, 207]
[45, 208]
[44, 209]
[43, 210]
[42, 211]
[41, 212]
[40, 213]
[39, 214]
[54, 199]
[0, 1, 11, 12, 68, 69, 79, 80, 100, 101, 111, 112, 135, 136, 146, 147, 167, 168, 178, 179, 215, 216, 226, 227]
[0, 1, 11, 12, 68, 69, 79, 80, 100, 101, 111, 112, 135, 136, 146, 147, 167, 168, 178, 179, 215, 216, 226, 227]
[2, 13, 21, 28, 70, 81, 89, 96, 102, 113, 121, 128, 137, 148, 156, 163, 169, 180, 188, 195, 217, 228, 236, 243]
[3, 4, 71, 72, 103, 104, 138, 139, 170, 171, 218, 219]
[3, 4, 71, 72, 103, 104, 138, 139, 170, 171, 218, 219]
[5, 6, 14, 15, 73, 74, 82, 83, 105, 106, 114, 115, 140, 141, 149, 150, 172, 173, 181, 182, 220, 221, 229, 230]
[5, 6, 14, 15, 73, 74, 82, 83, 105, 106, 114, 115, 140, 141, 149, 150, 172, 173, 181, 182, 220, 221, 229, 230]
[7, 10, 16, 19, 75, 78, 84, 87, 107, 110, 116, 119, 142, 145, 151, 154, 174, 177, 183, 186, 222, 225, 231, 234]
[8, 9, 17, 18, 76, 77, 85, 86, 108, 109, 117, 118, 143, 144, 152, 153, 175, 176, 184, 185, 223, 224, 232, 233]
[8, 9, 17, 18, 76, 77, 85, 86, 108, 109, 117, 118, 143, 144, 152, 153, 175, 176, 184, 185, 223, 224, 232, 233]
[7, 10, 16, 19, 75, 78, 84, 87, 107, 110, 116, 119, 142, 145, 151, 154, 174, 177, 183, 186, 222, 225, 231, 234]
[0, 1, 11, 12, 68, 69, 79, 80, 100, 101, 111, 112, 135, 136, 146, 147, 167, 168, 178, 179, 215, 216, 226, 227]
[0, 1, 11, 12, 68, 69, 79, 80, 100, 101, 111, 112, 135, 136, 146, 147, 167, 168, 178, 179, 215, 216, 226, 227]
[2, 13, 21, 28, 70, 81, 89, 96, 102, 113, 121, 128, 137, 148, 156, 163, 169, 180, 188, 195, 217, 228, 236, 243]
[5, 6, 14, 15, 73, 74, 82, 83, 105, 106, 114, 115, 140, 141, 149, 150, 172, 173, 181, 182, 220, 221, 229, 230]
[5, 6, 14, 15, 73, 74, 82, 83, 105, 106, 114, 115, 140, 141, 149, 150, 172, 173, 181, 182, 220, 221, 229, 230]
[7, 10, 16, 19, 75, 78, 84, 87, 107, 110, 116, 119, 142, 145, 151, 154, 174, 177, 183, 186, 222, 225, 231, 234]
[8, 9, 17, 18, 76, 77, 85, 86, 108, 109, 117, 118, 143, 144, 152, 153, 175, 176, 184, 185, 223, 224, 232, 233]
[8, 9, 17, 18, 76, 77, 85, 86, 108, 109, 117, 118, 143, 144, 152, 153, 175, 176, 184, 185, 223, 224, 232, 233]
[7, 10, 16, 19, 75, 78, 84, 87, 107, 110, 116, 119, 142, 145, 151, 154, 174, 177, 183, 186, 222, 225, 231, 234]
[20, 27, 88, 95, 120, 127, 155, 162, 187, 194, 235, 242]
[2, 13, 21, 28, 70, 81, 89, 96, 102, 113, 121, 128, 137, 148, 156, 163, 169, 180, 188, 195, 217, 228, 236, 243]
[22, 23, 90, 91, 122, 123, 157, 158, 189, 190, 237, 238]
[22, 23, 90, 91, 122, 123, 157, 158, 189, 190, 237, 238]
[24, 25, 29, 30, 92, 93, 97, 98, 124, 125, 129, 130, 159, 160, 164, 165, 191, 192, 196, 197, 239, 240, 244, 245]
[24, 25, 29, 30, 92, 93, 97, 98, 124, 125, 129, 130, 159, 160, 164, 165, 191, 192, 196, 197, 239, 240, 244, 245]
[26, 31, 94, 99, 126, 131, 161, 166, 193, 198, 241, 246]
[20, 27, 88, 95, 120, 127, 155, 162, 187, 194, 235, 242]
[2, 13, 21, 28, 70, 81, 89, 96, 102, 113, 121, 128, 137, 148, 156, 163, 169, 180, 188, 195, 217, 228, 236, 243]
[24, 25, 29, 30, 92, 93, 97, 98, 124, 125, 129, 130, 159, 160, 164, 165, 191, 192, 196, 197, 239, 240, 244, 245]
[24, 25, 29, 30, 92, 93, 97, 98, 124, 125, 129, 130, 159, 160, 164, 165, 191, 192, 196, 197, 239, 240, 244, 245]
[26, 31, 94, 99, 126, 131, 161, 166, 193, 198, 241, 246]
[3, 4, 7, 10, 16, 19, 22, 23, 71, 72, 75, 78, 84, 87, 90, 91, 103, 104, 107, 110, 116, 119, 122, 123, 138, 139, 142, 145, 151, 154, 157, 158, 170, 171, 174, 177, 183, 186, 189, 190, 218, 219, 222, 225, 231, 234, 237, 238]
[3, 4, 7, 10, 16, 19, 22, 23, 71, 72, 75, 78, 84, 87, 90, 91, 103, 104, 107, 110, 116, 119, 122, 123, 138, 139, 142, 145, 151, 154, 157, 158, 170, 171, 174, 177, 183, 186, 189, 190, 218, 219, 222, 225, 231, 234, 237, 238]
[60]
[38, 54, 58, 60, 66, 199]
[39, 40, 41, 44, 46, 49, 52, 201, 204, 207, 209, 212, 213, 214]
[39, 40, 41, 44, 46, 49, 52, 201, 204, 207, 209, 212, 213, 214]
[55]
[38, 54, 58, 60, 66, 199]
[41, 52, 55, 201, 212]
[41, 52, 55, 201, 212]
[41, 212]
[38, 54, 58, 60, 66, 199]
[40, 41, 50, 55, 203, 212, 213]
[40, 41, 50, 55, 203, 212, 213]
[41, 212]
[38, 54, 58, 60, 66, 199]
[41, 48, 55, 205, 212]
[41, 48, 55, 205, 212]
[47, 55, 206]
[60]
[55]
[55]
[40, 43, 46, 207, 210, 213]
[38, 54, 56, 57, 60, 66, 199]
[40, 45, 50, 52, 201, 203, 208, 213]
[40, 45, 50, 52, 201, 203, 208, 213]
[55]
[38, 54, 56, 57, 60, 66, 199]
[52, 55, 201]
[52, 55, 201]
[45, 51, 55, 202, 208]
[38, 54, 56, 57, 60, 66, 199]
[45, 50, 55, 203, 208]
[45, 50, 55, 203, 208]
[39, 49, 51, 55, 202, 204, 214]
[38, 54, 56, 57, 60, 66, 199]
[48, 55, 205]
[48, 55, 205]
[47, 55, 206]
[60]
[55]
[55]
[39, 214]
