[4, 5, 8, 9, 10, 11, 17, 18, 19, 20, 23, 24, 25, 26, 30, 31, 36, 37, 40, 41, 42, 43, 49, 50, 51, 52, 55, 56, 57, 58, 62, 63]
[4, 5, 8, 9, 10, 11, 17, 18, 19, 20, 23, 24, 25, 26, 30, 31, 36, 37, 40, 41, 42, 43, 49, 50, 51, 52, 55, 56, 57, 58, 62, 63]
[4, 5, 8, 9, 10, 11, 17, 18, 19, 20, 23, 24, 25, 26, 30, 31, 36, 37, 40, 41, 42, 43, 49, 50, 51, 52, 55, 56, 57, 58, 62, 63]
[4, 5, 8, 9, 10, 11, 17, 18, 19, 20, 23, 24, 25, 26, 30, 31, 36, 37, 40, 41, 42, 43, 49, 50, 51, 52, 55, 56, 57, 58, 62, 63]
[4, 5, 8, 9, 10, 11, 17, 18, 19, 20, 23, 24, 25, 26, 30, 31, 36, 37, 40, 41, 42, 43, 49, 50, 51, 52, 55, 56, 57, 58, 62, 63]
[4, 5, 8, 9, 10, 11, 17, 18, 19, 20, 23, 24, 25, 26, 30, 31, 36, 37, 40, 41, 42, 43, 49, 50, 51, 52, 55, 56, 57, 58, 62, 63]
[4, 5, 8, 9, 10, 11, 17, 18, 19, 20, 23, 24, 25, 26, 30, 31, 36, 37, 40, 41, 42, 43, 49, 50, 51, 52, 55, 56, 57, 58, 62, 63]
[4, 5, 8, 9, 10, 11, 17, 18, 19, 20, 23, 24, 25, 26, 30, 31, 36, 37, 40, 41, 42, 43, 49, 50, 51, 52, 55, 56, 57, 58, 62, 63]
[4, 5, 8, 9, 10, 11, 17, 18, 19, 20, 23, 24, 25, 26, 30, 31, 36, 37, 40, 41, 42, 43, 49, 50, 51, 52, 55, 56, 57, 58, 62, 63]
[4, 5, 8, 9, 10, 11, 17, 18, 19, 20, 23, 24, 25, 26, 30, 31, 36, 37, 40, 41, 42, 43, 49, 50, 51, 52, 55, 56, 57, 58, 62, 63]
[4, 5, 8, 9, 10, 11, 17, 18, 19, 20, 23, 24, 25, 26, 30, 31, 36, 37, 40, 41, 42, 43, 49, 50, 51, 52, 55, 56, 57, 58, 62, 63]
[4, 5, 8, 9, 10, 11, 17, 18, 19, 20, 23, 24, 25, 26, 30, 31, 36, 37, 40, 41, 42, 43, 49, 50, 51, 52, 55, 56, 57, 58, 62, 63]
[4, 5, 8, 9, 10, 11, 17, 18, 19, 20, 23, 24, 25, 26, 30, 31, 36, 37, 40, 41, 42, 43, 49, 50, 51, 52, 55, 56, 57, 58, 62, 63]
[4, 5, 8, 9, 10, 11, 17, 18, 19, 20, 23, 24, 25, 26, 30, 31, 36, 37, 40, 41, 42, 43, 49, 50, 51, 52, 55, 56, 57, 58, 62, 63]
[4, 5, 8, 9, 10, 11, 17, 18, 19, 20, 23, 24, 25, 26, 30, 31, 36, 37, 40, 41, 42, 43, 49, 50, 51, 52, 55, 56, 57, 58, 62, 63]
[4, 5, 8, 9, 10, 11, 17, 18, 19, 20, 23, 24, 25, 26, 30, 31, 36, 37, 40, 41, 42, 43, 49, 50, 51, 52, 55, 56, 57, 58, 62, 63]
[4, 5, 8, 11, 17, 20, 23, 24, 36, 37, 40, 43, 49, 52, 55, 56]
[4, 5, 8, 11, 17, 20, 23, 24, 36, 37, 40, 43, 49, 52, 55, 56]
[4, 5, 8, 11, 17, 20, 23, 24, 36, 37, 40, 43, 49, 52, 55, 56]
[4, 5, 8, 11, 17, 20, 23, 24, 36, 37, 40, 43, 49, 52, 55, 56]
[4, 5, 8, 11, 17, 20, 23, 24, 36, 37, 40, 43, 49, 52, 55, 56]
[4, 5, 8, 11, 17, 20, 23, 24, 36, 37, 40, 43, 49, 52, 55, 56]
[4, 5, 8, 11, 17, 20, 23, 24, 36, 37, 40, 43, 49, 52, 55, 56]
[4, 5, 8, 11, 17, 20, 23, 24, 36, 37, 40, 43, 49, 52, 55, 56]
[4, 5, 23, 24, 36, 37, 55, 56]
[8, 11, 17, 20, 40, 43, 49, 52]
[1, 2, 12, 13, 33, 34, 44, 45]
[3, 14, 22, 29, 35, 46, 54, 61]
[3, 14, 22, 29, 35, 46, 54, 61]
[1, 2, 3, 12, 13, 14, 22, 29, 33, 34, 35, 44, 45, 46, 54, 61]
[1, 2, 12, 13, 33, 34, 44, 45]
[1, 2, 3, 12, 13, 14, 21, 22, 28, 29, 33, 34, 35, 44, 45, 46, 53, 54, 60, 61]
[4, 5, 23, 24, 36, 37, 55, 56]
[6, 7, 8, 9, 10, 11, 15, 16, 17, 18, 19, 20, 25, 26, 30, 31, 38, 39, 40, 41, 42, 43, 47, 48, 49, 50, 51, 52, 57, 58, 62, 63]
[4, 5, 8, 11, 17, 20, 23, 24, 36, 37, 40, 43, 49, 52, 55, 56]
[3, 14, 22, 29, 35, 46, 54, 61]
[4, 5, 8, 11, 17, 20, 23, 24, 36, 37, 40, 43, 49, 52, 55, 56]
[4, 5, 8, 11, 17, 20, 23, 24, 36, 37, 40, 43, 49, 52, 55, 56]
[1, 2, 12, 13, 33, 34, 44, 45]
[1, 2, 12, 13, 33, 34, 44, 45]
[1, 2, 12, 13, 33, 34, 44, 45]
[1, 2, 12, 13, 33, 34, 44, 45]
[4, 5, 8, 11, 17, 20, 23, 24, 36, 37, 40, 43, 49, 52, 55, 56]
[4, 5, 8, 11, 17, 20, 23, 24, 36, 37, 40, 43, 49, 52, 55, 56]
