[0]
[1, 2]
[1, 2]
[3]
[4]
[5, 6]
[5, 6]
[7]
[8]
[9, 10]
[9, 10]
[11]
[12]
[13, 14]
[13, 14]
[15]
[16]
[17, 18]
[17, 18]
[19]
[49]
[49]
[49]
[49]
[49]
[49]
[49]
[49]
[49]
[49]
[49]
[49]
[49]
[49]
[49]
[49]
[49]
[49]
[49]
[49]
[49]
[49]
[49]
[49]
[49]
[49]
[49]
[49]
[49]
[49]
[49]
[49]
[49]
[49]
[49]
[49]
[49]
[49]
[49]
[49]
[49]
[49]
[49]
[49]
[49]
[49]
[49]
[49]
[49]
[49]
[49]
[49]
[49]
[49]
[49]
[49]
[49]
[49]
[49]
[49]
[49]
[49]
[49]
[49]
[33]
[34, 35]
[34, 35]
[36, 37]
[36, 37]
[38, 40]
[39]
[38, 40]
[34, 35]
[175, 176]
[175, 176]
[36, 37]
[36, 37]
[179, 181]
[38, 40]
[179, 181]
[151, 152]
[159, 160, 183]
[35, 184]
[185, 186]
[185, 186]
[163, 165, 187, 188]
[39]
[40, 189]
[166]
[167]
[168]
[169, 170]
[169, 170]
[171]
[172]
[173]
[174]
[175]
[176]
[177, 178]
[177, 178]
[179]
[180]
[181]
[182]
[183]
[184]
[161, 162]
[161, 162]
[187]
[155]
[189]
[49]
[24, 50, 59, 88, 97, 135, 136, 238]
[51, 52]
[52, 53]
[53, 54]
[54, 55, 139]
[55, 56]
[56, 57]
[57, 58]
[58]
[24, 50, 59, 88, 97, 135, 136, 238]
[90]
[91]
[62]
[63]
[64]
[65]
[66]
[67]
[68]
[71]
[72]
[73]
[74]
[75]
[76]
[77]
[78]
[79]
[80]
[81]
[82]
[83]
[84]
[85]
[86]
[24, 50, 59, 88, 97, 135, 136, 238]
[52, 61]
[29, 32, 52, 53, 61, 91, 98, 106, 107, 108, 137, 138, 139]
[107]
[137, 138, 139]
[138]
[138]
[106, 108, 138, 139]
[106, 108, 138]
[24, 50, 59, 88, 97, 135, 136, 238]
[138]
[53, 91, 138]
[161, 162]
[161, 162]
[145, 146]
[145, 146]
[145, 146]
[145, 146]
[27, 28, 31, 51, 57, 60, 96]
[137]
[27, 28, 31, 51, 57, 60, 96]
[257]
[167]
[182, 273]
[161, 162, 242, 243, 262, 263]
[161, 162, 242, 243, 262, 263]
[68, 80, 81, 82, 83, 84, 85, 260]
[80]
[85]
[161, 162]
[161, 162]
[161, 162]
[161, 162]
[161, 162, 242, 243]
[161, 162, 242, 243]
[161, 162]
[161, 162]
[161, 162, 185, 186, 262, 263]
[161, 162, 185, 186, 262, 263]
[161, 162]
[161, 162]
[161, 162, 185, 186]
[161, 162, 185, 186]
[161, 162]
[161, 162]
[161, 162]
[161, 162]
[161, 162]
[161, 162]
[161, 162]
[161, 162]
[161, 162, 185, 186]
[161, 162, 185, 186]
[161, 162]
[161, 162]
[161, 162]
[161, 162]
[161, 162]
[161, 162]
[161, 162]
[161, 162]
[161, 162, 185, 186]
[161, 162, 185, 186]
[161, 162]
[161, 162]
[161, 162]
[161, 162]
[161, 162]
[161, 162]
[161, 162]
[161, 162]
[161, 162]
[161, 162]
[161, 162]
[161, 162]
[161, 162]
[161, 162]
[161, 162]
[161, 162]
[161, 162]
[161, 162]
[161, 162]
[161, 162]
[161, 162]
[161, 162]
[161, 162]
[161, 162]
[161, 162]
[161, 162]
[161, 162]
[161, 162]
[161, 162]
[161, 162]
[161, 162]
[161, 162]
[161, 162]
[161, 162]
[161, 162]
[161, 162]
[161, 162]
[161, 162]
[161, 162]
[161, 162]
[161, 162]
[161, 162]
[161, 162]
[161, 162]
[161, 162]
[161, 162]
[161, 162]
[161, 162]
[161, 162]
[161, 162]
[161, 162]
[161, 162]
[161, 162]
[161, 162]
[161, 162]
[161, 162]
[161, 162]
[161, 162]
[161, 162]
[161, 162]
[161, 162]
[161, 162]
[161, 162, 242, 243]
[161, 162, 242, 243]
[161, 162, 242, 243]
[161, 162, 242, 243]
[161, 162]
[161, 162]
[161, 162, 262, 263]
[161, 162, 262, 263]
[161, 162]
[161, 162]
[161, 162]
[161, 162]
[161, 162]
[161, 162]
[161, 162]
[161, 162]
[151, 182]
[152, 182]
[158, 182]
[242, 243, 262, 263]
[72, 77, 82, 83]
[73, 78, 81, 83, 164]
[74, 78, 79, 84, 85]
[161, 162]
[161, 162]
[161, 162]
[161, 162]
[17, 18, 161, 162]
[17, 18, 161, 162]
[161, 162]
[161, 162]
[246, 247, 266, 267]
[246, 247, 266, 267]
[161, 162]
[161, 162]
[182]
[158]
[4, 158, 182, 257]
[161, 162]
[161, 162]
[77, 82, 83]
[83]
[84]
[161, 162]
[161, 162]
[161, 162]
[161, 162]
[250, 251, 270, 271]
[250, 251, 270, 271]
[161, 162]
[161, 162]
[161, 162]
[161, 162]
[161, 162]
[161, 162]
[161, 162]
[161, 162]
[254, 255, 274, 275]
[254, 255, 274, 275]
[161, 162]
[161, 162]
[161, 162]
[161, 162]
[161, 162]
[161, 162]
[161, 162]
[161, 162]
[161, 162]
[161, 162]
[161, 162]
[161, 162]
[161, 162]
[161, 162]
[161, 162]
[161, 162]
[161, 162]
[161, 162]
[161, 162]
[161, 162]
[161, 162]
[161, 162]
[161, 162]
[161, 162]
[161, 162]
[161, 162]
[161, 162]
[161, 162]
[161, 162]
[161, 162]
[161, 162]
[161, 162]
[161, 162]
[161, 162]
[161, 162]
[161, 162]
[161, 162]
[161, 162]
[161, 162]
[161, 162]
[161, 162]
[161, 162]
[161, 162]
[161, 162]
[161, 162]
[161, 162]
[161, 162]
[161, 162]
[161, 162]
[161, 162]
[161, 162]
[161, 162]
[161, 162]
[161, 162]
[161, 162]
[161, 162]
[161, 162]
[161, 162]
[161, 162]
[161, 162]
[161, 162]
[161, 162]
[161, 162]
[161, 162]
[161, 162]
[161, 162]
[161, 162]
[161, 162]
[161, 162]
[161, 162]
[161, 162]
[161, 162]
[161, 162]
[161, 162]
[161, 162]
[161, 162]
[110]
[110]
[114]
[114]
[114]
[114]
[123]
[124]
[125]
[126]
[127]
[128]
[123]
[124]
[125]
[126]
[127]
[128]
[129]
[130]
[131]
[132]
[133]
[134]
[24, 50, 59, 88, 97, 135, 136, 238]
[24, 135]
[137]
[138]
[139]
[140, 141]
[140, 141]
[142]
[144]
[143, 144, 150]
[145, 146]
[145, 146]
[149, 156]
[148]
[147]
[144, 150]
[152]
[151, 152]
[153, 154]
[153, 154]
[157]
[156]
[155]
[158]
[159, 160]
[159, 160]
[161, 162]
[161, 162]
[163, 165]
[164]
[163, 165]
[166, 168]
[168, 174]
[168]
[169, 170]
[169, 170]
[171]
[171, 172]
[171, 180]
[174]
[175, 176]
[175, 176]
[177, 178]
[177, 178]
[179, 181]
[180]
[179, 181]
[182]
[183]
[159, 184]
[185, 186]
[185, 186]
[165, 187]
[187, 188]
[189]
[190]
[191]
[192]
[193]
[194]
[195]
[196]
[197]
[198]
[199]
[200]
[201]
[202]
[203]
[204]
[205]
[206, 207, 217, 218]
[206, 207, 217, 218]
[208, 219, 227, 234]
[209, 210]
[209, 210]
[211, 212, 220, 221]
[211, 212, 220, 221]
[213, 216, 222, 225]
[214, 215, 223, 224]
[214, 215, 223, 224]
[213, 216, 222, 225]
[206, 207, 217, 218]
[206, 207, 217, 218]
[208, 219, 227, 234]
[211, 212, 220, 221]
[211, 212, 220, 221]
[213, 216, 222, 225]
[214, 215, 223, 224]
[214, 215, 223, 224]
[213, 216, 222, 225]
[226, 233]
[208, 219, 227, 234]
[228, 229]
[228, 229]
[230, 231, 235, 236]
[230, 231, 235, 236]
[232, 237]
[226, 233]
[208, 219, 227, 234]
[230, 231, 235, 236]
[230, 231, 235, 236]
[232, 237]
[24, 50, 59, 88, 97, 135, 136, 238]
[99]
[24, 50, 59, 88, 97, 135, 136, 238]
[240]
[241]
[242, 243]
[242, 243]
[244]
[245]
[246, 247]
[246, 247]
[248]
[249]
[250, 251]
[250, 251]
[252]
[253]
[254, 255]
[254, 255]
[256]
[257]
[258, 259]
[258, 259]
[260]
[261]
[262, 263]
[262, 263]
[264]
[265]
[266, 267]
[266, 267]
[268]
[269]
[270, 271]
[270, 271]
[272]
[273]
[274, 275]
[274, 275]
[276]
[277]
[278, 279]
[278, 279]
[280]
