1.0
0.9285714285714286
0.9285714285714286
0.8571428571428572
1.0
0.9122807017543859
0.9122807017543859
0.8857142857142857
1.0
0.9122807017543859
0.9122807017543859
0.8857142857142857
1.0
0.9122807017543859
0.9122807017543859
0.8571428571428572
1.0
1.0
1.0
0.8571428571428572
0.42307692307692313
0.42307692307692313
0.46153846153846156
0.42307692307692313
0.42307692307692313
0.42307692307692313
0.42307692307692313
0.42307692307692313
0.42307692307692313
0.42307692307692313
0.3846153846153846
0.3846153846153846
0.42307692307692313
0.3846153846153846
0.3846153846153846
0.3846153846153846
0.3846153846153846
0.3846153846153846
0.42307692307692313
0.3846153846153846
0.3846153846153846
0.3846153846153846
0.3846153846153846
0.3846153846153846
0.3846153846153846
0.3846153846153846
0.3846153846153846
0.3846153846153846
0.3846153846153846
0.3846153846153846
0.3846153846153846
0.3846153846153846
0.3846153846153846
0.3846153846153846
0.42307692307692313
0.3846153846153846
0.3846153846153846
0.3846153846153846
0.3846153846153846
0.3846153846153846
0.3846153846153846
0.3846153846153846
0.3846153846153846
0.3846153846153846
0.3846153846153846
0.3846153846153846
0.3846153846153846
0.3846153846153846
0.3846153846153846
0.3846153846153846
0.42307692307692313
0.3846153846153846
0.3846153846153846
0.3846153846153846
0.3846153846153846
0.3846153846153846
0.3846153846153846
0.3846153846153846
0.3846153846153846
0.3846153846153846
0.3846153846153846
0.3846153846153846
0.3846153846153846
0.3846153846153846
0.9166666666666666
0.9142857142857143
0.9142857142857143
0.9333333333333333
0.9333333333333333
0.9142857142857143
0.9166666666666666
0.9142857142857143
0.8857142857142857
0.8064516129032258
0.8064516129032258
0.8666666666666667
0.8666666666666667
0.8064516129032258
0.8857142857142857
0.8064516129032258
0.7666666666666666
0.7714285714285715
0.7714285714285715
0.7777777777777778
0.7777777777777778
0.7714285714285715
0.7777777777777778
0.7714285714285715
0.9166666666666666
0.9142857142857143
0.9142857142857143
0.9333333333333333
0.9333333333333333
0.9142857142857143
0.9166666666666666
0.9142857142857143
0.9142857142857143
0.9032258064516129
0.9032258064516129
0.9310344827586207
0.9310344827586207
0.9032258064516129
0.9142857142857143
0.9032258064516129
0.8064516129032258
0.8285714285714285
0.8
0.76
0.76
0.8285714285714285
0.8
0.8
0.8076923076923077
0.9491525423728814
0.9473684210526316
0.9473684210526316
0.9473684210526316
0.9473684210526316
0.9473684210526316
0.9473684210526316
0.9473684210526316
0.9473684210526316
0.9491525423728814
0.9482758620689655
0.9482758620689655
1.0
1.0
1.0
1.0
1.0
1.0
1.0
1.0
1.0
1.0
1.0
1.0
1.0
1.0
1.0
1.0
1.0
1.0
1.0
1.0
1.0
1.0
1.0
0.9491525423728814
0.9310344827586207
0.9137931034482758
0.9310344827586207
0.9310344827586207
0.9482758620689655
0.9310344827586207
0.9310344827586207
0.9310344827586207
0.9491525423728814
0.9310344827586207
0.9310344827586207
0.576271186440678
0.576271186440678
0.578125
0.578125
0.578125
0.578125
0.9137931034482758
0.9310344827586207
0.9137931034482758
0.6176470588235294
0.6285714285714286
0.6285714285714286
0.6
0.6
0.65625
0.6875
0.696969696969697
0.6607142857142857
0.6607142857142857
0.6428571428571428
0.6428571428571428
0.6071428571428572
0.6071428571428572
0.625
0.625
0.6071428571428572
0.6071428571428572
0.625
0.625
0.6071428571428572
0.6071428571428572
0.625
0.625
0.6428571428571428
0.6428571428571428
0.6071428571428572
0.6071428571428572
0.625
0.625
0.6071428571428572
0.6071428571428572
0.625
0.625
0.6428571428571428
0.6428571428571428
0.6071428571428572
0.6071428571428572
0.625
0.625
0.6071428571428572
0.6071428571428572
0.625
0.625
0.6896551724137931
0.6896551724137931
0.6896551724137931
0.6896551724137931
0.7068965517241379
0.7068965517241379
0.6551724137931034
0.6551724137931034
0.6724137931034483
0.6724137931034483
0.6551724137931034
0.6551724137931034
0.6551724137931034
0.6551724137931034
0.6724137931034483
0.6724137931034483
0.6551724137931034
0.6551724137931034
0.6724137931034483
0.6724137931034483
0.6551724137931034
0.6551724137931034
0.6551724137931034
0.6551724137931034
0.6724137931034483
0.6724137931034483
0.6551724137931034
0.6551724137931034
0.6724137931034483
0.6724137931034483
0.6551724137931034
0.6551724137931034
0.6551724137931034
0.6551724137931034
0.6724137931034483
0.6724137931034483
0.6551724137931034
0.6551724137931034
0.6724137931034483
0.6724137931034483
0.6551724137931034
0.6551724137931034
0.6551724137931034
0.6551724137931034
0.6724137931034483
0.6724137931034483
0.6551724137931034
0.6551724137931034
0.6724137931034483
0.6724137931034483
0.6551724137931034
0.6551724137931034
0.6551724137931034
0.6551724137931034
0.6724137931034483
0.6724137931034483
0.6551724137931034
0.6551724137931034
0.6724137931034483
0.6724137931034483
0.6379310344827587
0.6379310344827587
0.6206896551724138
0.6206896551724138
0.6379310344827587
0.6379310344827587
0.6206896551724138
0.6206896551724138
0.6379310344827587
0.6379310344827587
0.6379310344827587
0.6379310344827587
0.6206896551724138
0.6206896551724138
0.6379310344827587
0.6379310344827587
0.625
0.625
0.6363636363636364
0.5714285714285714
0.6111111111111112
0.6111111111111112
0.6216216216216216
0.6379310344827587
0.6379310344827587
0.6379310344827587
0.6379310344827587
0.603448275862069
0.603448275862069
0.6206896551724138
0.6206896551724138
0.6101694915254237
0.6101694915254237
0.603448275862069
0.603448275862069
0.6363636363636364
0.6363636363636364
0.6060606060606061
0.6379310344827587
0.6379310344827587
0.6216216216216216
0.6486486486486487
0.6216216216216216
0.603448275862069
0.603448275862069
0.6379310344827587
0.6379310344827587
0.6101694915254237
0.6101694915254237
0.6206896551724138
0.6206896551724138
0.6206896551724138
0.6206896551724138
0.6206896551724138
0.6206896551724138
0.603448275862069
0.603448275862069
0.6101694915254237
0.6101694915254237
0.6833333333333333
0.6833333333333333
0.6833333333333333
0.6833333333333333
0.7
0.7
0.65
0.65
0.65
0.65
0.65
0.65
0.65
0.65
0.6666666666666667
0.6666666666666667
0.65
0.65
0.65
0.65
0.65
0.65
0.65
0.65
0.6666666666666667
0.6666666666666667
0.65
0.65
0.65
0.65
0.65
0.65
0.65
0.65
0.6666666666666667
0.6666666666666667
0.65
0.65
0.65
0.65
0.65
0.65
0.65
0.65
0.6666666666666667
0.6666666666666667
0.65
0.65
0.65
0.65
0.65
0.65
0.65
0.65
0.6666666666666667
0.6666666666666667
0.65
0.65
0.65
0.65
0.65
0.65
0.6166666666666667
0.6166666666666667
0.6333333333333333
0.6333333333333333
0.6166666666666667
0.6166666666666667
0.6166666666666667
0.6166666666666667
0.65
0.65
0.6166666666666667
0.6166666666666667
0.6333333333333333
0.6333333333333333
0.5
0.5
0.6442953020134228
0.6442953020134228
0.6363636363636364
0.6363636363636364
1.0
1.0
1.0
1.0
1.0
1.0
1.0
1.0
1.0
1.0
1.0
1.0
1.0
1.0
1.0
1.0
1.0
1.0
0.9491525423728814
0.9661016949152542
0.9473684210526316
0.9473684210526316
0.9473684210526316
0.9318181818181819
0.9318181818181819
0.9142857142857143
0.9705882352941176
0.9117647058823529
0.9310344827586207
0.9310344827586207
0.9411764705882353
0.9142857142857143
0.9411764705882353
0.9117647058823529
0.9666666666666667
0.9
0.9285714285714286
0.9285714285714286
0.9333333333333333
0.9117647058823529
0.9333333333333333
0.9032258064516129
0.9428571428571428
0.9142857142857143
0.94
0.94
0.9428571428571428
0.8709677419354839
0.9142857142857143
0.8888888888888888
0.9142857142857143
0.9142857142857143
0.9333333333333333
0.9333333333333333
0.9142857142857143
0.8888888888888888
0.9142857142857143
0.9142857142857143
0.9032258064516129
0.9032258064516129
0.9310344827586207
0.9310344827586207
0.9032258064516129
0.9142857142857143
0.9032258064516129
0.935483870967742
0.9428571428571428
0.9142857142857143
0.962962962962963
0.962962962962963
0.9142857142857143
0.9428571428571428
0.9428571428571428
1.0
1.0
1.0
1.0
1.0
1.0
1.0
1.0
1.0
1.0
1.0
1.0
1.0
1.0
1.0
1.0
1.0
1.0
1.0
1.0
1.0
1.0
1.0
1.0
1.0
1.0
1.0
1.0
1.0
1.0
1.0
1.0
1.0
1.0
1.0
1.0
1.0
1.0
1.0
1.0
1.0
1.0
1.0
1.0
1.0
1.0
1.0
1.0
0.9491525423728814
0.9482758620689655
0.9491525423728814
1.0
1.0
1.0
1.0
1.0
1.0
1.0
1.0
1.0
1.0
1.0
1.0
1.0
1.0
1.0
1.0
1.0
1.0
1.0
1.0
1.0
1.0
1.0
1.0
1.0
1.0
1.0
1.0
1.0
1.0
1.0
1.0
1.0
1.0
1.0
1.0
1.0
1.0
1.0
1.0
1.0
