0.23287671232876717
0.23287671232876717
0.23287671232876717
0.23287671232876717
0.23287671232876717
0.23287671232876717
0.23287671232876717
0.23287671232876717
0.23287671232876717
0.23287671232876717
0.22972972972972971
0.22972972972972971
0.22972972972972971
0.22972972972972971
0.22972972972972971
0.22972972972972971
0.27118644067796616
0.27118644067796616
0.2586206896551724
0.2586206896551724
0.2586206896551724
0.2586206896551724
0.2586206896551724
0.2586206896551724
0.375
0.22972972972972971
0.2068965517241379
0.2571428571428571
0.2222222222222222
0.19999999999999996
0.19999999999999996
0.17647058823529416
0.37037037037037035
0.1885245901639344
0.27118644067796616
0.196078431372549
0.27118644067796616
0.24561403508771928
0.2272727272727273
0.2068965517241379
0.2068965517241379
0.2068965517241379
0.27118644067796616
0.24561403508771928
