1.0
1.0
1.0
1.0
1.0
1.0
1.0
1.0
1.0
1.0
1.0
1.0
1.0
1.0
1.0
1.0
1.0
1.0
1.0
1.0
1.0
1.0
1.0
1.0
1.0
1.0
1.0
1.0
1.0
1.0
1.0
1.0
0.18181818181818177
0.17142857142857137
0.19999999999999996
0.19999999999999996
0.2222222222222222
0.2571428571428571
0.2068965517241379
0.1515151515151515
0.1515151515151515
0.1515151515151515
0.1515151515151515
0.1515151515151515
0.1515151515151515
0.1515151515151515
0.1515151515151515
0.1515151515151515
0.15625
0.15625
0.1875
0.15625
0.15625
0.15625
0.18644067796610164
0.19354838709677424
0.23333333333333328
0.23333333333333328
0.23333333333333328
0.23333333333333328
0.26086956521739135
0.1875
0.22580645161290325
0.22580645161290325
0.22580645161290325
0.22580645161290325
0.20833333333333337
0.20454545454545459
1.0
1.0
1.0
1.0
1.0
1.0
1.0
1.0
1.0
1.0
1.0
1.0
1.0
1.0
1.0
1.0
1.0
1.0
1.0
1.0
1.0
1.0
1.0
1.0
1.0
1.0
1.0
1.0
1.0
1.0
1.0
1.0
1.0
1.0
1.0
1.0
1.0
1.0
1.0
1.0
1.0
1.0
1.0
1.0
1.0
1.0
1.0
1.0
1.0
1.0
1.0
1.0
1.0
1.0
1.0
1.0
1.0
1.0
1.0
1.0
1.0
1.0
1.0
1.0
0.16666666666666663
0.18644067796610164
0.18644067796610164
1.0
1.0
1.0
1.0
1.0
1.0
1.0
1.0
1.0
1.0
1.0
1.0
1.0
1.0
1.0
1.0
1.0
1.0
1.0
1.0
1.0
1.0
1.0
1.0
1.0
1.0
1.0
1.0
1.0
1.0
1.0
1.0
1.0
1.0
1.0
1.0
1.0
1.0
1.0
1.0
1.0
1.0
1.0
1.0
1.0
1.0
1.0
1.0
1.0
1.0
1.0
1.0
1.0
1.0
1.0
1.0
1.0
1.0
1.0
1.0
1.0
1.0
1.0
1.0
0.18644067796610164
0.15625
0.15625
0.15625
0.1875
0.15625
0.15625
0.1515151515151515
0.1515151515151515
0.1515151515151515
0.1515151515151515
0.1515151515151515
0.1515151515151515
0.1515151515151515
0.1515151515151515
0.1515151515151515
1.0
1.0
1.0
1.0
1.0
1.0
1.0
1.0
1.0
1.0
1.0
1.0
1.0
1.0
1.0
1.0
1.0
1.0
1.0
1.0
1.0
1.0
1.0
1.0
1.0
1.0
1.0
1.0
1.0
1.0
1.0
1.0
0.15254237288135597
0.22033898305084743
