0.46875
0.3928571428571429
0.3928571428571429
0.6
0.46875
0.368421052631579
0.368421052631579
0.6285714285714286
0.46875
0.38596491228070173
0.38596491228070173
0.6285714285714286
0.4545454545454546
0.38596491228070173
0.38596491228070173
0.6285714285714286
0.4871794871794872
0.39622641509433965
0.39622641509433965
0.6
0.7241379310344828
0.6875
0.71875
0.696969696969697
0.27118644067796616
0.24561403508771928
0.24561403508771928
0.24561403508771928
0.24561403508771928
0.24561403508771928
0.24561403508771928
0.24561403508771928
0.24561403508771928
0.4722222222222222
0.4571428571428572
0.4571428571428572
0.33333333333333337
0.33333333333333337
0.5428571428571429
0.5555555555555556
0.5428571428571429
0.4722222222222222
0.4571428571428572
0.4571428571428572
0.33333333333333337
0.33333333333333337
0.5428571428571429
0.5555555555555556
0.5428571428571429
0.6538461538461539
0.27118644067796616
0.24561403508771928
0.24561403508771928
0.24561403508771928
0.24561403508771928
0.24561403508771928
0.24561403508771928
0.24561403508771928
0.24561403508771928
0.27118644067796616
0.24561403508771928
0.24561403508771928
1.0
1.0
1.0
1.0
1.0
1.0
1.0
0.7916666666666666
0.30000000000000004
1.0
1.0
1.0
1.0
1.0
1.0
1.0
1.0
1.0
1.0
1.0
1.0
1.0
1.0
1.0
1.0
0.30000000000000004
0.27118644067796616
0.2586206896551724
0.2586206896551724
0.2586206896551724
0.2586206896551724
0.2586206896551724
0.2586206896551724
0.2586206896551724
0.2586206896551724
0.27118644067796616
0.2586206896551724
0.2586206896551724
0.2727272727272727
0.2727272727272727
0.2666666666666667
0.2666666666666667
0.2571428571428571
0.2571428571428571
0.2586206896551724
0.2586206896551724
0.2586206896551724
0.4107142857142857
0.28260869565217395
0.423728813559322
0.28260869565217395
0.4565217391304348
0.2407407407407407
0.34426229508196726
0.34426229508196726
0.34426229508196726
0.34426229508196726
0.35
0.35
0.33333333333333337
0.33333333333333337
1.0
1.0
1.0
1.0
1.0
1.0
1.0
1.0
1.0
1.0
1.0
1.0
0.27118644067796616
0.27118644067796616
0.24561403508771928
0.24561403508771928
0.24561403508771928
0.9090909090909091
0.9090909090909091
0.4571428571428572
0.4411764705882353
0.4411764705882353
0.3620689655172413
0.3620689655172413
0.5588235294117647
0.5714285714285714
0.5588235294117647
0.4411764705882353
0.4666666666666667
0.4666666666666667
0.3571428571428571
0.3571428571428571
0.5757575757575757
0.5588235294117647
0.5757575757575757
0.4838709677419355
0.4571428571428572
0.4571428571428572
0.38
0.38
0.5428571428571429
0.5806451612903225
0.5428571428571429
0.4722222222222222
0.4571428571428572
0.4571428571428572
0.33333333333333337
0.33333333333333337
0.5428571428571429
0.5555555555555556
0.5428571428571429
0.4571428571428572
0.4193548387096774
0.4193548387096774
0.3275862068965517
0.3275862068965517
0.5806451612903225
0.5428571428571429
0.5806451612903225
0.4516129032258065
0.4571428571428572
0.4571428571428572
0.33333333333333337
0.33333333333333337
0.5428571428571429
0.5714285714285714
0.5428571428571429
0.8888888888888888
0.8888888888888888
0.8888888888888888
0.8888888888888888
0.8888888888888888
0.8888888888888888
0.8918918918918919
0.8918918918918919
0.8918918918918919
0.8918918918918919
0.8918918918918919
0.8918918918918919
0.8918918918918919
0.8918918918918919
0.8918918918918919
0.8709677419354839
1.0
1.0
1.0
1.0
1.0
1.0
1.0
1.0
1.0
1.0
1.0
1.0
1.0
1.0
1.0
1.0
1.0
1.0
1.0
1.0
1.0
1.0
1.0
1.0
1.0
1.0
1.0
1.0
1.0
1.0
1.0
1.0
0.27118644067796616
0.2586206896551724
0.8260869565217391
0.4545454545454546
0.40816326530612246
0.40816326530612246
0.6111111111111112
0.4545454545454546
0.3728813559322034
0.3728813559322034
0.6111111111111112
0.4545454545454546
0.3728813559322034
0.3728813559322034
0.6111111111111112
0.4411764705882353
0.3728813559322034
0.3728813559322034
0.5945945945945945
0.4285714285714286
0.2808988764044944
0.2808988764044944
0.6666666666666667
0.4545454545454546
0.4285714285714286
0.4285714285714286
0.6111111111111112
0.4545454545454546
0.3728813559322034
0.3728813559322034
0.5833333333333333
0.4545454545454546
0.3728813559322034
0.3728813559322034
0.5833333333333333
0.4411764705882353
0.3728813559322034
0.3728813559322034
0.5945945945945945
0.4642857142857143
0.2921348314606742
0.2921348314606742
0.696969696969697
