[43, 53]
[50]
[41, 44, 51, 54]
[65]
[41, 44, 51, 54, 64]
[43, 53]
[50]
[44, 54]
[44, 54]
[44, 54]
[10]
[11]
[12]
[13]
[14]
[10]
[15]
[17]
[17]
[19]
[19]
[21]
[21]
[14]
[24]
[10]
[10]
[19]
[27]
[21]
[29]
[14]
[14]
[33]
[34]
[51]
[65]
[54]
[65]
[18]
[18]
[37]
[50]
[38, 39, 68]
[38, 39, 68]
[40, 58]
[41]
[65]
[41, 44]
[43]
[65]
[41, 44]
[44, 54]
[41, 44]
[43]
[17]
[53]
[17]
[18]
[50]
[51]
[65]
[51, 54]
[53]
[21, 23]
[54]
[44, 54]
[51, 54]
[53]
[23]
[40, 58]
[59, 60]
[59, 60]
[51]
[44, 54]
[44, 54, 65]
[44, 54, 64]
[67]
[38, 39, 68]
