[0]
[1]
[2]
[3]
[7, 27, 868, 879, 1801, 1811, 3658]
[8]
[9]
[10]
[11]
[12]
[13]
[7, 27, 868, 879, 1801, 1811, 3658]
[28]
[29]
[30]
[31]
[874]
[877]
[874]
[875]
[876]
[2038]
[1658, 1813]
[1196, 2591]
[10]
[1658, 1813]
[1658, 1813]
[1658, 1813]
[36, 589, 931, 1526, 1621, 1711, 2526, 3822, 3879]
[3753]
[147, 276, 351, 429, 611, 667, 678, 772, 939, 1218, 1360, 1463, 2059, 2484, 3247, 3254, 3454, 3754, 3848]
[1501, 3419]
[260, 666, 2695, 3472]
[680]
[579, 620, 1143, 1503, 2698]
[40]
[984, 1185, 1525, 3354, 3388, 3549]
[293, 3274]
[294, 3275]
[1435]
[297, 298, 3278, 3279]
[297, 298, 3278, 3279]
[299, 300, 303, 304, 3280, 3281, 3284, 3285]
[301, 302, 3282, 3283]
[301, 302, 3282, 3283]
[299, 300, 303, 304, 3280, 3281, 3284, 3285]
[3286]
[3286]
[299, 300, 303, 304, 3280, 3281, 3284, 3285]
[301, 302, 3282, 3283, 3286]
[301, 302, 3282, 3283, 3286]
[299, 300, 303, 304, 3280, 3281, 3284, 3285]
[44, 61, 63, 74, 998, 1108, 1109, 1110, 1111, 1222, 1618, 1624, 1631, 1637, 1802, 2440, 2941, 2979, 3404, 3408]
[50]
[1720, 1721]
[1720, 1721]
[607, 2527, 3291]
[468, 2514, 3459]
[57]
[1287]
[3552]
[58]
[44, 61, 63, 74, 998, 1108, 1109, 1110, 1111, 1222, 1618, 1624, 1631, 1637, 1802, 2440, 2941, 2979, 3404, 3408]
[62]
[44, 61, 63, 74, 998, 1108, 1109, 1110, 1111, 1222, 1618, 1624, 1631, 1637, 1802, 2440, 2941, 2979, 3404, 3408]
[64]
[65]
[59]
[60]
[69]
[70]
[71]
[72]
[3889, 4044]
[4045]
[3894, 3899, 4046]
[3895, 3896, 4047, 4048]
[3895, 3896, 4047, 4048]
[1305, 1452, 2419, 2680, 3302, 3304, 3306, 3616, 3619, 4049]
[4050]
[75]
[76]
[77]
[78]
[79]
[1411, 3791, 3793]
[81]
[82]
[83]
[84]
[85]
[86]
[87]
[2150, 2434, 2482, 3104]
[89]
[90]
[3293, 3554, 3838]
[269]
[92]
[2418]
[94]
[95]
[96, 570, 1441, 1603, 1660, 1671, 2530, 2949, 3581]
[97]
[3612]
[99]
[100]
[101]
[102]
[103, 104]
[103, 104]
[105, 106]
[107]
[108]
[109]
[110]
[111]
[112]
[113]
[114]
[115]
[116]
[117]
[118]
[119]
[120]
[125]
[126, 3325]
[146]
[147, 276, 351, 429, 611, 667, 678, 772, 939, 1360, 2059, 3254, 3454]
[148, 3287, 3372, 3548]
[149]
[150]
[151]
[152, 356]
[153]
[154]
[155]
[156, 157]
[156, 157]
[158, 159, 3382, 3383]
[158, 159, 3382, 3383]
[160]
[161, 162]
[161, 162]
[3262, 3263, 3264]
[165]
[383, 384, 3262, 3263, 3264]
[166, 167, 168]
[3116]
[166, 167, 168]
[3116]
[3262, 3263, 3264]
[383, 384, 3262, 3263, 3264]
[383, 384, 3262, 3263, 3264]
[166, 167, 168]
[3116]
[383, 384, 3262, 3263, 3264]
[166, 167, 168]
[3116]
[169, 170]
[169, 170]
[171, 1328, 1332, 1333]
[172]
[377, 1022]
[377, 1022]
[174]
[2624]
[1023]
[177, 178]
[177, 178]
[172]
[177, 178]
[177, 178]
[179, 1019]
[186, 3957]
[2536]
[2536]
[2536]
[2536]
[2536]
[2536]
[2536]
[2536]
[3751]
[186, 3957]
[3888]
[2536]
[2536]
[2536]
[2536]
[2536]
[2536]
[2536]
[186, 3957]
[2536]
[2536]
[2536]
[2536]
[2536]
[258, 2065]
[259, 3248]
[260, 666, 2695, 3472]
[261, 786, 941, 1555, 1567, 2696]
[262]
[263]
[264]
[265]
[266, 267]
[266, 267]
[1805, 1807]
[269]
[270]
[271]
[272]
[273]
[274]
[1427, 2667, 3222]
[147, 276, 351, 429, 611, 667, 678, 772, 939, 1360, 2059, 3254, 3454]
[88, 451, 497, 2964]
[278, 2372]
[279]
[280]
[281]
[282]
[284]
[285]
[152, 356]
[2004, 2545]
[291, 2951, 3978]
[1310, 1353, 1616, 1622, 3924]
[292]
[293, 3274]
[294]
[295, 296]
[295, 296]
[2278]
[297, 298]
[297, 298]
[299, 300, 303, 304]
[299, 300, 303, 304]
[301, 302]
[305]
[306, 2272, 3832]
[613, 756, 2296, 3796, 3912]
[607, 2527, 3291]
[309]
[310, 485, 631, 3196]
[311]
[312, 364, 2891, 3197]
[313]
[314]
[315, 316, 319]
[315, 316, 319]
[317]
[318]
[315, 316, 319]
[323, 324]
[323, 324]
[325]
[326]
[327]
[328]
[329]
[330, 331]
[330, 331]
[3543, 3544]
[386, 3790]
[387]
[388]
[389]
[1247]
[391]
[392]
[2373, 3109]
[278, 2372, 3985]
[2360]
[2264]
[99]
[394]
[90]
[3430]
[888, 3385, 3512]
[100]
[3542]
[418, 589]
[1634, 2952]
[88, 451, 497, 2485, 2622, 2953, 2964, 3219, 3798, 3960]
[3100]
[96, 146, 570, 604, 938, 1441, 1475, 1528, 1603, 1660, 1671, 2530, 2949, 3224, 3288, 3483, 3581, 3809, 3825, 3889, 4044]
[36, 1621]
[3184, 3827]
[2622, 2953, 3960]
[2465, 2991, 3106]
[546, 1709, 2079, 2082, 3461]
[2237, 2238, 3059, 3060, 3061, 3062]
[40, 2084]
[423]
[1189, 1191]
[1673]
[88, 451, 497, 2964]
[455, 456]
[455, 456]
[454]
[455, 456]
[455, 456]
[457, 942, 1464, 1504, 3219, 3422, 3798, 3984]
[466]
[2043]
[460, 461]
[460, 461]
[2046, 2047]
[2046, 2047]
[464]
[2048]
[466]
[467]
[1142, 2445, 2528, 2612, 3804]
[471]
[469, 2376]
[472]
[473]
[474]
[475, 1192, 2152, 3276, 3277, 3395, 3396]
[477]
[478]
[514]
[946]
[1820]
[1820]
[307, 2298]
[483, 484, 2694, 3238, 3590]
[310, 485, 631, 3196]
[486]
[487]
[488]
[489]
[490, 2681, 2744, 2746, 3000, 3001, 3932]
[491]
[492, 493]
[492, 493]
[492, 493, 494, 2289]
[3791, 3793]
[3791, 3793]
[3791, 3793]
[2209]
[536, 537]
[537]
[538]
[539, 540]
[539, 540]
[541, 542]
[541, 542]
[543]
[543]
[543]
[3791, 3793]
[3791, 3793]
[2209]
[2418]
[2328]
[2027]
[563]
[577, 1705, 2512]
[577, 1213, 1705, 2358, 2512]
[579, 620, 1143, 1503, 2698]
[624, 2968, 3226, 3251, 3800, 4017]
[937]
[582]
[583]
[584]
[585]
[586]
[587]
[588, 3310]
[589]
[590, 603, 2384, 3433]
[591]
[592]
[593]
[594, 595]
[594, 595]
[596]
[597, 3839]
[598, 599, 2277]
[598, 599, 2277]
[600]
[601]
[396, 588, 987, 3310, 3453, 3482, 3485]
[1186, 1439, 1629, 1704, 2236, 2955]
[604]
[613, 756, 2296, 2303, 3805, 3912]
[88, 451, 497, 2964]
[308, 404, 608, 2611, 3422, 3458]
[3905]
[616, 931, 2259, 3846, 3999]
[261, 786, 941, 1555, 1567, 2696]
[621]
[622]
[623, 2483, 2697]
[624, 2968, 3226, 3251, 3800, 4017]
[625]
[626, 751, 789, 2498, 3227]
[1570, 2651, 2666]
[39, 431, 578, 619, 626, 627, 751, 789, 1259, 1281, 1345, 1423, 1508, 1518, 1568, 1706, 1715, 2057, 2258, 2498, 2622, 2668, 2702, 2778, 2953, 3107, 3227, 3232, 3579, 3586, 3670, 3960]
[630]
[0]
[277, 614, 659, 683, 1279, 1440, 1932, 2297, 2510, 3289, 3290, 3371, 3421, 3913, 3948, 3949, 3950, 4013]
[660, 3373]
[661]
[662, 663]
[662, 663]
[664]
[3790]
[702]
[393]
[704]
[705]
[3612]
[707]
[711]
[712]
[713]
[714]
[715]
[716, 717]
[716, 717]
[718]
[719]
[733]
[3140]
[3463]
[734, 735]
[734, 735]
[835]
[2107]
[2109, 2115]
[2109]
[744]
[2670]
[746]
[382]
[756, 3912]
[757]
[758, 759, 760]
[758, 759, 760]
[758, 759, 760]
[761]
[762, 763]
[762, 763]
[147, 276, 351, 429, 611, 667, 678, 772, 939, 1360, 2059, 3254, 3454]
[773]
[774, 775, 776]
[774, 775, 776]
[774, 775, 776]
[777]
[578, 619, 1423, 1568]
[446, 502]
[2615, 2616, 2657, 2971]
[447]
[2109, 2115]
[778]
[1097, 2128]
[945, 3276, 3277, 3361, 3675, 3698]
[945, 3276, 3277, 3361, 3675, 3698]
[2109, 2115]
[306, 2272, 3832]
[781]
[597, 3839]
[1135]
[1135]
[102]
[102]
[1315, 1316, 1318, 1319, 2688, 2689, 3398, 3399]
[1315, 1316, 1318, 1319, 2688, 2689, 3398, 3399]
[597, 3839]
[589, 931, 1158, 1526, 2526, 2643, 3486, 3849]
[589, 606, 931, 1526, 2526]
[669, 785, 2513]
[1142, 2445, 2528, 2612, 3804]
[578, 619, 787, 940, 1423, 1568, 2063, 2260, 2301, 2516, 3591, 3984, 4015]
[673, 1425, 2772]
[924, 2994]
[2488]
[818]
[819]
[820, 3077, 3945]
[821, 3078]
[822, 823, 3079, 3080]
[822, 823, 3079, 3080]
[824, 3081, 3943]
[825, 3082]
[828]
[829]
[830]
[831, 833]
[832]
[831, 833]
[834]
[835]
[836]
[837]
[845]
[7, 27, 868, 879, 1801, 1811, 3658]
[869, 873, 1795, 1796]
[878, 1646, 1647, 1649, 1799, 1800]
[7, 27, 868, 879, 1801, 1811, 3658]
[880]
[896]
[897]
[898]
[899]
[900]
[901]
[902]
[903]
[904]
[905]
[906]
[907]
[908]
[909]
[294, 916, 917, 3275]
[378]
[294, 916, 917, 3275]
[920]
[922, 3692, 3850, 3929]
[925]
[2777, 3828]
[1518, 2778, 3107, 3232]
[927, 2701, 3778]
[926, 2295, 2302, 2776, 2779, 2993, 3233, 3810]
[2057, 3586]
[929]
[590, 603, 2384, 3433]
[498, 1529, 2568, 3795]
[3473, 3951]
[91]
[946]
[947, 2597]
[317]
[949]
[950]
[783]
[953]
[954]
[2038]
[955]
[956]
[956, 957]
[958]
[2209]
[969]
[982]
[983]
[2038]
[37, 622, 1424, 1708, 3455]
[1367]
[352, 507, 2005, 2006, 3509, 3694, 3695, 3701]
[2038]
[2038]
[3707]
[377]
[3707]
[2168]
[3241]
[2253]
[359, 360, 361, 441, 442, 773, 3241, 3423]
[3356, 3357, 3696, 3697]
[3356, 3357, 3696, 3697]
[2038]
[2038]
[2038]
[2956]
[1050]
[2956]
[992]
[993]
[2038]
[1005]
[1010, 1011]
[1010, 1011]
[2737]
[171, 177, 178, 1328, 1332, 1333]
[1944]
[2394]
[875]
[511, 520, 3394, 3514, 3702, 3703, 3840]
[145]
[2278]
[295, 296, 399, 556, 2018, 2381, 2617, 3379, 3380, 3988]
[145]
[173]
[295, 296, 399, 556, 2018, 2381, 2617, 3379, 3380, 3988]
[994]
[1039]
[1040, 2329]
[994]
[2735]
[1053]
[352]
[719]
[1384]
[3635, 3636, 3637]
[550]
[1074]
[3724]
[1075]
[1134]
[1135]
[1136]
[1137]
[1138]
[1139]
[1140, 3105]
[1142, 2445, 2528, 2612, 3804]
[3473, 3951]
[1709, 3461]
[1144, 1146]
[1145]
[1144, 1146]
[1147]
[1153]
[3566, 3966]
[193]
[3130]
[2353]
[498, 1155, 1221, 2667, 3222, 3777]
[275, 605, 1221, 2667, 3222, 3777]
[94, 2609, 2950, 3487, 3829]
[432, 1156, 1374, 2969, 3252, 3780]
[1404]
[2061, 3830]
[1158, 1159]
[748, 1367, 2060]
[1408]
[2209]
[1161]
[1162]
[3265]
[3267]
[3959]
[1199]
[1005]
[1226, 1227, 1228, 1229]
[1226, 1227, 1228, 1229]
[1230]
[1230]
[1226, 1227, 1228, 1229]
[1226, 1227, 1228, 1229]
[1242]
[3728]
[3728]
[1242]
[1231]
[1232, 2539]
[1232, 1233, 1247, 2539, 2541, 2542]
[1234]
[1235]
[1236]
[1237, 1238]
[1237, 1238]
[1239]
[1240, 2411]
[1657, 1798, 1810, 3727]
[1748, 1749]
[1748, 1749]
[166, 167, 168]
[1690, 1691, 1692, 1693, 1694, 1695, 1748, 1749, 2000, 4021]
[1690, 1691, 1692, 1693, 1694, 1695, 1748, 1749, 2000, 4021]
[136, 3521, 3523, 3524, 3525]
[1818]
[1819]
[1271]
[1272]
[1273, 1274, 1275]
[1273, 1274, 1275]
[1273, 1274, 1275]
[1276]
[1277]
[1278]
[1282]
[1283, 1304]
[1284]
[1495]
[817]
[1285]
[1176, 1286]
[1287]
[1178, 2003, 3101, 3102]
[817]
[1289]
[1288]
[1290, 2849, 3056, 3676]
[1291]
[1292]
[1293]
[1294]
[1295]
[1296]
[1297]
[1298]
[1299]
[1298]
[1301]
[1303]
[1283, 1304]
[408]
[1305, 1452, 2419, 2680, 3302, 3304, 3306, 3616, 3619, 4049]
[26]
[3904]
[1326, 1327]
[1326, 1327]
[171, 1328, 1332, 1333]
[3791, 3793]
[3791, 3793]
[1331, 1334]
[171, 1328, 1332, 1333]
[171, 1328, 1332, 1333]
[1331, 1334]
[1335]
[1336]
[431, 1259, 1345, 1715, 3670]
[1346]
[1347]
[1348]
[1349, 1350, 1351]
[1349, 1350, 1351]
[1349, 1350, 1351]
[1352]
[1310, 1353, 1616, 1622, 3924]
[1354]
[1355]
[1356]
[1357]
[1358]
[1359]
[1367]
[1368]
[1369]
[1370]
[1371]
[1372]
[1374]
[1375]
[1376]
[671, 750, 1214, 1377, 3799]
[1378, 2665, 3585]
[277, 1279, 1440, 3913, 3949]
[484, 940, 3238]
[1142, 2445, 2528, 2612, 3804]
[1378, 2665, 3585]
[1216, 2652, 3853]
[614, 659, 3290, 3784, 3812]
[2220, 2222, 2224]
[88, 148, 433, 451, 497, 749, 790, 928, 1141, 1426, 1468, 2064, 2588, 2664, 2699, 2774, 2964, 3219, 3287, 3372, 3548, 3578, 3583, 3602, 3760, 3781, 3798]
[2066]
[1386]
[1387]
[1411]
[1389]
[1390]
[1391]
[1392]
[1393, 1394]
[1393, 1394]
[1395]
[1396, 1397]
[1396, 1397]
[1398]
[1399]
[1407]
[1408]
[1407]
[1410]
[1411]
[1412]
[1413]
[1414]
[1415]
[1402]
[1417]
[2049]
[1421]
[1540]
[680]
[622]
[2261, 2500, 3755, 3814, 3954]
[1155]
[790, 1426, 2664, 2699, 2774, 3602, 3760]
[1428]
[1429]
[1430, 1436]
[1431]
[1432, 1437]
[1433]
[1434]
[1435]
[1430, 1436]
[1432, 1437]
[1438]
[1186, 1439, 1629, 1704, 2236, 2955]
[277, 1279, 1440, 3913, 3949]
[96, 570, 1441, 1603, 1660, 1671, 2530, 2949, 3581]
[1442]
[1443]
[1444, 1445]
[1444, 1445]
[1446]
[1447]
[1448]
[576, 1449, 1606, 1609, 1612, 1615, 1665, 1668, 1675, 1678, 1683, 2535]
[1450]
[1451]
[1305, 1452, 2419, 2680, 3302, 3304, 3306, 3616, 3619, 4049]
[1453]
[1454]
[1455]
[1456]
[1457, 1458]
[1457, 1458]
[1459]
[1460]
[1461]
[1462]
[1463]
[38, 457, 942, 1464, 1569, 2446, 2661, 3984]
[3052]
[36, 1466, 1521, 1621, 2060, 2359]
[307, 756, 792, 926, 1467, 2298, 2776, 3912]
[2232]
[1469]
[1470]
[1471]
[239]
[1497]
[1118, 1498, 1652, 2351]
[1500]
[615, 618, 1501, 2992, 2997, 3419, 3803, 4016]
[1142, 2445, 2528, 2612, 3804]
[2992]
[350, 588, 991, 3310]
[3219, 3798]
[580, 1506]
[3231]
[1219]
[2780]
[1509]
[1510]
[1511]
[1512]
[1516, 1517]
[1516]
[1517]
[1570, 2651, 2666]
[928, 1507, 2297, 2516, 2780, 3693, 3950]
[3853]
[3802]
[938]
[748]
[1523]
[1538]
[1539]
[259, 991, 3248]
[1422, 1540, 2301, 3238, 3591, 3929]
[1709, 3461]
[1541]
[1542, 2861]
[1543]
[1544]
[1545, 1551]
[1546, 1547]
[1546, 1547]
[1548, 1549]
[1548, 1549]
[1550]
[1545, 1551]
[261, 786, 941, 1555, 1567, 2696]
[1556]
[1557]
[1558, 1559]
[1558, 1559]
[1560]
[1561]
[1562]
[1563]
[1564, 1565]
[1564, 1565]
[1566]
[261, 786, 941, 1555, 1567, 2696]
[578, 619, 1423, 1568]
[1569, 2446]
[1570, 2651, 2666]
[1157, 1571]
[1572, 1573, 1574, 1575]
[1572, 1573, 1574, 1575]
[1572, 1573, 1574, 1575]
[1572, 1573, 1574, 1575]
[1576]
[1580]
[1581, 3843]
[1582]
[1583]
[1584]
[1592]
[1593]
[1594]
[1595]
[1596, 1791]
[1597, 1792]
[1598, 1793]
[1599, 1794]
[1600]
[1601]
[96, 570, 1441, 1603, 1660, 1671, 2530, 2949, 3581]
[1604]
[1605, 1608, 1611, 1677]
[576, 1449, 1606, 1609, 1612, 1615, 1665, 1668, 1675, 1678, 1683, 2535]
[1607]
[1605, 1608, 1611, 1677]
[576, 1449, 1606, 1609, 1612, 1615, 1665, 1668, 1675, 1678, 1683, 2535]
[1610]
[1605, 1608, 1611, 1677]
[576, 1449, 1606, 1609, 1612, 1615, 1665, 1668, 1675, 1678, 1683, 2535]
[1613]
[1614, 1682]
[576, 1449, 1606, 1609, 1612, 1615, 1665, 1668, 1675, 1678, 1683, 2535]
[1310, 1353, 1616, 1622, 3924]
[1617, 1623, 1630, 1636]
[44, 61, 63, 74, 998, 1108, 1109, 1110, 1111, 1222, 1618, 1624, 1631, 1637, 1802, 2440, 2941, 2979, 3404, 3408]
[1619]
[1620]
[1186, 1439, 1629, 1704, 2236, 2955]
[1617, 1623, 1630, 1636]
[44, 61, 63, 74, 998, 1108, 1109, 1110, 1111, 1222, 1618, 1624, 1631, 1637, 1802, 2440, 2941, 2979, 3404, 3408]
[1632]
[1633]
[878, 1646, 1647, 1649, 1799, 1800]
[878, 1646, 1647, 1649, 1799, 1800]
[1648]
[878, 1646, 1647, 1649, 1799, 1800]
[1656]
[1657, 1798, 1810]
[1659]
[96, 570, 1441, 1603, 1660, 1671, 2530, 2949, 3581]
[1187, 1703]
[1337, 2067, 2069, 2361, 2371, 3475, 3499, 3915]
[480]
[1667]
[576, 1449, 1606, 1609, 1612, 1615, 1665, 1668, 1675, 1678, 1683, 2535]
[576, 1449, 1606, 1609, 1612, 1615, 1665, 1668, 1675, 1678, 1683, 2535]
[263]
[704]
[226]
[552, 1638]
[552, 1638]
[2675]
[96, 570, 1441, 1603, 1660, 1671, 2530, 2949, 3581]
[1672]
[1673]
[1674]
[576, 1449, 1606, 1609, 1612, 1615, 1665, 1668, 1675, 1678, 1683, 2535]
[1676]
[1605, 1608, 1611, 1677]
[576, 1449, 1606, 1609, 1612, 1615, 1665, 1668, 1675, 1678, 1683, 2535]
[1679]
[1680, 1681]
[1680, 1681]
[1614, 1682]
[576, 1449, 1606, 1609, 1612, 1615, 1665, 1668, 1675, 1678, 1683, 2535]
[1687]
[1688]
[1689]
[1702]
[1187, 1703]
[1186, 1439, 1629, 1704, 2236, 2955]
[577, 1705, 2512]
[39, 1706, 2258]
[1707, 3584]
[1708]
[1709, 3461]
[1710]
[1711, 3822]
[1720, 1721]
[1720, 1721]
[1720, 1721]
[2077]
[1720, 1721]
[1713]
[1729, 1761, 1767, 1769, 1774, 1775, 1782, 1788]
[1730]
[1731]
[1732, 1766, 1773, 1781, 1787]
[1733]
[1734]
[1735]
[1736, 1758]
[1737, 1742, 1759]
[1738, 1739]
[1738, 1739]
[1740, 1760]
[1741]
[1737, 1742, 1759]
[1743, 1744]
[1743, 1744]
[1745]
[1746, 1747]
[1746, 1747]
[1748, 1749]
[1748, 1749]
[1750, 1751]
[1750, 1751]
[1752]
[1753]
[1754, 1755]
[1754, 1755]
[1748, 1749]
[1748, 1749]
[1736, 1758]
[1737, 1742, 1759]
[1740, 1760]
[1729, 1761, 1767, 1769, 1774, 1775, 1782, 1788]
[1762, 1768, 1770, 1776, 1783]
[1763, 1777]
[1764]
[1765]
[1732, 1766, 1773, 1781, 1787]
[1729, 1761, 1767, 1769, 1774, 1775, 1782, 1788]
[1762, 1768, 1770, 1776, 1783]
[1729, 1761, 1767, 1769, 1774, 1775, 1782, 1788]
[1762, 1768, 1770, 1776, 1783]
[1771]
[1772]
[1732, 1766, 1773, 1781, 1787]
[1729, 1761, 1767, 1769, 1774, 1775, 1782, 1788]
[1729, 1761, 1767, 1769, 1774, 1775, 1782, 1788]
[1762, 1768, 1770, 1776, 1783]
[1763, 1777]
[1778]
[1779]
[1780]
[1732, 1766, 1773, 1781, 1787]
[1729, 1761, 1767, 1769, 1774, 1775, 1782, 1788]
[1762, 1768, 1770, 1776, 1783]
[1784]
[1785]
[1786]
[1732, 1766, 1773, 1781, 1787]
[1729, 1761, 1767, 1769, 1774, 1775, 1782, 1788]
[1789, 1790]
[1789, 1790]
[1596, 1791]
[1597, 1792]
[1598, 1793]
[1599, 1794]
[869, 873, 1795, 1796]
[7, 27, 868, 879, 1801, 1811, 3658]
[869, 873, 1795, 1796]
[1538]
[878, 1646, 1647, 1649, 1799, 1800]
[1657, 1798, 1810]
[2536]
[7, 27, 868, 879, 1801, 1811, 3658]
[44, 61, 63, 74, 998, 1108, 1109, 1110, 1111, 1222, 1618, 1624, 1631, 1637, 1802, 2440, 2941, 2979, 3404, 3408]
[1809]
[1657, 1798, 1810]
[7, 27, 868, 879, 1801, 1811, 3658]
[1812]
[1814]
[1815]
[1816]
[1817]
[1821]
[1822]
[1823]
[1824, 1979, 2011]
[1825]
[1826, 1907]
[1827]
[1828, 1829, 1830, 1831, 1832, 1833, 1834, 1835, 1836, 1837]
[1828, 1829, 1830, 1831, 1832, 1833, 1834, 1835, 1836, 1837]
[1828, 1829, 1830, 1831, 1832, 1833, 1834, 1835, 1836, 1837]
[1828, 1829, 1830, 1831, 1832, 1833, 1834, 1835, 1836, 1837]
[1828, 1829, 1830, 1831, 1832, 1833, 1834, 1835, 1836, 1837]
[1828, 1829, 1830, 1831, 1832, 1833, 1834, 1835, 1836, 1837]
[1828, 1829, 1830, 1831, 1832, 1833, 1834, 1835, 1836, 1837]
[1828, 1829, 1830, 1831, 1832, 1833, 1834, 1835, 1836, 1837]
[1828, 1829, 1830, 1831, 1832, 1833, 1834, 1835, 1836, 1837]
[1828, 1829, 1830, 1831, 1832, 1833, 1834, 1835, 1836, 1837]
[1838, 1840, 1844]
[1839]
[1838, 1840, 1844]
[1841]
[1842]
[1843]
[1838, 1840, 1844]
[1845]
[1846]
[1847]
[1848]
[1849, 1918, 1919]
[1850]
[1851]
[1852, 1922, 1935, 1952]
[1853, 1871, 1923, 1924, 1953]
[1854]
[1855, 1878]
[1856, 1880, 1929, 1958]
[1857, 1882, 1911, 1931, 1959]
[1858]
[1859]
[1860]
[1861]
[1862]
[1863]
[1883, 1884, 1893, 1894]
[1883, 1884, 1893, 1894]
[1885, 1889, 1891, 1895, 1917]
[1886]
[1887]
[1888]
[1885, 1889, 1891, 1895, 1917]
[1890, 1920]
[1885, 1889, 1891, 1895, 1917]
[1892]
[1883, 1884, 1893, 1894]
[1883, 1884, 1893, 1894]
[1885, 1889, 1891, 1895, 1917]
[1896]
[1897]
[1898, 1934]
[1870, 1899, 1905]
[1916]
[1885, 1889, 1891, 1895, 1917]
[1849, 1918, 1919]
[1849, 1918, 1919]
[1890, 1920]
[1869, 1921, 1950]
[1852, 1922, 1935, 1952]
[1853, 1871, 1923, 1924, 1953]
[1853, 1871, 1923, 1924, 1953]
[1925]
[1926]
[1927, 1956]
[1928]
[1856, 1880, 1929, 1958]
[1930]
[1857, 1882, 1911, 1931, 1959]
[1947]
[1948]
[1868, 1902, 1949]
[1869, 1921, 1950]
[1951]
[1852, 1922, 1935, 1952]
[1853, 1871, 1923, 1924, 1953]
[1954]
[1875, 1955]
[1927, 1956]
[1909, 1957]
[1856, 1880, 1929, 1958]
[1857, 1882, 1911, 1931, 1959]
[1903, 1960, 2216]
[1962]
[1983]
[1984]
[1985]
[2386, 2958]
[1356]
[1989]
[838, 1357]
[3125]
[3019]
[2243]
[2243]
[435]
[576, 1449, 1606, 1609, 1612, 1615, 1665, 1668, 1675, 1678, 1683, 1728, 2535]
[2618]
[1991]
[3791, 3793]
[2209]
[1994]
[1995]
[2004, 2545]
[2005, 2006]
[2005, 2006]
[2007]
[2008]
[2021]
[2022]
[2022, 3210, 3211]
[2023]
[643, 778, 3144, 3159]
[3143]
[387, 3982]
[335, 3132, 3138, 3444]
[334, 3444]
[2275, 3144, 3977]
[2150, 2434, 2482, 3104]
[406]
[2115]
[2109, 2115]
[399, 2617]
[3374, 3390]
[2050]
[2051]
[2052]
[2056]
[258, 2065]
[2568]
[1519, 2501]
[1281, 1508, 2668, 2702]
[39, 431, 578, 619, 626, 627, 751, 789, 1259, 1281, 1345, 1423, 1508, 1518, 1568, 1706, 1715, 2057, 2258, 2498, 2622, 2668, 2702, 2778, 2953, 3107, 3227, 3232, 3579, 3586, 3670, 3960]
[2071]
[2075]
[2076]
[2077]
[2078]
[397, 665, 2444, 3131, 3582]
[2151, 2276]
[2454]
[2153]
[2154]
[2183]
[629]
[629]
[629]
[629]
[629]
[629]
[629]
[629]
[2184]
[2185]
[2186]
[2187, 2190]
[2188]
[2189]
[2187, 2190]
[2239]
[387, 2275]
[2719]
[2720]
[4027, 4031]
[2205]
[2647]
[2246]
[475, 3698]
[3712, 4027, 4031]
[2207]
[2209]
[2210]
[2211]
[383, 384]
[2208]
[2213]
[2214]
[2215]
[1903, 1960, 2216]
[2234]
[2235]
[1186, 1439, 1629, 1704, 2236, 2955]
[2237]
[2238]
[2239]
[2240]
[1112]
[2003]
[191, 2738]
[306, 2272, 3832]
[2273]
[2274]
[2275]
[2276]
[598, 599, 2277]
[2278]
[2279]
[2280]
[2281]
[2209]
[3368]
[2345]
[2605]
[404]
[608]
[406]
[3838]
[2381]
[2288]
[2289]
[2290]
[2291]
[2292]
[2293]
[1005]
[3948, 4013]
[2694, 3590]
[406, 594, 595, 1190, 1533, 1534, 3314]
[3838]
[3137]
[2598, 3293, 3554, 3838]
[2304, 2308]
[1104]
[1473]
[1097, 2128]
[2304, 2308]
[2305, 2309]
[3612]
[1097]
[1576]
[2311]
[2312]
[2313]
[2314]
[2315, 2317]
[2316, 2318]
[2315, 2317]
[2316, 2318]
[2319]
[2320]
[2321]
[2322]
[2323, 2324]
[2323, 2324]
[3457]
[260, 666, 2695, 3472]
[2325, 2326]
[2325, 2326]
[660, 2118, 2119, 2245, 2247, 2248, 2250, 3373]
[508, 887, 1532]
[317, 1535]
[2154]
[2328]
[2328]
[3940]
[3940]
[660, 2118, 2119, 2245, 2247, 2248, 2250, 3373]
[1192, 2165, 2166, 3395, 3396, 3479]
[2332]
[1035]
[1700, 2334, 2335]
[1700, 2334, 2335]
[2336]
[2209]
[2343]
[2723]
[2209]
[3729, 3730]
[3729, 3730]
[2325, 2326]
[2325, 2326]
[2723]
[2209]
[3790]
[2345]
[2346]
[3791, 3793]
[2358]
[2359]
[2360]
[2361]
[2362]
[2363, 2364]
[2363, 2364]
[2365]
[2366, 2370]
[2367]
[2368]
[2369]
[2366, 2370]
[2371]
[727]
[2374]
[2375]
[2376]
[2377, 2378]
[2377, 2378]
[2379, 2380]
[2379, 2380]
[2381]
[2382, 2383]
[2382, 2383]
[2382, 2383]
[2382, 2383]
[590, 603, 2384, 3433]
[2385]
[2386]
[2387]
[2388, 2389]
[2388, 2389]
[2390]
[2391]
[2038]
[2423, 3610]
[752]
[2425, 3610]
[1005]
[2420, 2427, 3305, 3620, 3900]
[2428, 3307, 3617]
[2429]
[416]
[3615, 3618]
[622]
[671, 750, 1214, 1377, 3799]
[924, 2994]
[2448]
[2449]
[1118, 1498, 2351]
[2452, 2456]
[2455]
[2452, 2456]
[1180, 1472, 3407]
[2448]
[2449]
[2336]
[1184]
[1184]
[2452, 2456]
[2478]
[2479]
[2480]
[2481]
[1538]
[1193, 3311]
[1479]
[2672]
[2672]
[2672]
[4010]
[2932]
[777, 3710]
[142, 144]
[777, 2180]
[240, 241]
[1479]
[253, 1288, 2096, 2097, 2098, 2099, 2100, 3116]
[2801]
[169, 170]
[169, 170]
[1008, 1009, 1326, 1327]
[1008, 1009, 1326, 1327]
[171, 1328, 1332, 1333]
[172]
[1331, 1334]
[1331, 1334]
[1544]
[2153]
[1331, 1334]
[226, 286, 565, 2552, 3165]
[2153]
[3517]
[1335, 1640, 1641]
[553, 554]
[1516, 1517]
[1516, 1517]
[1258, 2490, 3272]
[2491]
[2492]
[2493]
[2494, 2495, 3391, 3392]
[2494, 2495, 3391, 3392]
[2496]
[2497]
[169, 170, 1326, 1327]
[169, 170, 1326, 1327]
[1008, 1009, 1012, 1013, 1014, 1015]
[1008, 1009, 1012, 1013, 1014, 1015]
[927, 2701, 3778]
[1154, 1221, 2004, 2545, 2667, 3222, 3488, 3777]
[928]
[3223]
[2502]
[1469]
[2503, 2504]
[2503, 2504]
[2506]
[2507]
[2508]
[1664]
[2519]
[2520]
[2521]
[2522]
[2523]
[2524]
[2525]
[253]
[254]
[255]
[256]
[606, 1438, 3466, 3847]
[607, 2527, 3291]
[1501, 3419]
[468, 2514, 3459]
[578, 619, 1423, 1568]
[38, 457, 942, 1464, 1569, 2446, 2661, 3984]
[673, 1425, 2772]
[96, 570, 1441, 1603, 1660, 1671, 2530, 2949, 3581]
[2531, 2532]
[2531, 2532]
[2533]
[2534]
[576, 1449, 1606, 1609, 1612, 1615, 1665, 1668, 1675, 1678, 1683, 2535]
[2536]
[255, 953, 2033]
[920]
[953]
[255, 953, 2034]
[2538]
[1232, 2539]
[2538, 2540]
[1232, 1233, 1247, 2539, 2541, 2542]
[2408]
[388, 955, 2540]
[2555]
[2557]
[3790]
[1462, 2562]
[2563]
[3790]
[2565]
[605, 606, 1159, 1438, 1506, 2358, 3466]
[606]
[3906]
[2569]
[618, 1529, 2568, 3795]
[2066]
[2570]
[2571]
[2572]
[2573, 2574]
[2577, 3547]
[3612]
[2579]
[2580]
[2581]
[1005]
[2583]
[2586]
[2587]
[433, 2588]
[2589]
[2590]
[2591]
[2592]
[2593]
[2594]
[2595]
[2596]
[2597]
[2598]
[36, 589, 931, 1526, 1621, 1711, 2526, 3822, 3879]
[2599]
[2600]
[2601]
[2602]
[2602]
[2603]
[2603]
[2604]
[1050, 1171]
[1050, 1171]
[2387]
[1236, 2648]
[1236, 2648]
[3481]
[513]
[2546, 2608]
[2609]
[2610, 3890]
[308, 2611, 3458]
[1142, 2445, 2528, 2612, 3804]
[2613]
[2614]
[2615]
[2616]
[2617]
[332, 387, 701, 2274, 2618, 3086, 3138, 3463, 3982]
[2638]
[2639]
[2640]
[2641]
[2649]
[3999]
[1518, 2778, 3107, 3232]
[2057, 2652, 3586, 3853]
[2653]
[88, 431, 433, 451, 497, 627, 749, 790, 928, 1141, 1259, 1281, 1345, 1426, 1508, 1715, 2057, 2588, 2664, 2668, 2699, 2702, 2774, 2964, 3219, 3578, 3583, 3586, 3602, 3670, 3760, 3781, 3798]
[3048]
[2373, 2656, 3817, 3818]
[2373, 2654, 2656, 2657, 3817, 3818]
[2084, 2656]
[1530]
[2084]
[1994, 3301]
[3301]
[3301]
[1994, 3301]
[188, 189, 2671]
[2675]
[1814]
[1815]
[1816]
[92]
[2693]
[683]
[1375, 1376, 2515]
[609, 617, 2435]
[749, 1141, 3583]
[671, 750, 1214, 1377, 3799]
[626, 751, 789, 2498, 3227]
[925]
[1518, 2778, 3107, 3232]
[537]
[2721]
[3791, 3793]
[2209]
[4051]
[258, 2065]
[2721]
[3791, 3793]
[2723]
[376, 2554, 3240]
[1354]
[1355]
[264]
[2711, 2714]
[2711, 2714]
[2739]
[288]
[2739]
[2744]
[2745, 3158, 3161]
[2746]
[2747]
[396]
[2749]
[2750]
[2044]
[2750]
[464]
[597, 1317, 3839, 3927]
[761, 3922]
[314, 2850, 2851, 2853, 2855, 2857, 2858, 2860, 3660, 3665, 3668]
[2841]
[12, 1127, 3091, 4053]
[600]
[597, 1317, 3839, 3927]
[2044]
[3922]
[314, 2850, 2851, 2853, 2855, 2857, 2858, 2860, 3660, 3665, 3668]
[2841]
[12, 1127, 3091, 4053]
[2794, 2799, 3992, 3996]
[2795, 2797, 3993, 3995]
[721, 2796, 3994]
[2795, 2797, 3993, 3995]
[2798]
[2794, 2799, 3992, 3996]
[2635, 2637, 2800, 3037, 3997]
[2801]
[1305, 1452, 2419, 2680, 3302, 3304, 3306, 3616, 3619, 4049]
[4050]
[2805]
[2806]
[2805]
[2805]
[2806]
[2806]
[231]
[2831]
[3, 5]
[1805, 1807, 3101, 3102]
[2829, 2830]
[2831]
[0]
[0]
[2832]
[2835]
[2836]
[2837]
[2838]
[2839]
[2840]
[2841]
[2842]
[2843]
[3580]
[3576]
[727, 2386]
[730]
[730]
[730]
[1208]
[994]
[1434]
[994]
[730]
[282, 3918]
[2884]
[2885]
[2886]
[2887]
[310, 485, 631, 3196]
[312, 364, 2891, 3197]
[2892]
[310, 485, 631, 3196]
[367]
[2895]
[2896]
[2910]
[2913]
[2914]
[2915]
[2916]
[2917]
[2918]
[2919]
[2920]
[2921]
[2924]
[2925]
[2926]
[2927]
[2786]
[2786]
[2786]
[2923, 2929]
[2933]
[2948]
[96, 570, 1441, 1603, 1660, 1671, 2530, 2949, 3581]
[95]
[291, 2951, 3978]
[2443]
[2622, 2953, 3960]
[930, 1635, 3456, 4014]
[2956]
[2957]
[1264]
[2388, 2389]
[2991]
[2992]
[2302, 2993]
[924, 2994]
[2995]
[2996]
[2997]
[3031]
[3032]
[3048]
[3049]
[3050]
[3051]
[3052]
[3053]
[3054]
[3055]
[1290, 2849, 3056, 3676]
[820, 3077, 3945]
[821, 3078]
[822, 823, 3079, 3080]
[822, 823, 3079, 3080]
[824, 3081, 3943]
[825, 3082]
[3083]
[3084, 3087]
[3085]
[3086]
[3084, 3087]
[3088]
[3089]
[3090]
[3091]
[3092]
[3093]
[3094]
[3095]
[3096]
[3097, 3098]
[3097, 3098]
[3099]
[588, 3310]
[1186, 1439, 1629, 1704, 2236, 2955]
[282, 3918]
[585]
[947, 2597]
[317]
[1357]
[1357]
[782, 1358, 3401]
[475, 1190, 1192, 1533, 1534]
[475, 1190, 1192, 1533, 1534]
[1532]
[3511]
[947, 2597]
[598, 599, 2277]
[601]
[3100]
[3101, 3102]
[3101, 3102]
[38, 88, 404, 451, 497, 986, 2297, 2964, 3422, 3950]
[1140, 3105]
[3106]
[3824]
[1519, 2501]
[325]
[327]
[2066]
[2353]
[397, 665, 2444, 3131, 3582]
[3132]
[3133]
[3134]
[3135]
[3136]
[3137]
[2618]
[334, 411, 643, 778, 2049, 2279, 3133, 3140, 3143, 3144, 3159, 3162, 3462]
[67, 3141, 3163]
[3142]
[2274, 3138, 3463]
[3132, 3444]
[701, 2275, 2564]
[2275]
[778, 2279, 3133]
[3140]
[3146]
[3157, 3160]
[2745, 3158, 3161]
[3159]
[2049, 3159, 3162]
[2275]
[332, 333, 387, 701, 778, 1402, 2559, 2564, 2846, 3121, 3143]
[309]
[2971]
[3923]
[3923]
[20]
[3689]
[3689]
[3689]
[3689]
[264]
[3689]
[3123]
[2686, 2687]
[1338, 2238, 2375, 2561, 3057, 3817, 4000]
[2571, 2616]
[1667]
[90]
[90]
[3689]
[3689]
[3273]
[3273]
[3689]
[3123]
[2686, 2687, 3689]
[2618, 3086, 3463, 3982]
[4035]
[3790]
[1578]
[3261]
[3262]
[3263]
[3264]
[3271]
[1258, 2490, 3272]
[3273]
[3274]
[3275]
[3276, 3277]
[3276, 3277]
[3278, 3279]
[3278, 3279]
[3280, 3281, 3284, 3285]
[3280, 3281, 3284, 3285]
[3282, 3283]
[3282, 3283]
[3280, 3281, 3284, 3285]
[3280, 3281, 3284, 3285]
[3286]
[3271]
[1258, 2490, 3272]
[3273]
[3274]
[3275]
[3276, 3277]
[3276, 3277]
[3278, 3279]
[3278, 3279]
[3280, 3281, 3284, 3285]
[3280, 3281, 3284, 3285]
[3282, 3283]
[3282, 3283]
[3280, 3281, 3284, 3285]
[3280, 3281, 3284, 3285]
[3286]
[3301]
[1305, 1452, 2419, 2680, 3302, 3304, 3306, 3616, 3619, 4049]
[3303]
[1305, 1452, 2419, 2680, 3302, 3304, 3306, 3616, 3619, 4049]
[2420, 2427, 3305, 3620, 3900]
[1305, 1452, 2419, 2680, 3302, 3304, 3306, 3616, 3619, 4049]
[2428, 3307, 3617]
[641]
[642]
[3959]
[3327]
[2815]
[3345]
[3346]
[321, 3347, 3349]
[322, 3348, 3350, 3351]
[3368]
[3369]
[2684]
[417]
[2973]
[270]
[3369]
[2209]
[3368]
[3369]
[3369]
[3410]
[376, 2554, 3240]
[3412]
[3413]
[3414]
[3415]
[3416]
[3417]
[3418]
[1501, 3419]
[3420]
[3421]
[3422]
[3423]
[3424]
[3425]
[3425]
[3426]
[3427]
[3429]
[3430]
[3431]
[3432]
[656]
[657]
[3464]
[1516, 1517]
[1516, 1517]
[1516, 1517]
[616]
[3467]
[3468]
[3187]
[985]
[261, 432, 786, 941, 989, 1140, 1374, 1555, 1567, 2510, 2696, 3105, 3421, 3829]
[483, 765, 2299, 2300, 2302, 2303, 2993, 3805]
[623, 2483, 2697]
[3505]
[3506]
[3507]
[3522]
[3524, 3525]
[3524, 3525]
[3533]
[3534]
[3535]
[3536]
[3537]
[234, 2458]
[3540]
[3541]
[3542]
[3543, 3544]
[3543, 3544]
[3545]
[148, 3287, 3372, 3548]
[984, 1185, 1525, 3354, 3388, 3549]
[3550]
[3551]
[3552]
[3553]
[3293, 3554]
[3563]
[3564]
[3565]
[3566]
[3567]
[3568, 3569]
[3568, 3569]
[3570]
[3571]
[3572]
[3573]
[3574, 3575]
[3574, 3575]
[2385]
[96, 570, 1441, 1603, 1660, 1671, 2530, 2949, 3581]
[260, 666, 2695, 3472]
[749, 1141, 3583]
[924, 2994]
[3576]
[791, 2509, 2544, 2546, 2608, 3231, 3577, 3761]
[261, 277, 291, 431, 627, 786, 924, 941, 1259, 1279, 1281, 1345, 1440, 1508, 1555, 1567, 1570, 1709, 1715, 2057, 2651, 2666, 2668, 2696, 2702, 2951, 2994, 3461, 3586, 3670, 3829, 3913, 3949, 3978]
[2228]
[260, 433, 579, 620, 666, 674, 923, 927, 1143, 1157, 1186, 1258, 1439, 1465, 1503, 1571, 1629, 1704, 2064, 2236, 2490, 2588, 2695, 2698, 2701, 2955, 3272, 3472, 3579, 3778, 3783]
[3580]
[96, 570, 1441, 1603, 1660, 1671, 2530, 2949, 3581]
[397, 665, 2444, 3131, 3582]
[749, 1141, 3583]
[1707, 3584]
[1570, 2651, 2666]
[39, 431, 578, 619, 626, 627, 751, 789, 1259, 1281, 1345, 1423, 1508, 1518, 1568, 1706, 1715, 2057, 2258, 2498, 2622, 2668, 2702, 2778, 2953, 3107, 3227, 3232, 3579, 3586, 3670, 3960]
[306, 2272, 3832]
[3589]
[2297, 3950]
[2260]
[258, 2065]
[3255]
[628, 935, 2251, 3588, 3797, 3806, 3807, 3853]
[36, 577, 606, 1438, 1621, 1705, 2512, 3466, 3879]
[930, 1635, 3456, 4014]
[96, 570, 1441, 1603, 1660, 1671, 2530, 2949, 3581]
[42, 3381, 3395, 3396]
[3613]
[3614]
[3615, 3618]
[1305, 1452, 2419, 2680, 3302, 3304, 3306, 3616, 3619, 4049]
[2428, 3307, 3617]
[3615, 3618]
[1305, 1452, 2419, 2680, 3302, 3304, 3306, 3616, 3619, 4049]
[2420, 2427, 3305, 3620, 3900]
[3621]
[376, 2554, 3240]
[3624]
[3625]
[376, 2554, 3240]
[376, 2554, 3240]
[3630, 3631, 3632, 3633]
[3630, 3631, 3632, 3633]
[3630, 3631, 3632, 3633]
[3630, 3631, 3632, 3633]
[3634]
[96, 570, 1441, 1603, 1660, 1671, 2530, 2949, 3581]
[609, 617, 2435]
[1613]
[3635, 3636, 3637]
[3642, 3648]
[3643]
[3644]
[3645]
[3646, 3654]
[3647]
[3642, 3648]
[3649, 3651, 3652]
[3650]
[3649, 3651, 3652]
[3649, 3651, 3652]
[3653]
[3646, 3654]
[3655]
[3656]
[3657]
[256]
[7, 27, 868, 879, 1801, 1811, 3658]
[3659]
[3660, 3665, 3668]
[3661, 3663]
[3662]
[3065, 3663]
[3664]
[3660, 3665, 3668]
[3666]
[3667]
[3660, 3665, 3668]
[3065, 3663]
[1290, 2849, 3056, 3676]
[3677, 3679]
[3678]
[3677, 3679]
[3680]
[3681]
[3682]
[3683]
[3684]
[3685]
[3686]
[3687]
[3688]
[3689]
[3690]
[3691]
[3692]
[3693]
[507, 3694, 3701]
[3695]
[3696, 3697]
[3696, 3697]
[3698]
[3699, 3700]
[3699, 3700]
[507, 3694, 3701]
[3702]
[3703]
[3704, 3705]
[3704, 3705]
[3706]
[3707]
[3729, 3730]
[3729, 3730]
[2002]
[1526]
[2622, 2953, 3960]
[2526]
[1186, 1439, 1629, 1704, 2236, 2955]
[2956]
[2957]
[946]
[2388, 2389]
[573]
[573]
[3838]
[2957]
[817]
[3768]
[3769]
[3773, 3774]
[3773, 3774]
[1306, 3775]
[3776]
[646, 2559, 2577, 3547]
[376, 1992, 2422, 2554, 3240]
[1411]
[376, 1992, 2422, 2554, 3240]
[645, 2421, 2523, 2553, 2558]
[3790]
[3791, 3793]
[3792]
[3791, 3793]
[1411]
[88, 451, 497, 2964]
[1529, 2568, 3795]
[307, 483, 613, 764, 2298, 3796, 3824]
[3797]
[579, 620, 1143, 1503, 2698]
[1569, 2446]
[1709, 3461]
[3219, 3798]
[2436, 2662, 3953]
[3802]
[934, 2297, 3588, 3950]
[14, 606, 612, 3429, 3802, 3808, 3821, 3826]
[749, 1141, 3583]
[468, 2514, 3459]
[579, 620, 1143, 1503, 2698]
[2080, 3807]
[2653, 3808]
[2223]
[2231]
[932, 936, 1281, 1508, 1520, 2220, 2223, 2224, 2652, 2668, 2702, 3234, 3483, 3782, 3809, 3853, 4019]
[627]
[615, 2650]
[483, 792]
[3218]
[674, 923]
[1469]
[1469]
[3815, 3816]
[325, 2361]
[3985]
[3819]
[2264]
[3301]
[1005]
[2703]
[3301]
[3301]
[2207, 2565, 3239]
[1994, 3301]
[3841]
[3635, 3636, 3637]
[1071]
[3887]
[3888]
[3889, 4044]
[2610, 3890]
[3891]
[3892]
[3893, 3898]
[3894, 3899, 4046]
[3893, 3898]
[3894, 3899, 4046]
[3895, 3896, 4047, 4048]
[3895, 3896, 4047, 4048]
[274]
[3788]
[3789, 3901]
[3788]
[3789, 3901]
[2972]
[3788]
[2972]
[2972]
[2972]
[2972]
[2050]
[2972]
[3933]
[3934]
[3935]
[3936]
[2356]
[1772, 2178, 3938]
[3939]
[58, 1246, 2418]
[3941]
[614, 659, 683, 930, 986, 1635, 1932, 2297, 2301, 2954, 3289, 3290, 3456, 3591, 3812, 3948, 3950, 4013, 4014]
[2150, 2434, 2482, 3104]
[405, 2257]
[308, 2611, 3458]
[1569, 2446]
[3470]
[1217]
[14, 1519, 2501, 3955]
[2223, 2231]
[675, 1418, 2251, 2652, 3588, 3797, 3806, 3807]
[1520]
[3963]
[3964]
[3965]
[3966]
[3967]
[3977]
[3162]
[229]
[3983]
[457, 608, 623, 942, 986, 1464, 2301, 2483, 2697, 3448, 3591, 3984]
[3821]
[3219, 3798]
[3985]
[3986]
[3987]
[3988]
[3989, 3991]
[2735]
[4021]
[4022, 4023]
[4022, 4023]
[4024, 4025]
[4024, 4025]
[4026]
[4027, 4031]
[4028]
[4029]
[4030]
[4027, 4031]
[4051]
[4052]
