[2465]
[2465]
[2465]
[0]
[2472]
[2472]
[2472]
[2472]
[2465]
[2230]
[5]
[460]
[10]
[11]
[838]
[13]
[839]
[840]
[9]
[14, 3622]
[395, 3467]
[18, 20, 959, 961, 1156, 1191, 1308, 2192, 2307, 2369, 2493, 2687, 3404, 3559, 3763]
[2411]
[212, 966, 1187, 2481]
[84]
[505, 1157, 2310, 2311]
[730, 969, 1146, 2043, 3765]
[569, 1527, 1552, 2413, 3169, 3436]
[26, 51, 52, 65, 132, 832, 891, 1003, 1006, 1017, 1078, 1095, 1096, 1368, 1616, 1618, 1620, 1622, 1731, 1979, 1980, 1981, 1982, 2111, 2114, 2115, 2164, 2199, 2203, 2229, 2777, 2778, 3100, 3363, 3364]
[2341]
[29]
[30]
[31]
[32]
[39]
[33]
[34]
[35]
[36]
[37]
[38]
[40]
[84, 937, 3872]
[959, 3156, 3171]
[2463]
[573]
[2227]
[3561]
[23, 24, 399, 402, 552, 1289, 1435, 1436, 2032, 2033, 2375, 2569, 2573, 2816, 3536, 3537, 3749, 3770]
[2332]
[1993]
[3434]
[47]
[48, 1154]
[49]
[50]
[26, 51, 52, 65, 132, 832, 891, 1003, 1006, 1017, 1078, 1095, 1096, 1368, 1616, 1618, 1620, 1622, 1731, 1979, 1980, 1981, 1982, 2111, 2114, 2115, 2164, 2199, 2203, 2229, 2777, 2778, 3100, 3363, 3364]
[26, 51, 52, 65, 132, 832, 891, 1003, 1006, 1017, 1078, 1095, 1096, 1368, 1616, 1618, 1620, 1622, 1731, 1979, 1980, 1981, 1982, 2111, 2114, 2115, 2164, 2199, 2203, 2229, 2777, 2778, 3100, 3363, 3364]
[26, 51, 52, 65, 132, 832, 891, 1003, 1006, 1017, 1078, 1095, 1096, 1368, 1616, 1618, 1620, 1622, 1731, 1979, 1980, 1981, 1982, 2111, 2114, 2115, 2164, 2199, 2203, 2229, 2777, 2778, 3100, 3363, 3364]
[53]
[54, 3185, 3199]
[55]
[61]
[62]
[63]
[64]
[862]
[26, 51, 52, 65, 132, 832, 891, 1003, 1006, 1017, 1078, 1095, 1096, 1368, 1616, 1618, 1620, 1622, 1731, 1979, 1980, 1981, 1982, 2111, 2114, 2115, 2164, 2199, 2203, 2229, 2777, 2778, 3100, 3363, 3364]
[77]
[66]
[67]
[68]
[69]
[74]
[70]
[71, 72, 73]
[71, 72, 73]
[67]
[76]
[77]
[1423, 2044, 2387, 3783]
[1356, 3170, 3302, 3401, 3466, 3501]
[3868]
[78]
[545, 634, 1937, 2426, 2503]
[1952]
[2336]
[2444]
[2444]
[545, 634, 1937, 2426, 2503]
[1148, 1566]
[1148, 1566]
[1662]
[80]
[81]
[81, 84, 755, 937, 958, 1140, 1675, 3779, 3872]
[961, 2192, 2307, 2493, 3156, 3778]
[85]
[86]
[87]
[88]
[89]
[90, 91]
[90, 91]
[2516]
[2516]
[100]
[92]
[93]
[100]
[94]
[95, 96, 97]
[95, 96, 97]
[93]
[98]
[99]
[102]
[2612]
[3273]
[2575]
[1035, 1036]
[834, 1743]
[834, 1743]
[835]
[835]
[3810]
[3811]
[2764]
[6, 1124, 1242, 1244, 1355, 2550, 3495]
[1124]
[3432, 3433]
[227]
[1405, 3432, 3433]
[227]
[2617, 2627]
[3810]
[2764]
[227]
[2627, 3913]
[369, 1120, 1607, 1637, 1648, 2316, 2469, 3500, 3529]
[3790]
[1243]
[110]
[111, 118]
[269]
[119]
[1268]
[117]
[111, 118]
[119]
[1268]
[292]
[2467]
[1268]
[2467]
[120, 121]
[120, 121]
[122]
[123]
[124]
[2266]
[126, 127]
[126, 127]
[128, 129]
[128, 129]
[130]
[21, 212, 461, 562, 875, 966, 1187, 1382, 2481, 3720]
[586]
[1877, 1908, 2125]
[3376]
[133]
[131]
[26, 51, 52, 65, 132, 832, 891, 1003, 1006, 1017, 1078, 1095, 1096, 1368, 1616, 1618, 1620, 1622, 1731, 1979, 1980, 1981, 1982, 2111, 2114, 2115, 2164, 2199, 2203, 2229, 2777, 2778, 3100, 3363, 3364]
[133]
[3828]
[3432, 3433]
[1900]
[101]
[256, 3756]
[1900]
[138, 2745, 2750, 2751]
[139, 140, 2750, 2751]
[140, 2750, 2751]
[141, 2745, 2750, 2751]
[142, 2750, 2751]
[3953]
[3839]
[143, 665, 1153, 3430, 3431]
[3432, 3433]
[1900]
[144]
[1380]
[1380]
[865, 2739]
[145, 146]
[145, 146]
[147]
[148, 149]
[148, 149]
[865]
[2617, 2627]
[183, 429, 528, 726, 1524, 2339, 3201]
[1900]
[2617, 2627]
[865]
[227]
[227]
[3741]
[152, 2189]
[152, 3714]
[2189, 3714]
[1900]
[1900]
[155]
[156, 3850]
[158, 3851]
[158, 3851]
[159]
[159]
[662, 3820]
[3820, 3823]
[2643, 2645, 2654, 2655, 2657]
[3432, 3433]
[384, 385, 684, 1896, 1899, 2590, 3103, 3104]
[1897]
[384, 385, 684, 1896, 1899, 2590, 3103, 3104]
[3893]
[3823]
[3816]
[1559]
[3816]
[2631]
[2631]
[43, 3194, 3888]
[3818, 3819]
[3818, 3819]
[161]
[162]
[164]
[2189, 2190]
[2190, 3714]
[168]
[165]
[166]
[167]
[292]
[292]
[292]
[292]
[292]
[292]
[292, 1954]
[292]
[292]
[292]
[292]
[292]
[292]
[292]
[292]
[292]
[292]
[170]
[171]
[172]
[173]
[542, 1477]
[1868]
[1384, 2344, 2450, 2452, 3496, 3721, 3767, 3918, 3919]
[577, 2218, 2455, 3417]
[1385, 3793, 3794]
[1385, 2048, 3794]
[2136]
[2228, 2363, 3114, 3117]
[720]
[721]
[618]
[183, 429, 726, 1524, 2339, 3201]
[184]
[183, 429, 726, 1524, 2339, 3201]
[184]
[185]
[971]
[1928]
[186]
[187]
[869]
[189]
[1752]
[191, 192, 194, 195]
[191, 192, 194, 195]
[193]
[1022]
[196]
[2379]
[578, 959, 1853, 2133, 2480, 2811, 3764]
[1521]
[1353, 1361, 1554, 2448, 2515]
[1523]
[1525]
[1525]
[1638]
[858]
[645]
[514]
[198]
[858]
[1646, 1647]
[1646, 1647]
[3707]
[3588, 3589]
[2058]
[112, 716, 717]
[112, 716, 717]
[200, 417]
[201]
[1523, 3706]
[202]
[203]
[204]
[205]
[206]
[207]
[208]
[209]
[210]
[210]
[210]
[211]
[1290, 1474]
[481, 3773]
[214]
[215, 2072]
[216]
[217, 295, 484, 487, 2733, 3140, 3141, 3146, 3213, 3219]
[3147, 3148]
[219]
[220]
[221]
[222]
[223, 224, 491, 492, 493]
[223, 224, 491, 492, 493]
[225]
[3242]
[256]
[2211, 2212, 2213]
[103, 104, 251, 254, 2611, 2612, 3273]
[252]
[253]
[104, 3273]
[2211, 2212, 2213]
[2211, 2212, 2213]
[104, 254]
[625, 959, 1203, 1557, 2370, 2411, 2457, 2808, 3401]
[325, 326, 331, 332, 335, 336, 463, 464]
[325, 326, 331, 332, 335, 336, 463, 464]
[335, 336, 567, 568, 2385, 2386, 2393, 2394, 2397]
[335, 336, 567, 568, 2385, 2386, 2393, 2394, 2397]
[629]
[2145]
[1434, 2568, 3520, 3596]
[257]
[260, 3812]
[519, 593, 2349, 2368]
[27, 2348]
[59, 3395]
[309, 457, 2362]
[2340, 2350, 2351]
[275]
[287]
[291]
[289]
[291]
[290]
[292]
[963, 982, 1203, 1374, 2194, 3158]
[955, 3422]
[511, 1209, 2201]
[383]
[225, 511, 1195, 1209, 2201]
[3429]
[2422]
[613]
[613]
[293]
[294]
[217, 295, 484, 487, 2733, 3140, 3141, 3146, 3213, 3219]
[296]
[297]
[298]
[299]
[300]
[301]
[302]
[303]
[304]
[292]
[292]
[292]
[305, 591, 756, 2008, 2016, 2378, 3187, 3205, 3397]
[3752, 3753]
[767, 2460]
[865]
[865]
[865, 2739]
[865]
[1588]
[1587]
[1586]
[1585]
[306]
[307]
[308, 2710]
[457]
[310]
[1252]
[2874]
[292]
[292]
[292]
[292]
[292]
[887]
[888, 889]
[888, 889]
[198]
[318]
[319, 320, 1487, 1488, 1501, 1502, 2383, 2384]
[319, 320, 1487, 1488, 1501, 1502, 2383, 2384]
[463, 464, 1493, 1494]
[463, 464, 1493, 1494]
[240]
[241]
[240]
[2256, 2257]
[1921, 1922]
[1921, 1922]
[3308]
[2280]
[221]
[246, 247]
[246, 247]
[248]
[925, 1054]
[236, 1432, 1546, 1557]
[18, 395, 959, 963, 1557, 2370, 2411, 3334, 3348, 3401, 3404, 3467, 3763]
[82, 228, 1287, 2485]
[1534, 3728]
[462, 1142, 1188, 2309, 3781]
[1053]
[2150, 3537]
[2580, 2586]
[2227]
[88, 1348]
[338, 339]
[338, 339]
[340]
[341, 342]
[1051]
[344]
[3884]
[346]
[347]
[3884]
[3885]
[3886]
[2694, 2695, 2696]
[373]
[374, 375]
[374, 375]
[376]
[377]
[378]
[379, 380]
[379, 380]
[382]
[381]
[383]
[384, 385, 684, 1896, 3103, 3104]
[384, 385, 684, 1896, 3103, 3104]
[386]
[387]
[388]
[389]
[980]
[81, 958, 1675, 3108, 3407, 3779]
[3790]
[566, 625, 878, 1190, 1203, 1231, 1374, 1537, 1977, 2194, 2457, 3334, 3348, 3557]
[1747, 1868]
[416, 527, 578, 622, 702, 882, 1237, 1238, 1424, 1577, 2437, 3777]
[1380]
[1906]
[2409]
[422]
[1380]
[1906]
[2070, 2556, 2752]
[393]
[1076, 2607]
[880, 1535, 3435]
[527]
[2807, 3138, 3799]
[880, 1535, 3435]
[1508]
[3601]
[3601]
[613]
[613]
[269, 2467, 2752, 3942]
[3601]
[929]
[422]
[3468]
[3468]
[2142]
[432]
[428, 3127]
[1919]
[428, 3127]
[432]
[16, 1683]
[439, 440, 441, 442, 1915, 1916]
[439, 440, 441, 442, 1915, 1916]
[439, 440, 441, 442, 1915, 1916]
[439, 440, 441, 442, 1915, 1916]
[443, 449]
[444, 450, 744, 1554, 1918, 2443, 2448]
[445, 451]
[446, 447, 452, 453, 1921, 1922]
[446, 447, 452, 453, 1921, 1922]
[448, 454, 1923]
[443, 449]
[2448]
[445, 451]
[446, 447, 452, 453, 1921, 1922]
[446, 447, 452, 453, 1921, 1922]
[448, 454, 1923, 3308]
[455, 2846, 2847]
[292]
[292]
[292]
[456]
[457]
[3809]
[1520, 3554]
[2230]
[1289, 1436, 3522]
[2876]
[3242]
[2230]
[462, 1142, 1188, 2309, 3781]
[213, 1144, 3729]
[335, 336, 463, 464, 2393, 2394, 2397]
[335, 336, 463, 464, 2393, 2394, 2397]
[468]
[258, 259]
[258, 259]
[469]
[469]
[472, 473]
[469]
[111, 118]
[2467]
[2467]
[2467]
[474]
[475, 1126]
[3240]
[549, 3254, 3773]
[3787]
[485, 3142]
[482, 483]
[482, 483]
[217, 295, 484, 487, 2733, 3140, 3141, 3146, 3213, 3219]
[485, 3142]
[3143]
[488, 3152]
[1703]
[2577, 3196]
[1783, 1785]
[1783, 1785]
[1775, 1860, 1861, 3147, 3148]
[824]
[1977]
[369, 1120, 1607, 1637, 1648, 2316, 2469, 3500, 3529]
[230, 480, 728, 1536, 2538, 3240, 3555, 3787]
[539]
[2220]
[2227]
[3903]
[2433]
[183, 429, 726, 1524, 2339, 3201]
[80, 229, 371, 1676, 3730]
[569, 2413]
[873, 1156, 1479, 1678, 3559, 3869]
[200, 417, 566, 569, 883, 1190, 1532, 1534, 1537, 1545, 2219, 2291, 2413, 2757, 2808, 3492, 3497, 3499, 3728, 3785]
[433, 2689, 3160]
[656]
[3438]
[435]
[2154]
[1289, 1436, 2441, 2442, 2569, 3744]
[1035, 1036]
[495, 496]
[495, 496]
[475, 497, 1126, 1639, 1901, 2057, 2128, 2130]
[498]
[499]
[503, 504]
[503, 504]
[1415]
[501, 502]
[501, 502]
[2753, 2754]
[2753, 2754]
[2753, 2754]
[2753, 2754]
[2753, 2754]
[2753, 2754]
[2753, 2754]
[2753, 2754]
[3737]
[1047]
[521, 522]
[521, 522]
[778, 779]
[778, 779]
[532]
[533]
[534]
[535]
[536]
[3109]
[80]
[539]
[540, 873, 938, 964, 984, 2193, 2369, 2483, 2687, 3869]
[730, 969, 1146, 2043, 3765]
[212, 237, 415, 575, 576, 610, 626, 874, 877, 883, 966, 1187, 1234, 1356, 1383, 1384, 1429, 1528, 1529, 1532, 2450, 2454, 2455, 2456, 2481, 2757, 3302, 3466, 3492, 3496, 3497, 3519, 3594, 3721, 3724, 3766, 3767, 3772, 3782, 3785, 3918]
[545]
[546]
[710, 1569, 1955, 2365, 3118]
[3105, 3811]
[3423, 3424]
[1550, 2370, 3873]
[3824]
[549, 3254]
[17, 19, 82, 213, 228, 231, 368, 395, 396, 542, 550, 561, 574, 651, 1144, 1287, 1306, 1356, 1477, 1548, 1674, 1930, 1951, 1989, 2025, 2041, 2133, 2289, 2485, 2505, 2808, 2811, 3110, 3302, 3466, 3467, 3530, 3595, 3695, 3729, 3764]
[551, 1434, 2568]
[552, 2569]
[553]
[2515]
[2338]
[555]
[572, 2325]
[2332]
[18, 20, 540, 961, 1156, 1431, 1478, 2192, 2193, 2307, 2369, 2449, 2493, 2687, 2873, 3404, 3763]
[396, 1306, 1930, 2505]
[327, 328, 331, 332, 463, 464, 2385, 2386]
[327, 328, 331, 332, 463, 464, 2385, 2386]
[462, 1142, 1188, 2309, 3781]
[1463]
[566, 1190, 1537]
[563]
[17, 21, 231, 461, 562, 569, 570, 574, 651, 731, 872, 875, 1345, 1382, 1384, 1422, 1547, 1674, 2006, 2389, 2413, 2414, 2450, 2451, 2455, 3112, 3300, 3335, 3349, 3496, 3720, 3721, 3722, 3767, 3768, 3769, 3775, 3918]
[2452]
[880, 1535, 3435]
[2538]
[3595, 3695]
[3156, 3171]
[82, 228, 1287, 2485]
[81, 84, 755, 937, 958, 1140, 1675, 3779, 3872]
[564, 702, 1373, 2308, 3108]
[541, 565, 1145]
[2312]
[3769]
[571]
[572, 2325]
[1528]
[1234]
[577, 578, 579, 936, 2457]
[577, 578, 579, 1543, 2452]
[578]
[579]
[1431]
[533, 573, 580]
[390, 1465]
[1334]
[390]
[1334]
[390]
[1334]
[581]
[215, 2072]
[2658, 2659, 2661, 2663, 2665, 2666, 2668, 2670, 2672, 2673, 2674, 2675, 2676, 2677, 2678, 2679, 2680, 2686, 2893, 2894, 2895, 2896, 2898, 2899, 2902, 2904, 2905, 2909, 2911, 2912, 2915, 2916, 2917, 2918, 2919, 2920, 2921, 2924, 2925, 2926, 2927, 2929, 2930, 2931, 2933, 2934, 2937, 2938, 2940, 2941, 2943, 2944, 2946, 2947, 2948, 2951, 2952, 2954, 2955, 2960, 2962, 2964, 2966, 2967, 2969, 2970, 2972, 2973, 2975, 2976, 2977, 2979, 2980, 2984, 2985, 2986, 2990, 2994, 2995, 2998, 3007, 3008, 3009, 3012, 3013, 3016, 3017, 3021, 3022, 3023, 3025, 3029, 3030, 3031, 3034, 3035, 3039, 3040, 3041, 3043, 3047, 3048, 3049, 3050, 3052, 3053, 3056, 3057, 3058, 3059, 3060, 3064, 3065, 3066, 3067, 3068, 3069, 3070, 3072, 3076, 3077, 3080, 3082, 3083, 3084, 3085, 3086, 3088, 3094, 3096, 3098, 3623, 3626, 3628, 3629, 3631, 3632, 3633, 3634, 3643, 3647, 3652, 3653, 3654, 3655, 3659, 3660, 3661, 3665, 3666, 3667, 3671, 3672, 3673, 3674, 3675, 3677, 3678, 3679, 3680, 3681, 3683, 3684, 3685, 3686, 3687, 3690, 3692]
[1445, 1447, 1858, 1862]
[218, 223, 224, 491, 492, 493, 1788, 1789, 1790, 1791, 1804, 1807, 1809, 1838, 1839, 1840, 1841, 2927, 2951, 2952, 3065, 3080, 3147, 3148, 3154]
[218, 493]
[305, 343, 673, 674, 1890, 2008, 2342, 2359, 3176, 3205, 3889]
[272, 1016, 2349, 2447, 3175]
[617]
[1404]
[1325]
[218, 3147, 3148, 3154]
[3215]
[296]
[3147, 3148]
[587, 752]
[588]
[3197]
[590]
[591]
[592]
[519, 593]
[594, 596]
[582, 595]
[596]
[2630]
[597]
[2210]
[597]
[2210]
[598]
[2210]
[598]
[2637]
[600]
[33, 601]
[165, 607]
[39]
[37, 168]
[606]
[606]
[607]
[731, 2389]
[1528]
[880, 1535, 3435]
[615, 620]
[3338, 3339, 3352, 3353]
[3707]
[444]
[610, 877, 1383, 3766, 3772, 3782]
[612]
[615]
[616]
[619]
[615, 620]
[955, 3422]
[3345, 3346, 3359, 3360]
[3345, 3346, 3359, 3360]
[1208]
[1208]
[561, 1989, 2025, 3110, 3530]
[623, 702, 2437]
[882, 1577]
[3556]
[1424]
[1356, 2808, 3302, 3466]
[2453]
[2453]
[3407]
[2133, 2811, 3764]
[2463]
[1558]
[425, 426, 1362, 3342, 3343, 3356, 3357, 3387, 3697, 3698]
[53, 1919]
[628]
[630]
[631]
[632]
[634]
[757]
[928]
[190, 1371, 2548]
[190, 1371, 2549]
[1653]
[317]
[637]
[1351, 3823]
[1391, 2650, 2651]
[457]
[639]
[642]
[643]
[644, 649]
[645]
[1589]
[3507]
[644, 649]
[2727]
[3367]
[1369, 3507]
[649]
[2198]
[212, 966, 1187, 2481]
[702]
[544, 652, 3560]
[317]
[639]
[1312, 3380]
[3241]
[2474]
[2474]
[2474]
[3367, 3368]
[3367, 3368]
[26, 51, 52, 65, 132, 832, 891, 1003, 1006, 1017, 1078, 1095, 1096, 1368, 1616, 1618, 1620, 1622, 1731, 1979, 1980, 1981, 1982, 2111, 2114, 2115, 2164, 2199, 2203, 2229, 2777, 2778, 3100, 3363, 3364]
[648]
[143, 665]
[664]
[664]
[664]
[666]
[664]
[16]
[667]
[668]
[669]
[672]
[343, 673, 674, 1890, 1924, 2342, 2359, 3176, 3889]
[343, 673]
[675]
[676]
[2756]
[2756]
[677]
[678]
[679]
[680]
[681]
[384, 385, 684, 1896, 3103, 3104]
[685]
[686, 687, 690, 691]
[686, 687, 690, 691]
[688]
[689]
[686, 687, 690, 691]
[686, 687, 690, 691]
[2206]
[694]
[695]
[696]
[697]
[698]
[699]
[700]
[701]
[305, 2008, 2378, 3397]
[188]
[965, 2560, 3733]
[711]
[712, 713]
[712, 713]
[147]
[2024]
[723]
[724]
[725]
[183, 429, 726, 1524, 2339, 3201]
[727]
[2334]
[609, 3372]
[1530, 1551, 2311, 3730]
[183, 429, 726, 1524, 2339, 3201]
[529, 530]
[529, 530]
[2815]
[3373]
[2814]
[2814]
[2204]
[3853]
[728]
[729]
[18, 20, 961, 1156, 2192, 2307, 2369, 2411, 2493, 2687, 3404, 3763]
[982]
[541, 565, 1145]
[610, 877, 1383, 3766, 3772, 3782]
[732]
[733]
[734]
[735]
[88, 1348]
[737]
[880, 1535, 3435]
[3373, 3601]
[3423, 3424]
[3423, 3424]
[3423, 3424]
[3429]
[213, 462, 882, 1142, 1144, 1188, 1577, 2309, 3729, 3781]
[213, 1144, 2289, 3729]
[730, 969, 1146, 1534, 2043, 3728, 3765]
[730, 968, 969, 1146, 2043, 3765]
[754]
[760]
[760]
[759, 1186]
[755, 960, 980, 1140, 1675, 2809, 2810, 2812, 2817, 3108, 3155, 3551, 3779, 3824]
[2378, 3397]
[757]
[757]
[757]
[757]
[758]
[18, 20, 959, 961, 1156, 1191, 1308, 2192, 2307, 2369, 2493, 2687, 3404, 3559, 3763]
[506, 540, 2046, 2193, 3894]
[3422]
[2503]
[2626]
[585]
[586]
[3265, 3612]
[3609]
[3267, 3610]
[3268, 3611]
[3269, 3613]
[2637]
[384, 385, 684, 1896, 1899, 2590, 3103, 3104]
[686, 687, 690, 691]
[686, 687, 690, 691]
[1897]
[685]
[686, 687, 690, 691]
[686, 687, 690, 691]
[2935, 2936]
[1356, 1853, 2344, 2480, 3302, 3401, 3466]
[614, 985, 2497]
[89]
[89]
[3345, 3346, 3359, 3360, 3699, 3700]
[3345, 3346, 3359, 3360, 3699, 3700]
[226]
[395, 1853, 2452, 2480, 3467]
[81, 527, 622, 958, 1675, 3779]
[2411]
[609]
[213, 235, 938, 945, 963, 964, 982, 984, 1144, 1203, 1550, 3158, 3729, 3915]
[870, 1307, 2042, 2354, 3409]
[566, 879, 1190, 1537, 3916]
[871]
[1571, 3182]
[201, 656, 1249, 3241]
[1571, 3182]
[3432, 3433]
[768]
[769]
[2110]
[774, 775]
[774, 775]
[776, 777]
[776, 777]
[778, 779]
[778, 779]
[780, 781]
[780, 781]
[782, 783]
[782, 783]
[785]
[786]
[2617, 2627]
[789]
[2617, 2627]
[790]
[791]
[792]
[793]
[794]
[3740]
[795]
[796]
[797, 803]
[798, 804]
[799, 800, 805, 806]
[799, 800, 805, 806]
[801, 807]
[802, 808]
[816]
[817]
[1338, 2184, 2186]
[1338, 1428, 2184, 2186]
[820]
[821]
[822]
[823]
[824]
[825]
[826]
[509]
[3922]
[746, 748, 749, 750, 751]
[2764]
[677]
[749, 750, 751]
[748]
[747]
[748, 749, 750, 751]
[827]
[828]
[828]
[829]
[830]
[831]
[26, 51, 52, 65, 132, 832, 891, 1003, 1006, 1017, 1078, 1095, 1096, 1368, 1616, 1618, 1620, 1622, 1731, 1979, 1980, 1981, 1982, 2111, 2114, 2115, 2164, 2199, 2203, 2229, 2777, 2778, 3100, 3363, 3364]
[3607]
[3255]
[3426]
[1163]
[2588]
[830]
[15, 833, 855, 1628, 1629, 1742]
[836]
[837]
[842]
[843, 1630, 1744]
[1874]
[845]
[838]
[839]
[840]
[844]
[856]
[857]
[858]
[838]
[839]
[840]
[859]
[860]
[66]
[3824]
[1212, 2415]
[225]
[851]
[851]
[3600]
[3600]
[545]
[954]
[853]
[1702]
[1702]
[846, 854]
[15, 833, 855, 1628, 1629, 1742]
[862]
[866]
[694, 765, 766, 767, 864, 2460, 2461, 2740, 2741]
[765, 767, 2460, 2461, 2740, 2741]
[867]
[868]
[869]
[1054]
[2425]
[3240]
[2370]
[212, 966, 1187, 2481]
[1290, 1474]
[1462]
[369, 1120, 1607, 1637, 1648, 2316, 2469, 3500, 3529]
[396, 1306, 1930, 2505]
[623, 702, 1373, 2308, 3824]
[541, 565, 876, 1145, 3157]
[416, 1237]
[1544]
[2289]
[884, 946]
[880, 1535, 3435]
[1231, 1236, 2873, 3731]
[2817, 3551]
[235, 506, 945, 1433, 1462, 1550, 1976, 2438, 3156, 3171, 3531, 3558, 3789, 3870]
[3173]
[1463]
[610, 877, 1383, 1536, 1977, 3766, 3772, 3782, 3916]
[3916]
[545, 614, 1359, 1377, 1378, 3418]
[2594, 3345, 3346, 3359, 3360]
[1938, 1953, 2504, 3115, 3337, 3351, 3909]
[1938, 1953, 2504, 3115, 3337, 3351, 3909]
[848]
[3345, 3346, 3359, 3360]
[1953]
[1953]
[864]
[292]
[2602]
[2600]
[2191, 2739, 2740]
[2740]
[865, 2024]
[888, 1125]
[888, 889, 2331]
[888, 889, 1125, 3716]
[896]
[2722, 2724]
[2723]
[897, 2727, 3571]
[47, 809, 1170]
[809, 1170]
[902, 1111, 2837]
[903]
[904]
[905]
[906]
[907]
[908]
[909]
[3402]
[629]
[922]
[913]
[221]
[914]
[916, 927, 931]
[221]
[221]
[198]
[2482, 2486, 3408]
[912, 922]
[923]
[913]
[924]
[3437]
[710, 1569, 1955, 2365, 3118]
[710, 1569, 1955, 2365, 3118]
[925]
[915, 926]
[928]
[933]
[934]
[945]
[946]
[947]
[948]
[949, 950]
[949, 950]
[951]
[952]
[953]
[954]
[955]
[956]
[957]
[17, 651, 959, 1156, 1374, 1557, 1674, 2194, 2370, 2411, 3158, 3170, 3401]
[18, 3404, 3763]
[960, 2812, 3407]
[1673]
[3158]
[540, 938, 964, 984, 2193, 2483]
[965]
[183, 429, 726, 1524, 2339, 3201]
[396, 1306, 1930, 2505]
[968]
[967]
[730, 969, 1146, 2043, 3765]
[970]
[971]
[972]
[973]
[2539, 2552, 3333]
[975]
[976]
[901, 976]
[978]
[980]
[981]
[983]
[462, 959, 963, 982, 1142, 1188, 1203, 2309, 3158, 3421, 3781, 3870]
[540, 2193]
[985]
[986, 987, 989]
[986, 987, 989]
[988]
[986, 987, 989]
[993]
[26, 51, 52, 65, 132, 832, 891, 1003, 1006, 1017, 1078, 1095, 1096, 1368, 1616, 1618, 1620, 1622, 1731, 1979, 1980, 1981, 1982, 2111, 2114, 2115, 2164, 2199, 2203, 2229, 2777, 2778, 3100, 3363, 3364]
[1173]
[1005]
[902, 1007, 1111, 1595, 2837]
[26, 51, 52, 65, 132, 832, 891, 1003, 1006, 1017, 1078, 1095, 1096, 1368, 1616, 1618, 1620, 1622, 1731, 1979, 1980, 1981, 1982, 2111, 2114, 2115, 2164, 2199, 2203, 2229, 2777, 2778, 3100, 3363, 3364]
[1018]
[1019]
[1517]
[972]
[1020]
[1021]
[972]
[3365]
[1023]
[540, 938, 964, 984, 2193, 2483]
[341, 342]
[341, 342]
[955, 3422]
[489, 1375, 1905]
[1376, 1906, 2185]
[535]
[1024, 2730]
[1025]
[1572]
[1027]
[1033]
[1035, 1036]
[864]
[864]
[864]
[864]
[1035, 1036]
[864]
[864]
[864]
[864]
[1037]
[918, 955]
[709, 986, 987, 989, 2151, 2227, 3823]
[914]
[2429]
[486]
[486]
[914]
[176, 177]
[2641]
[712, 713, 716, 717]
[712, 713, 716, 717]
[3939]
[3618]
[2767, 3617]
[3618]
[1040]
[2641]
[712, 713, 716, 717]
[712, 713, 716, 717]
[3498]
[2292, 3494]
[1231, 1236, 2046, 2425, 3518, 3553, 3731, 3778, 3788, 3791, 3894]
[1156, 1479, 1678, 2425]
[628, 2047]
[2506]
[2049, 3795, 3796]
[3241]
[1291, 1292]
[265, 266, 402, 915, 926, 2361, 2404, 2429, 2573, 3177, 3181, 3524, 3537]
[765, 767, 2460, 2461, 2740, 2741]
[765, 767, 2460, 2461, 2740, 2741]
[1047, 1048]
[1048]
[1047]
[1049]
[205, 206, 2741]
[1051]
[1052]
[33, 601]
[1055]
[1056, 1057]
[1056]
[1058]
[316, 1059, 1286]
[1075]
[1076]
[1077]
[26, 51, 52, 65, 132, 832, 891, 1003, 1006, 1017, 1078, 1095, 1096, 1368, 1616, 1618, 1620, 1622, 1731, 1979, 1980, 1981, 1982, 2111, 2114, 2115, 2164, 2199, 2203, 2229, 2777, 2778, 3100, 3363, 3364]
[1081]
[1082]
[1104]
[1084, 1108]
[81, 958, 1140, 1675, 3779]
[1091]
[1092]
[1093]
[1441, 1958, 3827]
[26, 51, 52, 65, 132, 832, 891, 1003, 1006, 1017, 1078, 1095, 1096, 1368, 1616, 1618, 1620, 1622, 1731, 1979, 1980, 1981, 1982, 2111, 2114, 2115, 2164, 2199, 2203, 2229, 2777, 2778, 3100, 3363, 3364]
[1103]
[1083, 1104, 1107]
[1105]
[1083, 1104, 1107]
[1108]
[1115]
[1116]
[1117]
[871]
[369, 1120, 1607, 1637, 1648, 2316, 2469, 3500, 3529]
[888, 889, 1244, 2169]
[888, 889, 1125]
[1122]
[2330, 3726]
[1901]
[1127, 1216, 1273, 1280]
[977]
[1131]
[1130]
[1131]
[1130]
[213, 1144, 3729]
[1161]
[1134]
[1161]
[3507]
[1136]
[1427, 2477, 3261, 3263, 3950]
[1138]
[1138]
[548, 980, 1140, 1676, 2809, 2810, 3108, 3824]
[21, 461, 562, 875, 1382, 3720]
[1141]
[213, 1143, 1144, 1461, 1976, 2371, 3436, 3729]
[541, 565, 1145]
[1147, 1199, 2160, 2162, 3362]
[1148]
[1149]
[1150]
[1151, 2515, 3244]
[1152]
[3470]
[3389]
[2304]
[1245]
[1153]
[48, 1060, 1154, 3362]
[1110, 1876, 2519]
[2091]
[18, 20, 540, 961, 1156, 1431, 1478, 2192, 2193, 2307, 2369, 2449, 2493, 2687, 2873, 3404, 3763]
[506, 1203, 1462, 3436]
[963]
[564]
[48, 1060, 1154, 3362]
[1510]
[245, 2279]
[1263]
[1263]
[1923, 2878, 3308]
[514]
[1521, 2572]
[1466, 1467]
[548]
[1157]
[1158]
[1159]
[1160]
[1161]
[1163]
[1164]
[1165]
[1165]
[1166, 1167]
[1166, 1167]
[1165]
[825]
[181]
[1035, 1036]
[182]
[47, 1170]
[1054]
[1591]
[1065, 1271, 1272, 1279, 2109]
[1178]
[1035, 1036]
[773, 1137, 1174]
[1175, 1176]
[1180]
[2067]
[1181]
[1182, 1184]
[1183]
[1182, 1184]
[1137, 1174]
[1186]
[1253]
[1178]
[968]
[564, 621]
[566, 1190, 1537]
[880, 1535, 2494, 3435, 3550]
[82, 200, 228, 372, 417, 542, 566, 610, 731, 742, 870, 871, 872, 877, 1190, 1232, 1234, 1287, 1307, 1383, 1477, 1537, 1868, 2042, 2312, 2354, 2389, 2436, 2485, 3409, 3498, 3557, 3766, 3772, 3782, 3901]
[569, 2413]
[1189]
[874, 2218, 2344, 2454]
[1198]
[2160]
[1200]
[1201]
[1202, 1233]
[1203]
[1404, 2336]
[1204, 1679, 3849]
[1205, 3852]
[1206, 1207]
[1206, 1207]
[1208]
[1209]
[1210, 1211]
[1210, 1211]
[1212]
[1213]
[2752]
[1139, 1214]
[1215]
[1127, 1216, 1273, 1280]
[1217, 1218]
[1217, 1218]
[1219]
[1220]
[1221, 1222]
[1221, 1222]
[1223, 1229]
[1224, 1230]
[976]
[773, 1137, 1338, 2184, 2186]
[1226]
[1227]
[1228]
[878, 1191, 1231, 1308, 1478, 1678, 2449, 3159]
[1202, 1233]
[576]
[2457]
[2287]
[80, 229, 232, 371, 416, 505, 537, 538, 564, 579, 960, 1237, 1238, 1424, 1481, 1531, 1675, 1676, 2027, 2288, 2310, 2333, 2812, 3109, 3489, 3528, 3723, 3779]
[17, 21, 200, 417, 461, 562, 651, 731, 875, 883, 1382, 1532, 1545, 1547, 1674, 2219, 2291, 2389, 2455, 3492, 3499, 3720]
[3871]
[1239]
[2490]
[1256, 1257]
[1256, 1257]
[1256, 1257]
[1256, 1257]
[1256, 1257]
[1242]
[1243]
[1244]
[1245]
[1246]
[1247]
[1248]
[1249]
[1250, 1251]
[1250, 1251]
[1252]
[1253]
[1254]
[1255]
[1259]
[1258]
[3735]
[1260]
[1258]
[1256, 1257]
[1256, 1257]
[1264]
[1265]
[1121, 1123, 2166, 2167, 2168, 2169, 2331]
[2172]
[1291, 1292]
[226]
[2140]
[1250, 1251]
[2752]
[1268]
[155]
[1754]
[1755]
[1269]
[1270]
[1271]
[1272]
[1127, 1216, 1273, 1280]
[1274, 1275]
[1274, 1275]
[1276]
[1277]
[1278]
[1279]
[2128, 2540, 3571, 3572]
[1127, 1216, 1273, 1280]
[901]
[2128, 2540, 3571, 3572]
[1283]
[1284]
[1683, 2299, 2717, 3843, 3844]
[415, 3594]
[3595, 3695]
[22, 1164]
[2491]
[2491]
[450]
[739, 740, 2876, 3703]
[2422]
[1262]
[1262]
[945]
[2326]
[450]
[952, 1196, 1992]
[2216]
[2426, 2877, 3307]
[454]
[316, 1059, 1286]
[1290, 1474]
[1288]
[265, 266, 2011, 2012, 2013, 2014]
[18, 20, 881, 961, 1156, 2192, 2307, 2369, 2493, 2687, 3159, 3401, 3404, 3763]
[2570]
[869]
[869]
[1295]
[1296]
[1297]
[1298]
[1299, 2428]
[1300]
[1301]
[1295]
[1296]
[1297]
[1298]
[1299, 2428]
[1300]
[1301]
[1302, 1304]
[1303, 1305]
[1302, 1304]
[1303, 1305]
[1534, 3728]
[730, 969, 1146, 2043, 3765]
[2437]
[1478, 2449]
[1330]
[1331]
[1311]
[1228]
[1260]
[2064]
[1314, 2890, 3689]
[1315]
[1316]
[1317]
[1318]
[1319]
[1320]
[1321]
[1322]
[1323]
[1324]
[1325]
[1326]
[1327]
[3222]
[1330]
[1331]
[1332]
[1260]
[1256, 1257]
[3609]
[3610]
[3611]
[3265, 3612]
[3269, 3613]
[3614]
[3270, 3615]
[3271, 3616]
[1336]
[1520, 3554]
[2482, 2486, 3408]
[947]
[3337, 3351]
[3427]
[3345, 3346, 3359, 3360, 3699, 3700]
[3345, 3346, 3359, 3360, 3699, 3700]
[1923, 2878, 3308]
[1403]
[1403]
[1403]
[1403]
[2416]
[1483, 1484, 2267, 2268]
[1483, 1484, 2267, 2268]
[1337]
[2252, 2253, 2254, 2255, 2271, 2272, 2273, 2274]
[2252, 2253, 2254, 2255, 2271, 2272, 2273, 2274]
[2252, 2253, 2254, 2255, 2271, 2272, 2273, 2274]
[2252, 2253, 2254, 2255, 2271, 2272, 2273, 2274]
[124]
[2266]
[126, 127]
[126, 127]
[3883]
[1428]
[2047]
[1339, 1340]
[1339, 1340]
[829]
[1344]
[1356, 3302, 3466]
[1346]
[1151, 1193, 1361, 3244]
[88, 928, 1348, 3438]
[1349]
[2697]
[1351]
[1352]
[1361]
[2697]
[702]
[880, 1535, 3435]
[161]
[710]
[2703, 2709, 2783]
[3428]
[3945]
[3437]
[1900]
[3427]
[1457]
[1369]
[2375, 3770]
[2441, 2442, 3749]
[190, 1371, 2547, 2548, 2549, 3365]
[1372]
[2441, 2442, 3749]
[2441, 2442, 3749]
[2370]
[3787]
[3769]
[752, 1538]
[1377, 1378]
[1441]
[338, 339]
[338, 339]
[414, 622, 2334]
[17, 21, 231, 461, 562, 569, 570, 574, 651, 731, 872, 875, 1345, 1382, 1384, 1422, 1547, 1674, 2006, 2389, 2413, 2414, 2450, 2451, 2455, 3112, 3300, 3335, 3349, 3496, 3720, 3721, 3722, 3767, 3768, 3769, 3775, 3918]
[2049]
[2382]
[1958]
[420, 421]
[2426]
[420, 421]
[1388]
[1389]
[1392]
[1393]
[308, 640, 2131, 2343, 2352, 2353, 2710, 3204, 3465]
[640, 2343, 2352, 2651]
[1252]
[292]
[292]
[2312]
[880, 1535, 3435]
[1545]
[983]
[3871]
[416, 547, 3407]
[3556]
[1356, 3302, 3466]
[485, 3142]
[2074]
[3638]
[2074]
[2075]
[485, 3142]
[485, 3142]
[1523]
[1523]
[1523]
[1523]
[1394, 1395]
[1394, 1395]
[1396]
[1397, 1398]
[1397, 1398]
[1399]
[1400]
[1415]
[1589]
[1404]
[2591, 2592]
[2591, 2592]
[1897]
[384, 385, 684, 1896, 2590, 3103, 3104]
[1406]
[1407]
[1408]
[1413]
[1410]
[1411]
[1412]
[1414]
[274, 2021, 2065, 3208]
[3102]
[1416]
[1417]
[1418]
[305, 2008]
[17, 651, 1534, 1580, 1674, 2808, 3728]
[1580]
[1549, 1747, 3155, 3156]
[1462, 1481, 2411, 3155, 3156, 3171, 3789]
[200, 415, 417, 742, 1345, 2807, 3138, 3300, 3335, 3349, 3554, 3594, 3595, 3695, 3799]
[610, 877, 1383, 3766, 3772, 3782]
[1430]
[884]
[82, 200, 228, 372, 417, 542, 566, 610, 731, 742, 870, 871, 872, 877, 1190, 1232, 1234, 1287, 1307, 1383, 1477, 1537, 1868, 2042, 2312, 2354, 2389, 2436, 2485, 3409, 3498, 3557, 3766, 3772, 3782, 3901]
[2414]
[20]
[1747, 3171]
[561, 1989, 2025, 3110, 3530]
[3156]
[480]
[3868]
[610, 611, 877, 1383, 1480, 1549, 1747, 1868, 1976, 1977, 2344, 2371, 3155, 3531, 3532, 3766, 3772, 3782, 3917]
[1433]
[576]
[3868]
[2138]
[1437, 1438]
[997]
[3561]
[1439, 1440]
[951]
[1443]
[1443]
[1137, 1174]
[1445]
[1960, 1963, 1965, 1967, 3225]
[3941]
[1450]
[1882, 3941]
[1028, 2106]
[1445]
[1448]
[3543, 3545]
[455, 2846, 2847]
[1573]
[1448]
[3436]
[506, 1462]
[3915]
[1464]
[1465]
[1466, 1467]
[1466, 1467]
[1468]
[1469]
[1470]
[1471, 1472]
[1471, 1472]
[540, 938, 964, 984, 2193, 2483]
[610, 877, 1383, 3766, 3772, 3782]
[2436]
[578, 611, 871, 1868, 3916, 3917]
[1475, 3552]
[1384, 2450, 3496, 3721, 3767, 3918]
[2414]
[20, 873, 938, 964, 984, 3559, 3869]
[369, 1120, 1607, 1637, 1648, 2316, 2469, 3500, 3529]
[2289]
[1512]
[1512]
[1876]
[1978, 2083, 2089]
[1978, 2083, 2089, 2091, 2295]
[1978, 2083, 2089]
[3837]
[3837]
[2704]
[2704]
[2709]
[2708]
[2708]
[2703, 2783]
[2708]
[2706]
[2707]
[2708]
[886]
[885, 886]
[2036]
[3383]
[1514]
[1515]
[1516]
[1517]
[1518]
[1519]
[1526]
[2289]
[237, 372, 541, 561, 565, 576, 882, 1145, 1232, 1531, 1543, 1545, 1577, 1989, 2025, 2288, 2289, 2290, 2292, 2807, 3110, 3138, 3494, 3498, 3530, 3595, 3695, 3769, 3799, 3901]
[200, 417, 566, 569, 883, 1190, 1532, 1534, 1537, 1545, 2219, 2291, 2413, 2757, 2808, 3492, 3497, 3499, 3728, 3785]
[1533, 1675, 2333, 2334, 3779]
[1309]
[566, 569, 1190, 1534, 1537, 1547, 1548, 2292, 2413, 2757, 2807, 2808, 3138, 3494, 3497, 3728, 3785, 3799, 3871]
[395, 742, 1290, 1474, 1528, 1543, 1547, 1548, 2292, 2436, 2807, 3138, 3467, 3494, 3499, 3556, 3799, 3871]
[880, 1535, 3435]
[230, 1536]
[731, 2389]
[3161]
[1539]
[926, 1568, 3177, 3181, 3848]
[1540]
[821]
[2234]
[1588]
[1295]
[1874, 2234]
[1153, 3430]
[566, 1190, 1537]
[1544]
[624]
[874, 2454]
[2290]
[881, 2046, 2873, 3159, 3518, 3553, 3778, 3788, 3791, 3894]
[414, 958, 1533, 2334]
[1356, 3302, 3466]
[18, 20, 540, 881, 961, 1156, 1431, 1478, 1579, 2192, 2193, 2307, 2369, 2449, 2493, 2687, 2873, 3159, 3401, 3404, 3763, 3874]
[3554]
[235, 236, 625, 874, 878, 945, 959, 963, 982, 1203, 1235, 1374, 1432, 1481, 1546, 1550, 1557, 1977, 2045, 2194, 2370, 2411, 2454, 2457, 2482, 2486, 3158, 3334, 3348, 3401, 3408, 3421, 3491, 3557, 3870, 3873]
[17, 549, 651, 1156, 1674, 2809, 3170]
[373]
[910]
[3157, 3490, 3920]
[610, 877, 1383, 1536, 1977, 3766, 3772, 3782, 3916]
[1250, 1251]
[3905, 3906, 3911]
[1195, 1938, 2504]
[3345, 3346, 3359, 3360, 3699, 3700]
[3345, 3346, 3359, 3360, 3699, 3700]
[236, 873, 1557, 3421, 3491, 3769, 3869]
[2427, 3303, 3304, 3907]
[1570]
[858, 954, 1351]
[2347]
[2427, 3303, 3304, 3907]
[1571]
[3706]
[2202]
[1572]
[369, 1120, 1607, 1637, 1648, 2316, 2469, 3500, 3529]
[538, 960, 1675, 1676, 2812, 3109, 3779]
[1572]
[1573]
[512, 2415]
[1702]
[3703]
[1349]
[1574]
[1574]
[1159]
[395, 1356, 1580, 3302, 3466, 3467]
[396, 1306, 1930, 2505, 2808]
[762]
[2372]
[17, 549, 651, 1156, 1674, 2809, 3170]
[2570]
[3536]
[2422]
[1441, 1958, 3827]
[2421]
[1583]
[1583]
[2421]
[2421]
[812]
[1296, 1588]
[1298]
[1297]
[1298, 1300]
[1300]
[137]
[1298]
[113, 1296, 1298, 1588]
[3711]
[34]
[584, 646, 1391, 1402, 1589, 2132, 2179, 3190]
[3232]
[1919]
[3482, 3741, 3880]
[2745, 2750, 2751]
[138, 141, 2750, 2751]
[3810]
[3811]
[1592]
[1593]
[1594]
[3132, 3133]
[3132, 3133]
[1581]
[439, 440, 441, 442, 1915, 1916]
[439, 440, 441, 442, 1915, 1916]
[1915, 1916]
[1915, 1916]
[439, 440, 441, 442, 1915, 1916, 3132, 3133]
[439, 440, 441, 442, 1915, 1916, 3132, 3133]
[19, 368, 550, 579, 936, 1853, 1951, 2041, 2411, 2480, 2808, 3155, 3917, 3919]
[18, 20, 540, 961, 1156, 1231, 1236, 1431, 1478, 1579, 2192, 2193, 2307, 2369, 2449, 2493, 2687, 2873, 3404, 3731, 3763]
[83]
[1581]
[1664, 1665]
[1596]
[1597]
[1598]
[1599]
[1600, 1737]
[1601, 1738]
[1602, 1739]
[1603, 1740]
[1604, 1741]
[16]
[1606]
[369, 1120, 1607, 1637, 1648, 2316, 2469, 3500, 3529]
[1608]
[1611]
[1609, 1612, 1659]
[1610, 1613, 1660, 2321, 2471]
[1611]
[1654]
[1610, 1613, 1660, 2321, 2471]
[1614]
[1633, 1635]
[1615]
[26, 51, 52, 65, 132, 832, 891, 1003, 1006, 1017, 1078, 1095, 1096, 1368, 1616, 1618, 1620, 1622, 1731, 1979, 1980, 1981, 1982, 2111, 2114, 2115, 2164, 2199, 2203, 2229, 2777, 2778, 3100, 3363, 3364]
[1617, 1621]
[26, 51, 52, 65, 132, 832, 891, 1003, 1006, 1017, 1078, 1095, 1096, 1368, 1616, 1618, 1620, 1622, 1731, 1979, 1980, 1981, 1982, 2111, 2114, 2115, 2164, 2199, 2203, 2229, 2777, 2778, 3100, 3363, 3364]
[1619]
[26, 51, 52, 65, 132, 832, 891, 1003, 1006, 1017, 1078, 1095, 1096, 1368, 1616, 1618, 1620, 1622, 1731, 1979, 1980, 1981, 1982, 2111, 2114, 2115, 2164, 2199, 2203, 2229, 2777, 2778, 3100, 3363, 3364]
[1617, 1621]
[26, 51, 52, 65, 132, 832, 891, 1003, 1006, 1017, 1078, 1095, 1096, 1368, 1616, 1618, 1620, 1622, 1731, 1979, 1980, 1981, 1982, 2111, 2114, 2115, 2164, 2199, 2203, 2229, 2777, 2778, 3100, 3363, 3364]
[1624]
[1624]
[1625]
[1626]
[15, 833, 855, 1628, 1629, 1742]
[843, 1630, 1744]
[843, 1630, 1744]
[26, 51, 52, 65, 132, 832, 891, 1003, 1006, 1017, 1078, 1095, 1096, 1368, 1616, 1618, 1620, 1622, 1731, 1979, 1980, 1981, 1982, 2111, 2114, 2115, 2164, 2199, 2203, 2229, 2777, 2778, 3100, 3363, 3364]
[1083]
[172]
[1641]
[1635]
[1636]
[369, 1120, 1607, 1637, 1648, 2316, 2469, 3500, 3529]
[1638]
[1639]
[1640]
[1641]
[115, 1646, 1647]
[115, 1646, 1647]
[645]
[1288]
[1642]
[369, 1120, 1607, 1637, 1648, 2316, 2469, 3500, 3529]
[1649, 1656, 1661]
[1441, 1958, 3827]
[929]
[1652]
[1610, 1613, 1660, 2321, 2471]
[1653]
[1609, 1612, 1659]
[1610, 1613, 1660, 2321, 2471]
[1655]
[1657, 1658]
[1657, 1658]
[1654]
[1649, 1656, 1661]
[1662]
[1663]
[1664, 1665]
[1664, 1665]
[1666, 1667]
[1666, 1667]
[1668]
[1669]
[1670, 1671]
[1670, 1671]
[1672]
[1673]
[17, 651, 1674]
[3407]
[212, 966, 1187, 2481]
[968]
[1677]
[414, 622, 1533, 2005]
[1204, 1679, 3849]
[1680]
[390]
[37]
[390, 3438]
[37]
[390]
[37]
[390]
[37]
[390]
[390]
[37]
[390]
[37]
[390]
[37]
[390]
[37]
[390]
[369, 1120, 1607, 1637, 1648, 2316, 2469, 3500, 3529]
[579, 2218, 3917, 3919]
[2336]
[3711]
[3602]
[3709]
[3709]
[3699, 3700]
[3699, 3700]
[1923, 2878, 3308]
[1610, 1613, 1660, 2321, 2471]
[1682]
[1683]
[1684]
[1685, 1688, 1713, 1716, 1719, 1721, 1723, 1726, 1732]
[1366, 1686, 1689]
[1687]
[1685, 1688, 1713, 1716, 1719, 1721, 1723, 1726, 1732]
[1366, 1686, 1689]
[1690]
[1691]
[1692, 1710]
[1693, 1698, 1711]
[1694, 1699, 1708]
[1695, 1700, 1709]
[1696, 1712]
[1697]
[1693, 1698, 1711]
[1694, 1699, 1708]
[1695, 1700, 1709]
[1701]
[1702]
[1703]
[1704]
[1705]
[1706]
[1707]
[1694, 1699, 1708]
[1695, 1700, 1709]
[1692, 1710]
[1693, 1698, 1711]
[1696, 1712]
[1685, 1688, 1713, 1716, 1719, 1721, 1723, 1726, 1732]
[1714, 1717, 1730]
[1715, 1720, 1724, 1727]
[1685, 1688, 1713, 1716, 1719, 1721, 1723, 1726, 1732]
[1714, 1717, 1730]
[1718, 1722]
[1685, 1688, 1713, 1716, 1719, 1721, 1723, 1726, 1732]
[1715, 1720, 1724, 1727]
[1685, 1688, 1713, 1716, 1719, 1721, 1723, 1726, 1732]
[1718, 1722]
[1685, 1688, 1713, 1716, 1719, 1721, 1723, 1726, 1732]
[1715, 1720, 1724, 1727]
[1725]
[1685, 1688, 1713, 1716, 1719, 1721, 1723, 1726, 1732]
[1715, 1720, 1724, 1727]
[1728]
[1729]
[1714, 1717, 1730]
[26, 51, 52, 65, 132, 832, 891, 1003, 1006, 1017, 1078, 1095, 1096, 1368, 1616, 1618, 1620, 1622, 1731, 1979, 1980, 1981, 1982, 2111, 2114, 2115, 2164, 2199, 2203, 2229, 2777, 2778, 3100, 3363, 3364]
[1685, 1688, 1713, 1716, 1719, 1721, 1723, 1726, 1732]
[1733]
[1734, 1735]
[1734, 1735]
[1600, 1737]
[1601, 1738]
[1602, 1739]
[1603, 1740]
[1604, 1741]
[843, 1630, 1744]
[15, 833, 855, 1628, 1629, 1742]
[843, 1630, 1744]
[1745]
[1746]
[388]
[143, 665]
[388]
[136]
[136]
[1747]
[1748]
[1749]
[1750]
[1751]
[1752]
[1526]
[227]
[1756]
[2464]
[1756]
[2464]
[1759]
[1760]
[1761, 1762, 1763]
[1761, 1762, 1763]
[1761, 1762, 1763]
[1764]
[1769]
[1772, 1774]
[1769]
[1772, 1774]
[1769]
[1770]
[1769]
[1772, 1774]
[1769]
[1772, 1774]
[1775]
[1796]
[1777]
[1778, 1779, 1780]
[1778, 1779, 1780]
[1778, 1779, 1780]
[1781]
[1782]
[1783, 1785, 1844, 1860, 1861, 2968, 2971, 2974]
[1784, 1799, 1833, 1850, 1873]
[1783, 1785, 1844, 1860, 1861, 2968, 2971, 2974]
[1786]
[1787, 1830]
[1788, 1789, 1790, 1791, 1804, 1807, 1809]
[1788, 1789, 1790, 1791, 1804, 1807, 1809]
[1788, 1789, 1790, 1791, 1804, 1807, 1809]
[1788, 1789, 1790, 1791, 1804, 1807, 1809]
[1792]
[1793]
[1794]
[1795]
[1796]
[1801]
[1849, 1855]
[1784, 1799, 1833, 1850, 1873]
[1800, 1802]
[1801]
[3322]
[1803]
[1838, 1839, 1840, 1841]
[1805, 1806]
[1805, 1806]
[1838, 1839, 1840, 1841]
[1808]
[1838, 1839, 1840, 1841]
[1810]
[1811, 1818, 1824]
[1812]
[1813, 1835, 3317, 3321, 3323]
[1814]
[1815]
[1816, 1822]
[1817, 1823]
[1811, 1818, 1824]
[1819]
[3320]
[1821]
[1811, 1818, 1824]
[1813, 1835, 3317, 3321, 3323]
[1811, 1818, 1824]
[1825]
[1849, 1855]
[1871]
[1828, 1856]
[1829]
[1787, 1830]
[1831]
[1832, 1834]
[1872]
[1772, 1774]
[1784, 1799, 1833, 1850, 1873]
[1832, 1834]
[1813, 1835, 3317, 3321, 3323]
[1836, 1837, 1842]
[1836, 1837, 1842]
[1838, 1839, 1840, 1841]
[1838, 1839, 1840, 1841]
[1838, 1839, 1840, 1841]
[1843]
[1844]
[1845]
[1846]
[1847, 1852, 1870, 3024, 3042]
[1848]
[1849, 1855]
[1784, 1799, 1833, 1850, 1873]
[1851]
[1847, 1852, 1870, 3024, 3042]
[611, 1853, 2480, 3915]
[1854]
[1849, 1855]
[1828, 1856]
[1857]
[1858, 1862]
[1859]
[1860, 1861]
[1860, 1861]
[1858, 1862]
[1863, 1864]
[1863, 1864]
[1865]
[1866]
[1867]
[1868]
[1869]
[1847, 1852, 1870]
[1871]
[1872]
[1784, 1799, 1833, 1850, 1873]
[789, 3899]
[1876]
[74, 974, 1359, 2555, 2760, 2761]
[1115]
[67]
[2760]
[87, 825]
[87, 825]
[2760]
[87, 525, 2408]
[1352]
[2635]
[1879]
[1877]
[2464]
[2464]
[1878]
[1877]
[1880]
[1881]
[1882]
[3474, 3478]
[1883, 1884]
[1885]
[2688]
[2555]
[1889]
[3166]
[1193, 1361, 2346]
[362, 617]
[2470]
[22, 1164]
[22, 1164]
[617]
[209, 1350, 1354, 1610, 1613, 1660, 2321, 2471, 2567, 2697]
[1418]
[1639]
[675]
[742]
[957]
[1158]
[1158]
[1406]
[1158]
[2739]
[2617, 2627]
[1910]
[1908]
[2464]
[2464]
[1909]
[1908]
[2238]
[3437]
[1903]
[3460]
[250]
[441, 442, 1915, 1916]
[441, 442, 1915, 1916]
[1437, 1438]
[2245]
[1912]
[1913]
[2245]
[1356, 1480, 1552, 2371, 3169, 3302, 3466]
[1356, 1480, 1552, 2371, 3169, 3302, 3466]
[3790]
[935]
[21, 461, 562, 875, 1382, 3720]
[724, 725]
[1248, 2417, 3102]
[432]
[1569, 1955, 2365, 2573, 3118]
[1569, 1955, 2365, 3118]
[1569]
[23, 24, 1569, 1955, 2365, 3118]
[399, 710, 1569, 1955, 2365, 3118]
[1955]
[3118]
[1558]
[1924]
[1926]
[1927]
[1927]
[1928]
[1928]
[541, 565, 1145]
[2467]
[183, 429, 726, 1524, 2339, 3201]
[3202]
[1937, 3113]
[1938, 1953, 2504, 3115]
[3116]
[1939]
[1940]
[1941]
[1945]
[1946]
[1947]
[1948]
[1949]
[1950]
[1429, 1529, 2456, 3519, 3724]
[3531]
[17, 21, 237, 461, 562, 577, 651, 731, 875, 882, 1382, 1531, 1543, 1547, 1577, 1674, 2288, 2289, 2290, 2389, 2455, 3498, 3595, 3695, 3720]
[577, 578, 579, 1543, 2452]
[1462, 1481, 3789]
[2289]
[1482, 1747]
[1433, 1480, 1482, 3172, 3532, 3777]
[2145]
[3520]
[1969]
[1970]
[1971]
[1972]
[1973]
[2436]
[3773]
[1978, 2083, 2089]
[26, 51, 52, 65, 132, 832, 891, 1003, 1006, 1017, 1078, 1095, 1096, 1368, 1616, 1618, 1620, 1622, 1731, 1979, 1980, 1981, 1982, 2111, 2114, 2115, 2164, 2199, 2203, 2229, 2777, 2778, 3100, 3363, 3364]
[26, 51, 52, 65, 132, 832, 891, 1003, 1006, 1017, 1078, 1095, 1096, 1368, 1616, 1618, 1620, 1622, 1731, 1979, 1980, 1981, 1982, 2111, 2114, 2115, 2164, 2199, 2203, 2229, 2777, 2778, 3100, 3363, 3364]
[26, 51, 52, 65, 132, 832, 891, 1003, 1006, 1017, 1078, 1095, 1096, 1368, 1616, 1618, 1620, 1622, 1731, 1979, 1980, 1981, 1982, 2111, 2114, 2115, 2164, 2199, 2203, 2229, 2777, 2778, 3100, 3363, 3364]
[26, 51, 52, 65, 132, 832, 891, 1003, 1006, 1017, 1078, 1095, 1096, 1368, 1616, 1618, 1620, 1622, 1731, 1979, 1980, 1981, 1982, 2111, 2114, 2115, 2164, 2199, 2203, 2229, 2777, 2778, 3100, 3363, 3364]
[2850]
[681, 2753, 2754]
[1983]
[1984]
[1985]
[1986]
[1987]
[1988]
[29]
[30]
[2027]
[1990, 2029]
[225, 597, 1195]
[1196]
[511, 1209]
[3463]
[3707]
[2036]
[201, 2360]
[2735]
[1611]
[1983]
[1994]
[1998]
[520, 2189, 2833, 3475, 3478, 3714]
[3741]
[3741]
[3366]
[2000, 2123, 3710]
[548, 1578]
[18, 20, 881, 959, 961, 1156, 1191, 1308, 1579, 2192, 2307, 2369, 2493, 2687, 3159, 3401, 3404, 3559, 3763, 3874]
[233, 547, 960, 1140, 1551, 2812, 3407, 3824]
[2378, 3397]
[1136]
[292]
[292]
[292]
[292]
[2016]
[2323]
[2324]
[618, 619]
[2328]
[2329]
[2018]
[2019, 2022]
[2020, 2023]
[2037]
[82, 228, 1287, 2485]
[2026]
[81, 958, 1424, 1675, 1676, 3779]
[1990, 2029]
[2030]
[2031]
[1289]
[1289]
[2034]
[2035]
[2036]
[3463]
[2037]
[2038, 2039, 2040]
[2038, 2039, 2040]
[2038, 2039, 2040]
[2414]
[231, 574]
[872]
[3769]
[2757, 3497, 3785]
[2455]
[1528]
[234, 1143, 1429, 1527, 1529, 2456, 3519, 3724, 3789]
[1234]
[576]
[2037]
[481]
[968]
[752]
[1212, 2503]
[1938, 1953, 2504, 3115]
[2500, 2501]
[2500, 2501]
[710]
[512]
[1953]
[433, 2145, 2220, 2688, 3160, 3846]
[659]
[22, 1164]
[517]
[1517]
[1517]
[517]
[2204]
[3407]
[961, 2192, 2307, 2493, 3156, 3778]
[3769]
[625, 1527, 2438, 3789]
[2044]
[652]
[2050]
[2051]
[634]
[2426, 2877, 3307]
[517]
[89]
[89]
[572, 2325, 2332]
[2052, 2053, 2054, 2055]
[2052, 2053, 2054, 2055]
[2052, 2053, 2054, 2055]
[2052, 2053, 2054, 2055]
[2057, 2130]
[2061]
[2641]
[1970]
[1970]
[2063]
[1013]
[674]
[2191]
[340]
[2113]
[1294]
[215, 2072]
[2073]
[2074]
[3638]
[2076]
[2078]
[2079]
[1978, 2083, 2089]
[2084]
[2085]
[2084, 2087]
[2085, 2088]
[1978, 2083, 2089]
[2090]
[2095]
[2091]
[2092]
[2093]
[2094]
[2096, 2098]
[2097, 2099]
[2096, 2098]
[2097, 2099]
[2101]
[2100]
[2102]
[2103, 2104]
[2103, 2104]
[2105]
[2106]
[2106]
[2107]
[770, 1282, 2057, 2110, 2130, 2540, 3487, 3572, 3574]
[1515, 2086, 2091]
[2306]
[2112]
[2113]
[26, 51, 52, 65, 132, 832, 891, 1003, 1006, 1017, 1078, 1095, 1096, 1368, 1616, 1618, 1620, 1622, 1731, 1979, 1980, 1981, 1982, 2111, 2114, 2115, 2164, 2199, 2203, 2229, 2777, 2778, 3100, 3363, 3364]
[26, 51, 52, 65, 132, 832, 891, 1003, 1006, 1017, 1078, 1095, 1096, 1368, 1616, 1618, 1620, 1622, 1731, 1979, 1980, 1981, 1982, 2111, 2114, 2115, 2164, 2199, 2203, 2229, 2777, 2778, 3100, 3363, 3364]
[2122]
[2123, 3710]
[2124]
[2128]
[2057, 2130]
[1349]
[1163]
[3940]
[770, 1163, 2539, 2727, 3333, 3366]
[2123, 2727, 3710]
[2131, 3204, 3465]
[646, 1402, 2132, 3190]
[47]
[2018]
[3952]
[2058]
[507, 508]
[507, 508]
[1984]
[2058]
[507, 508]
[507, 508]
[17, 651, 1674]
[2134]
[2688]
[2137]
[2140]
[2141]
[2142]
[2144]
[2144]
[2144]
[2144]
[17, 651, 1674]
[2137]
[2141]
[215, 2072]
[2152]
[2141]
[3109]
[1373, 2412, 2809, 3732]
[3560]
[2166]
[1121, 2167]
[2168]
[2169]
[2170]
[2171]
[2172]
[2173]
[2175]
[1960, 1963, 1965, 1967, 3225]
[1966, 1968, 2177, 2182, 3262, 3546, 3833]
[2178]
[2650]
[1476]
[2550, 3495]
[2180]
[2181]
[1966, 1968, 2177, 2182, 3262, 3546, 3833]
[1961, 1964, 2183, 3264, 3544]
[1338, 2184, 2186]
[2185]
[1338, 2184, 2186]
[2187]
[2188]
[566, 1190, 1537]
[81, 527, 621, 624, 2005, 2355]
[1309, 2355]
[1422, 3112, 3722, 3768]
[236, 541, 565, 876, 963, 982, 1145, 1203, 1557, 3158]
[235, 542, 611, 878, 945, 1374, 1477, 1550, 1977, 2194, 3334, 3348, 3557]
[1684, 2775]
[403, 2306]
[1107]
[1107]
[245]
[2127]
[2125]
[2125]
[1092]
[2163]
[1571]
[1404, 1684]
[403]
[2206]
[2207]
[2208, 2209]
[2208, 2209]
[2210]
[2211, 2212, 2213]
[2400]
[2206, 2398]
[2747]
[2214, 2215, 2744, 2746, 2747]
[520, 2189, 2833, 3478]
[935]
[703]
[2091, 2295]
[1564]
[286]
[278]
[114, 2885]
[3903]
[735]
[709, 986, 987, 989, 3472]
[709, 986, 987, 989, 3472]
[952]
[929]
[26, 51, 52, 65, 132, 832, 891, 1003, 1006, 1017, 1078, 1095, 1096, 1368, 1616, 1618, 1620, 1622, 1731, 1979, 1980, 1981, 1982, 2111, 2114, 2115, 2164, 2199, 2203, 2229, 2777, 2778, 3100, 3363, 3364]
[2231]
[81, 958, 1675, 3108, 3407, 3779]
[968]
[213, 1144, 3729]
[731, 2389]
[17, 21, 231, 461, 562, 569, 570, 574, 651, 731, 872, 875, 1345, 1382, 1384, 1422, 1547, 1674, 2006, 2389, 2413, 2414, 2450, 2451, 2455, 3112, 3300, 3335, 3349, 3496, 3720, 3721, 3722, 3767, 3768, 3769, 3775, 3918]
[2452]
[2234]
[2239]
[2236]
[2239]
[2239]
[2240]
[2241]
[2242]
[2244]
[2244]
[2246]
[1531, 2288]
[82, 200, 228, 417, 870, 872, 883, 1234, 1287, 1307, 1532, 1545, 2042, 2219, 2291, 2354, 2485, 3409, 3492, 3493, 3498, 3499]
[1545]
[961, 2192, 2307, 2425, 2493, 2873]
[566, 569, 1190, 1534, 1537, 1547, 1548, 2292, 2413, 2757, 2807, 2808, 3138, 3494, 3497, 3728, 3785, 3799, 3871]
[396, 626, 730, 969, 1146, 1306, 1547, 1548, 1930, 2006, 2043, 2290, 2292, 2505, 2807, 3138, 3494, 3554, 3765, 3775, 3799, 3871]
[230, 480, 481, 879, 1536, 2538, 3240]
[82, 228, 1287, 1356, 2480, 2485, 3170, 3302, 3401, 3466, 3501, 3874]
[3793]
[1605, 2071]
[1605, 2071]
[1605, 2071]
[1356, 3170, 3302, 3401, 3466, 3501]
[17, 651, 959, 1156, 1374, 1557, 1674, 2194, 2370, 2411, 3158, 3170, 3401]
[369, 609, 910, 1120, 1310, 1355, 1464, 1475, 1495, 1607, 1637, 1648, 2316, 2388, 2390, 2469, 3500, 3529, 3552, 3742, 3798]
[3158]
[541, 565, 1145]
[623, 2412, 2437, 3824]
[1202, 1233]
[200, 415, 417, 742, 1345, 2807, 3138, 3300, 3335, 3349, 3554, 3594, 3595, 3695, 3799]
[2295]
[3550]
[540, 2193]
[541, 565, 1145]
[703, 3780]
[213, 231, 235, 415, 542, 574, 575, 576, 626, 1144, 1234, 1429, 1477, 1528, 1529, 1548, 2217, 2289, 2455, 2456, 2757, 3497, 3519, 3594, 3595, 3695, 3724, 3729, 3785]
[3791]
[941, 2294, 3794]
[2317, 2318]
[2306]
[2303]
[2304]
[274]
[17, 549, 651, 1156, 1674, 2809, 3170]
[561, 1557, 1853, 1989, 2025, 3110, 3170, 3501, 3530]
[1579]
[541, 565, 1145]
[2311]
[369, 1120, 1607, 1637, 1648, 2316, 2469, 3500, 3529]
[2317, 2318]
[2317, 2318]
[2319]
[2320]
[1610, 1613, 1660, 2321, 2471]
[572, 2325]
[2326]
[2330]
[1121, 2166, 2167, 2168, 2169, 2331, 3716]
[2332]
[2333]
[2334]
[2335, 2557]
[2336]
[2337]
[2338]
[183, 429, 726, 1524, 2339, 3201]
[529, 530]
[529, 530]
[2340, 2350, 2351]
[2341]
[3232]
[273]
[1252]
[292]
[292]
[519, 593, 2349]
[69]
[1252, 1437, 1438]
[3752, 3753]
[292]
[292]
[292]
[292]
[292]
[2353]
[2026]
[621]
[2026]
[370, 371, 755, 2412, 3783, 3872]
[18, 1191, 1231, 1308, 1478, 1678, 2287, 2449, 2483, 3159, 3404, 3763]
[414, 622, 1675, 2333, 3779]
[1482]
[3730]
[874, 982, 1235, 1384, 1432, 1546, 1977, 2450, 2454, 3401, 3421, 3491, 3496, 3721, 3767, 3918]
[1475, 3552]
[2366]
[2367]
[2368]
[20]
[82, 228, 1287, 1482, 1552, 1747, 2485, 3169, 3171]
[233, 505, 1157, 2310, 2311]
[621, 624, 1157, 1373]
[1143, 1290, 1461, 1474, 2371, 3172, 3436]
[1977]
[2135, 2372]
[3743]
[3161]
[2373]
[2374]
[2228, 2363, 3114, 3117]
[2016]
[1136]
[292]
[292]
[292]
[292]
[292]
[2379]
[2380]
[2381]
[3575]
[2850]
[319, 320, 2383, 2384]
[319, 320, 2383, 2384]
[2385, 2386]
[2385, 2386]
[2388]
[541, 565, 1145]
[2390]
[120, 121, 1501, 1502]
[120, 121, 1501, 1502]
[3783]
[230, 1536]
[372, 611, 876, 1232, 1520, 1853, 1868, 3901, 3917]
[2206]
[2399]
[2400]
[1544]
[2408]
[929]
[1858, 1862]
[3533]
[3471]
[3533]
[3533]
[386]
[727]
[2402]
[1356, 3302, 3466]
[625, 959, 1203, 1557, 2370, 2411, 2457, 2808, 3401]
[3874]
[629, 2506]
[3733]
[3733]
[2693]
[2510, 3703]
[917]
[2407]
[2408]
[84]
[540, 2193]
[623, 624, 1373, 2412, 2809]
[2347]
[1212]
[1990, 2029]
[2416]
[2423]
[2332]
[1530, 1551, 2311, 3730]
[2133, 2811, 3764]
[2426]
[3337, 3351]
[2427]
[1299, 2428]
[3429]
[3699, 3700]
[3387]
[2429]
[3347, 3361]
[2421, 2876]
[3345, 3346, 3359, 3360, 3699, 3700]
[3345, 3346, 3359, 3360, 3699, 3700]
[681]
[134, 3810]
[135, 3811]
[2434]
[1127, 1216, 1273, 1280]
[462, 578, 876, 936, 1142, 1188, 1463, 2309, 2344, 3417, 3781, 3915]
[1536, 3773, 3776]
[570, 731, 1374, 2194, 2389, 2451, 3170, 3916]
[2438]
[237]
[174, 752, 1538, 2007, 2136, 3786]
[175]
[1434, 2439, 2568]
[176, 177]
[2228, 2363, 3114, 3117]
[915, 2227]
[915, 2502, 3806]
[80, 537, 3528]
[2425]
[17, 651, 1674]
[3790]
[1549, 2438, 3155, 3531, 3532, 3917]
[422]
[422]
[1348]
[1348]
[1380]
[1906]
[203, 204]
[955, 3422]
[2459]
[2462]
[2463]
[2464]
[2467]
[2473]
[2474]
[2475]
[2476]
[1427, 2477, 3261, 3263, 3950]
[2479]
[1929]
[1290, 1474]
[968]
[870, 1307, 2042, 2354, 3409]
[730, 969, 1146, 2043, 3765]
[610, 877, 1383, 3766, 3772, 3782]
[235, 236, 506, 625, 874, 878, 945, 959, 963, 982, 1203, 1235, 1374, 1432, 1462, 1481, 1546, 1550, 1557, 1977, 2045, 2194, 2370, 2411, 2438, 2454, 2457, 2482, 2486, 3156, 3158, 3171, 3334, 3348, 3401, 3408, 3421, 3491, 3557, 3558, 3789, 3870, 3873, 3874]
[18, 1191, 1231, 1308, 1478, 1678, 2287, 2449, 2483, 3159, 3404, 3763]
[871]
[561, 1989, 2025, 3110, 3530]
[2482, 2486, 3408]
[2487]
[2487]
[2491]
[1151]
[23, 24, 399, 1289, 1436, 2032, 2033, 2816, 3536]
[2430, 2431, 2432]
[2430, 2431, 2432]
[2430, 2431, 2432]
[974]
[2537]
[873, 1156, 1479, 1678, 3559, 3869]
[231, 570, 574, 879, 2217, 2451]
[3774]
[212, 237, 415, 575, 576, 610, 626, 874, 877, 883, 966, 1187, 1234, 1356, 1383, 1384, 1429, 1528, 1529, 1532, 2450, 2454, 2455, 2456, 2481, 2757, 3302, 3466, 3492, 3496, 3497, 3519, 3594, 3721, 3724, 3766, 3767, 3772, 3782, 3785, 3918]
[17, 21, 237, 461, 562, 577, 651, 731, 875, 882, 1382, 1531, 1543, 1547, 1577, 1674, 2288, 2289, 2290, 2389, 2455, 3498, 3595, 3695, 3720]
[881, 1191, 1236, 1308, 1431, 2287, 3559]
[237, 372, 541, 561, 565, 576, 882, 1145, 1232, 1531, 1543, 1545, 1577, 1989, 2025, 2288, 2289, 2290, 2292, 2807, 3110, 3138, 3494, 3498, 3530, 3595, 3695, 3769, 3799, 3901]
[200, 417, 566, 569, 883, 1190, 1532, 1534, 1537, 1545, 2219, 2291, 2413, 2757, 2808, 3492, 3497, 3499, 3728, 3785]
[212, 237, 610, 877, 883, 966, 1187, 1356, 1383, 1384, 1432, 1532, 1546, 1547, 1548, 2292, 2450, 2481, 2807, 3138, 3302, 3466, 3492, 3494, 3496, 3721, 3766, 3767, 3772, 3782, 3799, 3871, 3918]
[974, 2123, 2492, 2539, 2551, 2552, 3333, 3710]
[2540]
[3517]
[3507]
[2547]
[2494]
[2030]
[2031]
[2702, 2782, 2827]
[2030]
[2031]
[2550, 3495]
[974, 2123, 2540, 2551, 3710]
[897, 2552]
[2553]
[363, 2554]
[364]
[1303, 1305]
[490]
[2555]
[975]
[1252]
[3507]
[1136]
[1892, 2146, 2147]
[2334]
[1552, 3169]
[1552, 3169]
[2558]
[2559]
[2560]
[2561]
[2562]
[136]
[1568, 2502, 2573, 3177, 3181]
[2024]
[552]
[1289, 2573]
[3706]
[209]
[551, 1434, 2568]
[402, 2011, 2012, 2013, 2014, 2032, 2033, 3749]
[2570]
[2571]
[2572]
[2573]
[2575]
[3278, 3280, 3282, 3292]
[3279, 3281, 3283, 3295]
[2578]
[2577, 3196]
[3195, 3759]
[1376]
[1479, 3731]
[445]
[3602]
[1919]
[618, 619]
[1196, 1992]
[2426]
[3602]
[1919]
[945]
[445, 451]
[450]
[1919]
[612, 3128]
[1992]
[2894, 2940, 2966]
[1316, 3471]
[2031]
[2426, 2877, 3307]
[3244]
[1919]
[2581]
[2582, 2583]
[2582, 2583]
[2584, 2585]
[2584, 2585]
[3366]
[2588]
[765, 767, 864, 2460, 2461, 2740, 2741]
[765, 767, 864, 2460, 2461, 2740, 2741]
[2589]
[2190]
[520, 2190]
[534]
[534]
[135, 637]
[845]
[3081, 3657, 3663]
[2422]
[135]
[3099]
[2326]
[438]
[438]
[438]
[250, 1911, 2398]
[2326]
[53]
[53]
[53]
[372, 1232, 3901]
[1384, 2450, 3496, 3721, 3767, 3918]
[873, 1231, 1236, 3559, 3731, 3869]
[17, 21, 231, 461, 562, 569, 570, 574, 651, 731, 872, 875, 1345, 1382, 1384, 1422, 1547, 1674, 2006, 2389, 2413, 2414, 2450, 2451, 2455, 3112, 3300, 3335, 3349, 3496, 3720, 3721, 3722, 3767, 3768, 3769, 3775, 3918]
[2414]
[873, 3869]
[2006, 3775]
[1528]
[575]
[2606]
[1076, 2607]
[1536, 3773, 3776]
[566, 1190, 1537]
[230, 3254, 3773]
[82, 200, 228, 372, 417, 542, 566, 610, 731, 742, 870, 871, 872, 877, 1190, 1232, 1234, 1287, 1307, 1383, 1477, 1537, 1868, 2042, 2312, 2354, 2389, 2436, 2485, 3409, 3498, 3557, 3766, 3772, 3782, 3901]
[372, 396, 542, 566, 610, 626, 730, 731, 742, 871, 877, 969, 1146, 1190, 1232, 1306, 1383, 1477, 1537, 1930, 2006, 2043, 2290, 2312, 2389, 2436, 2505, 3554, 3765, 3766, 3772, 3775, 3782, 3901]
[3139]
[3803]
[2241]
[2608]
[2609]
[2610]
[353]
[354]
[2608, 2766]
[26, 51, 52, 65, 132, 832, 891, 1003, 1006, 1017, 1078, 1095, 1096, 1368, 1616, 1618, 1620, 1622, 1731, 1979, 1980, 1981, 1982, 2111, 2114, 2115, 2164, 2199, 2203, 2229, 2777, 2778, 3100, 3363, 3364]
[2613]
[3810]
[106]
[3810]
[26, 51, 52, 65, 132, 832, 891, 1003, 1006, 1017, 1078, 1095, 1096, 1368, 1616, 1618, 1620, 1622, 1731, 1979, 1980, 1981, 1982, 2111, 2114, 2115, 2164, 2199, 2203, 2229, 2777, 2778, 3100, 3363, 3364]
[2615]
[662]
[134, 3810]
[135, 3811]
[134, 3810]
[662]
[663]
[134, 3810]
[135, 3811]
[1574]
[3711]
[1076, 2607]
[3810]
[106]
[3810]
[106]
[3810]
[106]
[3810]
[106]
[3274]
[834]
[1046]
[3274]
[1046]
[2627]
[2619]
[2623]
[2622]
[2621]
[2620]
[2626]
[3614]
[2624]
[2625]
[66, 3577]
[66, 3577]
[586]
[2634]
[2635]
[2636]
[2638, 2883]
[3607]
[2641]
[712, 713, 716, 717]
[712, 713, 716, 717]
[2641]
[3618]
[2767, 3617]
[3618]
[2642]
[2641]
[712, 713, 716, 717]
[712, 713, 716, 717]
[2643, 2645]
[2644, 2646]
[2643, 2645]
[2644, 2646]
[2647]
[2648]
[2649]
[2653]
[584, 646, 1402, 1589, 2132, 2179, 3190]
[584, 640, 1391, 2179, 2343, 2352, 2650, 2651]
[1252]
[292]
[292]
[2654]
[2655, 2657]
[2656]
[2655, 2657]
[1314, 2890, 3689]
[2671]
[2660, 2662, 2664, 2667, 2669, 2671, 2685]
[2667]
[2660]
[2660, 2662, 2664, 2667, 2669, 2671, 2685]
[2660]
[2667]
[2660, 2662, 2664, 2667, 2669, 2671, 2685]
[2671]
[2664]
[2917, 2980, 3050]
[2907, 2957, 2958, 3071, 3075]
[2935, 2936]
[2904, 2909, 2911, 2912, 2916, 2931, 2954, 2960, 2962, 3029, 3047, 3072, 3082, 3094, 3629, 3653, 3667, 3684]
[1563]
[1563]
[1563]
[1563]
[1563]
[1314, 2890, 3689]
[1314, 2890, 3689]
[1314, 2890, 3689]
[1314, 2890, 3689]
[2643, 2645, 2655, 2657]
[2644, 2646]
[2643, 2645, 2655, 2657]
[2643, 2645, 2655, 2657]
[2654]
[455, 2846, 2847]
[2643, 2645, 2655, 2657]
[961, 2192, 2307, 2493]
[433, 2403, 2688, 3160]
[2689]
[2690]
[2691]
[2692]
[2693]
[2694, 2695, 2696]
[2694, 2695, 2696]
[2694, 2695, 2696]
[2697]
[2572]
[2704]
[2704]
[2703, 2783]
[3618]
[2830]
[986, 987, 989]
[986, 987, 989, 3525]
[2705, 2784]
[2706]
[2707]
[2708]
[2709]
[2718]
[2719]
[2720]
[2721]
[1298]
[1297, 2015]
[1298]
[2009]
[137, 2015]
[217, 295, 484, 487, 2733, 3140, 3141, 3146, 3213, 3219]
[3220]
[3222]
[2736]
[3220]
[2737]
[300, 2738, 3153]
[765, 2461]
[2742]
[2746, 2747]
[2024]
[2746, 2747]
[2746, 2747]
[3474]
[2746]
[2322]
[2322]
[2322]
[2322]
[110]
[2758, 2759, 2764]
[2745]
[2746, 2747]
[2746, 2747]
[2747]
[2748]
[2749]
[138, 2750, 2751]
[138, 2750, 2751]
[2752]
[2753]
[2754]
[2756]
[213, 235, 938, 945, 963, 964, 982, 984, 1144, 1203, 1550, 3158, 3729, 3915]
[2452]
[1143, 2414]
[922, 923]
[947]
[3344, 3358]
[436]
[2760, 3876, 3912]
[437]
[1751]
[1751]
[846, 854]
[918, 955]
[2482, 2486, 3408]
[3377]
[3377]
[3377]
[2762]
[2006, 3775]
[2758]
[2759]
[2760]
[2761]
[2760]
[2763]
[2764]
[2764]
[2765]
[2399]
[1046]
[2771]
[2772]
[2773]
[2774]
[2774]
[1099]
[26, 51, 52, 65, 132, 832, 891, 1003, 1006, 1017, 1078, 1095, 1096, 1368, 1616, 1618, 1620, 1622, 1731, 1979, 1980, 1981, 1982, 2111, 2114, 2115, 2164, 2199, 2203, 2229, 2777, 2778, 3100, 3363, 3364]
[26, 51, 52, 65, 132, 832, 891, 1003, 1006, 1017, 1078, 1095, 1096, 1368, 1616, 1618, 1620, 1622, 1731, 1979, 1980, 1981, 1982, 2111, 2114, 2115, 2164, 2199, 2203, 2229, 2777, 2778, 3100, 3363, 3364]
[2704]
[2779, 2781]
[2704]
[2779, 2781]
[2702, 2782, 2827]
[2702, 2782, 2827]
[2785]
[3940]
[2806]
[2807, 3138, 3799]
[2808]
[2809]
[702, 980, 1140, 2437, 2809, 2810, 3108, 3824]
[19, 368, 550, 1951, 2041]
[3407]
[2813]
[2814]
[2815]
[2816]
[2816]
[433, 3160]
[629]
[763, 997, 2415]
[434]
[659]
[435]
[435]
[745, 3806]
[437]
[422]
[2658, 2661, 2665, 2668]
[1384, 2450, 3496, 3721, 3767, 3918]
[232, 527, 624, 2005, 3723]
[233, 1533, 2005, 2333]
[2290]
[2219]
[1545]
[1547]
[1380]
[1376]
[341, 342]
[341, 342]
[621, 624]
[742]
[710, 1569]
[710, 1569, 1955, 2365, 3118]
[955, 3422]
[1193, 1213]
[955, 3422]
[1469, 3179, 3703]
[955, 3422]
[3427]
[3342, 3343, 3356, 3357]
[3342, 3343, 3356, 3357]
[3603, 3704]
[3603, 3704]
[2825]
[2826]
[2702, 2782, 2827]
[2828]
[3618]
[2830]
[2829]
[2831]
[2832]
[986, 987, 989, 2141, 3472, 3823]
[3618]
[2830]
[986, 987, 989, 2141, 3472, 3823]
[2707]
[17, 21, 237, 461, 562, 577, 651, 731, 875, 882, 1382, 1531, 1543, 1547, 1577, 1674, 2288, 2289, 2290, 2389, 2455, 3498, 3595, 3695, 3720]
[112]
[112]
[3711]
[415, 3594]
[112]
[112]
[3711]
[955, 3422]
[1206, 1207]
[112]
[112]
[3711]
[112]
[112]
[1585]
[2842]
[2191]
[113, 2191]
[2746, 2747, 3182]
[2746, 2747, 3182]
[2850]
[110, 2743]
[142, 2849]
[1025, 2017]
[2863]
[2864]
[2865]
[2866, 2867]
[2866, 2867]
[2868, 2869, 2870]
[2868, 2869, 2870]
[2868, 2869, 2870]
[2871, 2872]
[2871, 2872]
[2753, 2754]
[2753, 2754]
[2879]
[2880]
[2881]
[2882]
[2883]
[2884]
[134, 3810]
[135, 3811]
[1970]
[1970]
[2885]
[2886]
[2887]
[2888]
[2889]
[1970]
[865, 2739]
[2706, 2708, 2831]
[2830]
[520, 1883, 1884, 3837]
[520, 2833]
[2482, 2486, 3408]
[753]
[753]
[753]
[1196, 1992]
[1314, 2890, 3689]
[2891, 2892]
[2891, 2892]
[2893]
[2894]
[2895]
[2896, 3083, 3659]
[2897]
[2964, 2976, 2994, 3012, 3030]
[2977, 2979, 2995, 2998, 3013, 3016, 3031, 3034]
[2996, 3014, 3032]
[2997]
[2977, 2979, 2995, 2998, 3013, 3016, 3031, 3034]
[2999, 3003]
[3000]
[3001]
[2983, 3002, 3006]
[2999, 3003]
[2981, 3004]
[2982, 3005]
[2983, 3002, 3006]
[2984, 3007]
[2975, 2985, 3008]
[3009]
[2939, 2942, 2945]
[1783, 1785, 1788, 1789, 1790, 1791, 1804, 1807, 1809, 1860, 1861]
[578, 1384, 2344, 2450, 2452, 3496, 3721, 3767, 3918, 3919]
[395, 1356, 1580, 1853, 2344, 2452, 2480, 3302, 3401, 3466, 3467, 3874]
[2933]
[3095, 3624]
[3663]
[2946, 3085, 3666, 3678]
[3086]
[3010, 3011]
[2946, 2984, 3007, 3666]
[2975, 2985, 3008]
[3029, 3047]
[2678, 2904, 2905, 2916, 2951, 2952, 2954, 2955, 2990, 3053, 3059, 3654, 3667]
[2659, 2663, 2666, 2670, 3048, 3052]
[2927]
[2678]
[3051, 3078, 3662]
[2659, 2663, 2666, 2670, 3048, 3052]
[3086]
[2980, 3017, 3025, 3035, 3043]
[3051, 3662]
[2659, 2663, 2666, 2670, 3048, 3052]
[2678, 3053]
[2678, 2679, 2680, 2898, 2937, 2947, 2975, 2980, 2985, 2990, 3008, 3009, 3017, 3025, 3035, 3043, 3053, 3056, 3057, 3066, 3069, 3085, 3678, 3681]
[3662]
[2659, 2663, 2666, 2670, 3048, 3052]
[3667]
[2893, 2905, 2955, 2990, 3056, 3057]
[3078, 3656, 3662]
[2658, 2659, 2661, 2663, 2665, 2666, 2668, 2670, 3048, 3052, 3623, 3628, 3631]
[3066]
[2678, 2893, 2980, 2990, 3009, 3017, 3025, 3035, 3043, 3053, 3066, 3067, 3085, 3086, 3661, 3678]
[3078, 3662]
[2898, 2920, 2937, 2946, 2947, 2972, 2984, 3007, 3021, 3029, 3039, 3047, 3067, 3068, 3069, 3082, 3085, 3086, 3088, 3629, 3632, 3661, 3666, 3672, 3678]
[3078, 3662]
[2658, 2659, 2661, 2663, 2665, 2666, 2668, 2670, 3048, 3052, 3623, 3628, 3631]
[3066]
[2980]
[3051]
[2898, 2937, 2947, 3069]
[3051, 3662]
[260, 3812]
[2894]
[2984, 3007]
[2894]
[2895]
[2895]
[2894]
[2904, 2916, 2954]
[85, 2181]
[2920]
[2898, 2920, 2937, 2946, 2947, 2972, 2984, 3007, 3021, 3029, 3039, 3047, 3067, 3068, 3069, 3085, 3086, 3088, 3629, 3632, 3661, 3666, 3672, 3678]
[797, 803]
[798, 804]
[799, 800, 805, 806]
[799, 800, 805, 806]
[801, 807]
[802, 808]
[2911, 2931, 3050, 3094]
[1323]
[432]
[54, 3185, 3199]
[528]
[3946]
[1917]
[482, 483, 3209, 3210]
[482, 483, 3209, 3210]
[3216]
[343, 673, 3176, 3889]
[3129]
[432]
[3099]
[26, 51, 52, 65, 132, 832, 891, 1003, 1006, 1017, 1078, 1095, 1096, 1368, 1616, 1618, 1620, 1622, 1731, 1979, 1980, 1981, 1982, 2111, 2114, 2115, 2164, 2199, 2203, 2229, 2777, 2778, 3100, 3363, 3364]
[384, 385, 684, 1896, 3103, 3104]
[384, 385, 684, 1896, 3103, 3104]
[3105]
[3443, 3446, 3456]
[3107]
[84, 755, 1552, 3169, 3784, 3824]
[1552, 3169]
[3157]
[480, 937, 2387, 2538, 3172, 3555, 3787]
[1890]
[3167]
[3167]
[3706]
[3706]
[3706]
[3706]
[3706]
[3706]
[3706]
[2411]
[561, 1989, 2025, 3110, 3530]
[396, 1306, 1930, 2505]
[3157]
[1157, 1373]
[2387]
[3784]
[575, 578, 2218]
[19, 368, 550, 1951, 2041]
[3874]
[1290, 1474]
[540, 938, 964, 984, 1191, 1308, 2193, 2483, 3559]
[2436]
[871, 878, 959, 1191, 1308, 1374, 1977, 2194, 3334, 3348, 3421, 3557, 3870, 3916]
[3132, 3133]
[3132, 3133]
[3134]
[3135]
[3136, 3137]
[3136, 3137]
[493]
[3154]
[2550, 3495]
[538, 1676, 3109, 3824]
[3155]
[961, 2192, 2307, 2493, 3156, 3778]
[3157]
[2403]
[1538, 3161]
[3162]
[3163]
[3165]
[362]
[363, 2554]
[2555]
[2555]
[3773]
[236, 372, 878, 1232, 1374, 1557, 1977, 2194, 3334, 3348, 3557, 3901]
[1422, 3112, 3722, 3768]
[231, 235, 574, 945, 1550, 3421, 3491]
[3769]
[233, 623, 3824]
[880, 1535, 3435]
[1429, 1529, 2456, 3519, 3724]
[1585]
[1586]
[1587]
[1588]
[506, 1461, 1462, 3158]
[634]
[3703]
[999]
[3184]
[3183]
[959, 3156, 3171]
[2371]
[634, 2426, 3307]
[3179]
[3387]
[489, 1375, 1905]
[1376]
[3183]
[3184]
[3178]
[3179]
[951]
[3180]
[54, 3185, 3199]
[3186]
[3187]
[3188]
[2131, 3204, 3465]
[646, 1402, 2132, 3190]
[3197, 3198]
[1252]
[292]
[292]
[3175]
[1252]
[2578]
[2577, 3196]
[2016, 3187]
[2576, 3195, 3759, 3841, 3842]
[2577, 3196]
[3198]
[54, 3185, 3199]
[3200]
[183, 429, 726, 1524, 2339, 3201]
[3202]
[1009]
[3823]
[3099]
[55]
[677]
[677]
[828]
[991]
[355]
[250]
[250, 2548]
[3884]
[3884]
[824]
[825]
[826]
[53]
[3885]
[292]
[292]
[292]
[292]
[292]
[292]
[292]
[292]
[292]
[292]
[292]
[837]
[3203]
[1528]
[2538]
[17, 21, 237, 461, 562, 577, 651, 731, 875, 882, 1382, 1531, 1543, 1547, 1577, 1674, 2288, 2289, 2290, 2389, 2455, 3498, 3595, 3695, 3720]
[882, 1577]
[566, 569, 1190, 1534, 1537, 1547, 1548, 2292, 2413, 2757, 2807, 2808, 3138, 3494, 3497, 3728, 3785, 3799, 3871]
[3372]
[462, 575, 871, 882, 1142, 1188, 1345, 1422, 1547, 1548, 1577, 2133, 2219, 2292, 2309, 2807, 2811, 3112, 3138, 3300, 3335, 3349, 3494, 3722, 3764, 3768, 3781, 3799, 3871]
[1747]
[17, 21, 461, 562, 651, 731, 875, 1382, 1547, 1674, 2389, 2455, 3554, 3556, 3720]
[2131, 3204, 3465]
[755]
[3872]
[882, 1480, 1482, 1552, 1577, 2133, 2811, 3169, 3764]
[3171]
[628]
[292]
[292]
[292]
[292, 3752, 3753]
[292]
[292]
[292]
[229, 621, 1424, 2311]
[542, 1477]
[236, 873, 1557, 3421, 3491, 3769, 3869]
[2482, 2486, 3408]
[1143, 3871]
[540, 1431, 1478, 2193, 2449, 2873]
[1356, 3302, 3466, 3874]
[395, 566, 611, 936, 1190, 1537, 1853, 1868, 2436, 2452, 2480, 3467, 3917]
[3894]
[1557, 3156, 3171]
[1191, 1308, 1678]
[878, 963, 1374, 1977, 2194, 2370, 2436, 3334, 3348, 3557]
[871]
[1924]
[3206]
[3207]
[2362]
[3241]
[2573]
[930]
[880, 1535, 3435]
[622, 2437]
[1422, 3112, 3722, 3768]
[873, 3491, 3559, 3869]
[369, 703, 935, 1120, 1607, 1637, 1648, 2316, 2469, 3500, 3529]
[2046, 3894]
[233, 3551, 3784]
[2046, 3518, 3778, 3788, 3791]
[959, 1432, 1546, 3421, 3870]
[1423, 2044, 2387, 3783, 3792]
[17, 651, 1356, 1674, 3302, 3466]
[3209, 3210]
[3209, 3210]
[3211]
[3212]
[215, 2072]
[217, 295, 484, 487, 2733, 3140, 3141, 3146, 3213, 3219]
[218, 3147, 3148]
[3223]
[215, 2072]
[3216]
[217, 295, 484, 487, 2733, 3140, 3141, 3146, 3213, 3219]
[3220]
[3221]
[3222]
[3223]
[3225]
[3226]
[3227]
[3228]
[2187]
[3230]
[3231]
[3233]
[3234]
[3235]
[3236, 3237]
[3236, 3237]
[1585]
[1586]
[1587]
[1588]
[611, 1976, 3531]
[369, 1120, 1607, 1637, 1648, 2316, 2469, 3500, 3529]
[685]
[3174]
[2319]
[2282, 2283, 2284, 2285]
[594, 3437]
[3245]
[475, 897, 1126, 1277, 2000, 2123, 2727, 3710]
[3247]
[3248]
[3249]
[1283, 2299, 2717, 3843, 3844]
[2063]
[778, 779, 780, 781, 782, 783, 1605, 2071]
[3393]
[792]
[884, 946]
[3554]
[1356, 3302, 3466]
[757, 2819, 2824, 3174]
[2408]
[745, 3806]
[3341, 3355]
[3341, 3355]
[2345]
[1151, 1193, 1361, 3244]
[2345]
[1151, 1193, 1361, 3244]
[3251]
[3251]
[3167]
[3254]
[3255]
[3256, 3257]
[3256, 3257]
[3258, 3259, 3260]
[3258, 3259, 3260]
[3258, 3259, 3260]
[1427, 2477, 3261, 3263, 3950]
[1961, 1964, 2183, 3264, 3544]
[1427, 2477, 3261, 3263, 3950]
[1966, 1968, 2177, 2182, 3262, 3546, 3833]
[585]
[586]
[3265]
[3266, 3609]
[3267, 3610]
[3268, 3611]
[3613]
[3267, 3270, 3610, 3615]
[3267, 3270, 3610, 3615]
[1202, 1233]
[728]
[566, 625, 878, 1190, 1203, 1231, 1374, 1537, 1977, 2194, 2457, 3334, 3348, 3557]
[1204, 1679, 3849]
[1205, 3852]
[381, 710, 1569, 1955, 2365, 3118]
[710, 1569, 1955, 2365, 3118]
[364]
[364]
[3853]
[1206, 1207]
[1206, 1207]
[1471, 1472]
[104]
[3274]
[3276]
[3277]
[156, 3850]
[158, 3851]
[3278, 3280, 3282, 3292]
[3279, 3281, 3283, 3295]
[156, 3850]
[158, 3851]
[3278, 3280, 3282, 3292]
[3278, 3280, 3282, 3292]
[3279, 3281, 3283, 3295]
[3279, 3281, 3283, 3295]
[3278, 3280, 3282, 3292]
[3278, 3280, 3282, 3292]
[3279, 3281, 3283, 3295]
[3279, 3281, 3283, 3295]
[3278, 3280, 3282, 3292]
[3279, 3281, 3283, 3295]
[3278, 3280, 3282, 3292]
[3299]
[3296]
[3296]
[3298]
[3298]
[3298]
[3298]
[307]
[306]
[1345, 3300, 3335, 3349]
[3301]
[1356, 3302, 3466]
[3303, 3304]
[3305, 3306]
[3305, 3306]
[3307]
[1347]
[710, 2365]
[3388]
[3309, 3310]
[3309, 3310]
[3312]
[3315]
[3315]
[3315]
[365]
[2552]
[414, 742, 3334, 3348, 3490, 3921]
[578, 2452, 3919]
[418, 3336, 3350]
[3337, 3351]
[3897, 3898]
[3897, 3898]
[2422]
[552]
[3345, 3346, 3359, 3360, 3699, 3700]
[3344, 3358]
[425, 426, 3342, 3343, 3356, 3357, 3387, 3697, 3698]
[3337, 3351]
[3707]
[1353]
[3706]
[3344, 3358]
[3422]
[414, 742, 3334, 3348, 3490, 3921]
[2333, 3489]
[2217, 3777]
[1520]
[710, 1569, 1955, 2365, 3118]
[418, 3303, 3304, 3336, 3350]
[1953]
[425, 426, 3697, 3698]
[425, 426, 3697, 3698]
[3705]
[425, 426, 3388, 3537, 3603, 3697, 3698, 3704]
[425, 426, 3388, 3537, 3603, 3697, 3698, 3704]
[3345, 3346, 3359, 3360, 3699, 3700]
[3345, 3346, 3359, 3360, 3699, 3700]
[3708]
[81, 958, 1675, 3108, 3407, 3779]
[190, 1371, 2547]
[2421]
[3244]
[3908]
[1553]
[2727]
[3367]
[3368]
[3370]
[3370]
[3371]
[3372]
[3373]
[3374]
[3195, 3759]
[2577, 3196]
[1268]
[1268]
[1268]
[1268]
[1268]
[1268]
[1268]
[1268]
[3136, 3137]
[233, 370, 416, 505, 547, 960, 1157, 1237, 1309, 1530, 1551, 2310, 2311, 2355, 2812, 3407, 3489, 3551, 3730, 3732]
[82, 228, 1287, 2485]
[3376]
[3377]
[384, 385, 684, 1896, 3103, 3104]
[1897]
[1152]
[123, 1151, 1193, 1213, 1347, 3244, 3602]
[3149]
[1441, 1958, 3827]
[1441, 1958, 3827]
[2153]
[739, 740]
[292]
[292]
[292, 1954]
[1051]
[292, 1954]
[292]
[292]
[1345, 3300, 3335, 3349]
[83]
[538, 960, 1675, 1676, 2812, 3109, 3779]
[17, 19, 82, 213, 228, 231, 368, 395, 396, 542, 550, 561, 574, 651, 1144, 1287, 1306, 1356, 1477, 1548, 1674, 1930, 1951, 1989, 2025, 2041, 2133, 2289, 2485, 2505, 2808, 2811, 3110, 3302, 3466, 3467, 3530, 3595, 3695, 3729, 3764]
[1442]
[437, 955, 3422]
[2813]
[2813]
[3941]
[3941]
[3941]
[2420]
[3242]
[3385, 3694]
[3386]
[3387]
[3388]
[3389]
[1238, 3108]
[1424]
[18, 20, 881, 961, 1156, 2192, 2307, 2369, 2493, 2687, 3159, 3401, 3404, 3763]
[880, 1535, 3435]
[958, 960, 2810, 2812, 3407]
[2133, 2811, 3764]
[561, 1989, 2025, 3110, 3530]
[870, 1307, 2042, 2354, 3409]
[1544]
[3731]
[1482, 2387, 3555, 3787]
[3555, 3787]
[3139]
[2813]
[43]
[217, 295, 484, 487, 2733, 3140, 3141, 3146, 3213, 3219]
[1326]
[1325, 1326, 2735]
[3010, 3011]
[3010, 3011]
[298]
[3669, 3670]
[3392]
[3390]
[59, 3395]
[1009]
[2378, 3397]
[3398, 3399]
[3398, 3399]
[3400]
[1309]
[3402]
[2438, 3156]
[3401]
[3405]
[3156, 3171]
[18, 395, 959, 963, 1557, 2370, 2411, 3334, 3348, 3401, 3404, 3467, 3763]
[2482, 2486, 3408]
[561, 1989, 2025, 3110, 3530]
[2370]
[2788, 2789]
[2788, 2789]
[3416]
[2030]
[3412]
[3412]
[2411]
[879]
[623, 702, 2437]
[233, 505, 960, 1530, 2310, 2812, 3489, 3732]
[3531]
[623, 1238, 3824]
[881, 1156, 1236, 1431, 1479, 1678, 2287]
[578]
[235, 945, 1235, 1481, 1550, 2289, 2457]
[2788, 2789]
[2788, 2789]
[2788, 2789]
[2788, 2789]
[3410, 3411]
[3410, 3411]
[2788, 2789]
[2788, 2789]
[2788, 2789, 3410, 3411]
[2788, 2789, 3410, 3411]
[2788, 2789, 3410, 3411]
[2788, 2789, 3410, 3411]
[3846]
[2790, 2791]
[2790, 2791]
[404]
[2506]
[3420]
[3421]
[3422]
[3423, 3424]
[3423, 3424]
[3425]
[3426]
[3427]
[3428]
[3429]
[689]
[3431]
[3432, 3433]
[3432, 3433]
[2703, 2783]
[2702, 2782, 2827]
[3434]
[712, 713, 716, 717]
[712, 713, 716, 717]
[2703, 2783]
[2831]
[2828]
[2703, 2783]
[2832]
[2832]
[2703, 2783]
[2831]
[2828]
[2703, 2783]
[2832]
[2832]
[1552, 3169]
[1552, 3169]
[136]
[1568, 2502, 2573, 3177, 3181]
[2024]
[88, 928]
[23, 24, 399, 402, 552, 1289, 1436, 2573, 2816]
[1289, 2573]
[19, 368, 550, 1143, 1244, 1552, 1951, 2041, 2788, 2789, 3155, 3169]
[19, 368, 550, 1143, 1244, 1552, 1951, 2041, 2788, 2789, 3155, 3169]
[136]
[1568, 2502, 2573, 3177, 3181]
[2024]
[23, 24, 399, 1289, 1436, 2032, 2033, 2816, 3536]
[2573]
[234, 888, 1461]
[234, 888, 1461]
[2563]
[3451]
[3714]
[136]
[1568, 3177, 3181]
[1552, 3169]
[1552, 3169]
[136]
[1568, 2502, 2573, 3177, 3181]
[2024]
[88, 928]
[23, 24, 399, 402, 552, 1289, 1436, 2573, 2816]
[1289, 2573]
[1552, 3169]
[1552, 3169]
[136]
[1568, 2502, 2573, 3177, 3181]
[2024]
[88, 928]
[23, 24, 399, 402, 552, 1289, 1436, 2573, 2816]
[1289, 2573]
[3459]
[3461]
[3462]
[3464]
[292]
[292]
[292]
[292]
[59, 272, 273, 309, 457, 589, 641, 2362, 3188, 3197, 3198, 3395]
[2133, 2811, 3764]
[3470]
[3471]
[2816]
[172]
[155, 1208, 2238]
[1379]
[145, 146]
[145, 146]
[3709]
[1379]
[145, 146, 3526, 3527]
[145, 146, 3526, 3527]
[606, 1334, 3709]
[1379]
[577, 945, 1235, 1374, 1481, 2194, 2457, 3158]
[3795, 3796]
[947]
[554, 1353, 1522, 2448, 3805]
[3806]
[3536]
[3474]
[3475]
[3476]
[3477]
[3478]
[3479]
[3480]
[3481]
[3482]
[3483]
[1899]
[1897]
[1899]
[686, 687, 690, 691]
[686, 687, 690, 691]
[3878, 3880]
[3484]
[3485]
[1530, 1551, 2311, 3730]
[395, 3467]
[960, 2812, 3407]
[3109]
[212, 966, 1187, 2481]
[369, 1120, 1607, 1637, 1648, 2316, 2469, 3500, 3529]
[3421]
[1140, 2335, 2412, 2437, 2557]
[2355]
[3550]
[232, 623, 1140, 2335, 2557, 3723]
[2455]
[235, 236, 625, 874, 963, 1528, 2045, 2454, 3334, 3348]
[462, 1142, 1188, 2309, 3781]
[505, 2310]
[870, 1307, 2042, 2354, 3409]
[873, 881, 2046, 3159, 3518, 3553, 3558, 3559, 3778, 3788, 3791, 3869, 3894]
[369, 1120, 1607, 1637, 1648, 2316, 2469, 3500, 3529]
[2006, 3775]
[2757, 3497, 3785]
[2455]
[3518, 3788, 3791]
[3520]
[3521]
[3522]
[3523]
[3523]
[3524]
[3525]
[3523]
[3526, 3527]
[609, 962, 983, 1544, 3372]
[870, 1307, 2042, 2354, 3409]
[577, 578, 579, 936, 1480, 1482, 1527, 1549, 1552, 1747, 1976, 2457, 3155, 3169, 3436, 3531, 3532]
[3532]
[3548]
[1262]
[3548]
[3899]
[1966, 1968, 2177, 2182, 3262, 3546, 3833]
[3543, 3545]
[1961, 1964, 2183, 3264, 3544]
[3543, 3545]
[1966, 1968, 2177, 2182, 3262, 3546, 3833]
[3547]
[3548]
[2176, 3549]
[3557, 3870, 3873]
[968]
[237, 566, 569, 882, 1190, 1531, 1534, 1537, 1543, 1577, 2288, 2289, 2290, 2413, 2457, 2757, 2808, 3497, 3498, 3595, 3695, 3728, 3785]
[200, 417, 566, 569, 883, 1190, 1532, 1534, 1537, 1545, 2219, 2291, 2413, 2757, 2808, 3492, 3497, 3499, 3728, 3785]
[1641]
[503, 504, 1657, 1658]
[3563]
[3567]
[3569]
[3570]
[1282, 3487]
[770, 1282, 2057, 2110, 2130, 2540, 3487, 3574]
[3573]
[369, 1120, 1607, 1637, 1648, 2316, 2469, 3500, 3529]
[2470]
[1634]
[1610, 1613, 1660, 2321, 2471]
[3577]
[3578]
[3579]
[3580]
[3581]
[3582, 3591]
[3583, 3584]
[3583, 3584]
[3591]
[3586, 3587]
[3586, 3587]
[3588, 3589]
[3590]
[3582, 3591]
[3592]
[3580]
[3830]
[3830, 3831]
[2609]
[3831]
[3609]
[3610]
[3611]
[3612]
[3269, 3613]
[3614]
[3270, 3615]
[3271, 3616]
[88]
[390]
[390]
[3526, 3527]
[3526, 3527]
[3706, 3708]
[3706]
[3708]
[390, 3438]
[3232]
[38]
[237, 566, 569, 882, 1190, 1531, 1534, 1537, 1543, 1577, 2288, 2289, 2290, 2413, 2457, 2757, 2808, 3497, 3498, 3595, 3695, 3728, 3785]
[395, 871, 2133, 2811, 3467, 3764]
[396, 1306, 1930, 2006, 2133, 2505, 2811, 3764, 3775]
[2658, 2661, 2665, 2668, 3623, 3628, 3631]
[2901, 2950, 3075]
[3625]
[3095, 3624]
[3627]
[2658, 2661, 2665, 2668, 3623, 3628, 3631]
[2915, 2929, 2930, 3690, 3692]
[3626]
[3635, 3636, 3637]
[3635, 3636, 3637]
[3635, 3636, 3637]
[3638]
[3639]
[3640]
[3641]
[3642]
[3626]
[3644]
[3645]
[3646]
[2915, 2929, 2930, 3690, 3692]
[2901, 2934, 2950, 3090, 3091, 3092, 3634, 3643, 3648, 3650]
[3649]
[2901, 2934, 2950, 3090, 3091, 3092, 3634, 3643, 3648, 3650]
[3651]
[2915, 2929, 2930, 2934, 3633, 3634, 3643, 3647, 3652, 3665, 3671, 3677, 3683, 3690, 3692]
[2895, 2943, 2972, 2986, 3021, 3023, 3039, 3068, 3088, 3098, 3632]
[2674, 2902, 2921, 2925, 2926, 2938, 2941, 2944, 2977, 2979, 2995, 2998, 3013, 3016, 3022, 3031, 3034, 3040, 3076, 3084, 3660]
[2675, 3076, 3098]
[3078, 3656, 3662]
[3657, 3663]
[3658]
[3085, 3678]
[3086]
[3060, 3066, 3072, 3661, 3680]
[3662]
[3663]
[3664]
[2915, 2929, 2930, 2934, 3633, 3634, 3643, 3647, 3652, 3665, 3671, 3677, 3683, 3690, 3692]
[2972, 3021, 3039, 3068, 3088, 3632, 3672]
[2967, 2970, 2973, 2977, 2979, 2995, 2998, 3013, 3016, 3031, 3034, 3053, 3654]
[3668]
[3669, 3670]
[2807, 3138, 3799]
[3601]
[554, 1522, 3805]
[3149, 3337, 3351]
[2426, 2877, 3307]
[738, 1208]
[425, 426, 3697, 3698]
[1314, 2890, 3689]
[2915, 2929, 2930, 3690, 3692]
[3691]
[2915, 2929, 2930, 3690, 3692]
[3693]
[3757]
[256]
[3385, 3694]
[3595, 3695]
[3696]
[425, 426, 3697, 3698]
[425, 426, 3697, 3698]
[3699, 3700]
[3699, 3700]
[3701, 3702]
[3701, 3702]
[3703]
[3603, 3704]
[3705]
[3706]
[3707]
[3708]
[3709]
[728]
[878, 1374, 1977, 2194, 2370, 3334, 3348, 3557]
[212, 237, 415, 575, 576, 610, 626, 874, 877, 883, 966, 1187, 1234, 1356, 1383, 1384, 1429, 1528, 1529, 1532, 2450, 2454, 2455, 2456, 2481, 2757, 3302, 3466, 3492, 3496, 3497, 3519, 3594, 3721, 3724, 3766, 3767, 3772, 3782, 3785, 3918]
[625]
[534]
[3811]
[428, 3127]
[529, 530, 860]
[942, 1507]
[25, 1470]
[735]
[422]
[1865]
[3601]
[569, 879, 936, 2413, 2452, 3919]
[2290]
[961, 2192, 2307, 2425, 2493, 2873]
[1547]
[963, 1432, 1546, 3334, 3348]
[1929]
[236, 1432, 1546, 1557, 2292, 3494]
[566, 569, 1190, 1534, 1537, 2413, 2757, 2808, 3497, 3554, 3556, 3728, 3785]
[200, 415, 417, 742, 1345, 2807, 3138, 3300, 3335, 3349, 3554, 3594, 3595, 3695, 3799]
[136]
[137]
[136]
[137]
[2123, 3710]
[1585]
[2842]
[2191]
[2191]
[2828]
[2831]
[2767, 3617]
[2828]
[2829]
[2829]
[2832]
[837]
[3823]
[112]
[112]
[3711]
[3712]
[3713]
[3714]
[3715]
[3716]
[3717]
[3718]
[3719]
[960, 2812]
[21, 461, 562, 875, 1382, 3720]
[968]
[872]
[82, 228, 1287, 2485]
[2157]
[2157]
[1289]
[198]
[570, 879, 1384, 2450, 2451, 3496, 3721, 3767, 3918]
[2482, 2486, 3408]
[2482, 2486, 3408]
[212, 237, 415, 575, 576, 610, 626, 874, 877, 883, 966, 1187, 1234, 1356, 1383, 1384, 1429, 1528, 1529, 1532, 2450, 2454, 2455, 2456, 2481, 2757, 3302, 3466, 3492, 3496, 3497, 3519, 3594, 3721, 3724, 3766, 3767, 3772, 3782, 3785, 3918]
[1237]
[3734]
[3735]
[1252]
[3941]
[3737]
[101]
[3432, 3433]
[2845]
[2607]
[2607]
[1075, 2839]
[1310, 3742]
[2496, 3743]
[399, 2441, 2442, 2816, 3744]
[3745]
[3746]
[3747]
[3748]
[23, 24]
[212, 966, 1187, 1534, 2481, 3728]
[212, 541, 565, 966, 1145, 1187, 2481]
[17, 21, 461, 562, 651, 875, 1382, 1534, 1674, 3720, 3728]
[395, 1290, 1474, 1534, 3467, 3728]
[541, 561, 565, 1145, 1534, 1989, 2025, 3110, 3530, 3728]
[21, 461, 562, 875, 1290, 1382, 1474, 1580, 3720]
[540, 2193]
[1461]
[2483]
[101]
[692, 3757]
[3758]
[3759]
[3760, 3834]
[3761]
[3762]
[1161]
[1960, 1963, 1965, 1967]
[1961, 1964, 2183, 3264, 3544]
[1960, 1963, 1965, 1967]
[1573]
[84, 505, 755, 937, 1157, 2310, 2311, 3172, 3551, 3784]
[1143]
[871]
[542, 1477]
[937, 3774, 3784]
[231, 574, 611, 2452, 3915, 3919]
[1549, 2438, 3155, 3531, 3532, 3789]
[234]
[2218]
[3155]
[234, 570, 577, 1433, 1461, 1480, 1482, 2451, 3170, 3172, 3555, 3777]
[577, 578, 579, 1463, 1868, 2218, 2480, 3493, 3498]
[3778]
[960, 2812]
[21, 461, 562, 875, 1382, 3720]
[1290, 1474]
[3557]
[1422, 3112, 3722, 3768]
[1423]
[1480, 1482, 1527, 1552, 3169, 3436]
[2807, 3138, 3799]
[3792]
[1356, 1853, 2344, 2480, 3302, 3401, 3466]
[1680]
[3469]
[2426]
[2345]
[1863, 1864]
[3344, 3358]
[3806]
[2569]
[420, 421]
[3703]
[2201, 2420]
[2422]
[3752, 3753]
[3752, 3753]
[3752, 3753]
[292, 1369]
[292]
[292, 1954]
[1252]
[3752, 3753]
[292]
[292]
[292]
[3557, 3870, 3873]
[3401]
[3790]
[2355, 3784]
[3558]
[873, 3491, 3559, 3869]
[231, 574]
[3498]
[236, 506, 1462, 1545, 1557, 2438, 3156, 3171, 3532, 3553, 3558, 3789, 3870]
[3808]
[200, 415, 417, 742, 1345, 2807, 3138, 3300, 3335, 3349, 3554, 3594, 3595, 3695, 3799]
[624]
[873, 3869]
[3518, 3788]
[230, 3240]
[82, 200, 228, 417, 870, 872, 883, 1234, 1287, 1307, 1532, 1545, 2042, 2219, 2291, 2354, 2485, 3409, 3492, 3493, 3498, 3499]
[1545]
[547, 1551]
[462, 575, 871, 882, 1142, 1188, 1345, 1422, 1577, 2133, 2219, 2309, 2811, 3112, 3300, 3335, 3349, 3554, 3556, 3722, 3764, 3768, 3781]
[2807, 3138, 3799]
[3429]
[3345, 3346, 3359, 3360, 3699, 3700]
[3806]
[3816]
[3817]
[3818, 3819]
[3818, 3819]
[3816]
[3820]
[3816]
[3817]
[3816]
[3823]
[81, 958, 1533, 1675, 2005, 3779, 3824]
[3825]
[3826]
[3827]
[1147, 1199, 2160, 2162, 3362]
[26, 51, 52, 65, 132, 832, 891, 1003, 1006, 1017, 1078, 1095, 1096, 1368, 1616, 1618, 1620, 1622, 1731, 1979, 1980, 1981, 1982, 2111, 2114, 2115, 2164, 2199, 2203, 2229, 2777, 2778, 3100, 3363, 3364]
[26, 51, 52, 65, 132, 832, 891, 1003, 1006, 1017, 1078, 1095, 1096, 1368, 1616, 1618, 1620, 1622, 1731, 1979, 1980, 1981, 1982, 2111, 2114, 2115, 2164, 2199, 2203, 2229, 2777, 2778, 3100, 3363, 3364]
[3828]
[1355]
[1346]
[3896]
[1358]
[3832]
[1966, 1968, 2177, 2182, 3262, 3546, 3833]
[3760, 3834]
[755]
[20]
[2044, 3532, 3783, 3894]
[874, 881, 1479, 2454, 3159, 3731]
[1373, 2412, 2809, 3732]
[755, 937, 2817, 3518, 3551, 3788]
[237]
[577, 578, 579, 1543, 2452]
[577, 3417, 3493]
[1191, 1308, 2873, 3559, 3870]
[3554]
[17, 651, 1674]
[3786]
[2136]
[433, 2139, 3160]
[1917]
[545]
[1938, 2504]
[546]
[2515]
[1992]
[2355]
[569, 625, 879, 1203, 2413, 2457, 3421, 3491]
[232, 623, 1140, 2335, 2557, 3723]
[2006, 3775]
[1423, 2044]
[1929]
[1543]
[236, 1432, 1546, 1557, 2292, 3494]
[880, 1535, 3435]
[1510]
[962, 983]
[2478, 3841, 3842]
[2478, 3841, 3842]
[2299, 2717, 3843, 3844]
[2299, 2717, 3843, 3844]
[1089]
[1131]
[2775]
[811]
[979]
[813]
[814]
[815]
[3856]
[3857]
[17, 19, 82, 213, 228, 231, 368, 395, 396, 542, 550, 561, 574, 651, 1144, 1287, 1306, 1356, 1477, 1548, 1674, 1930, 1951, 1989, 2025, 2041, 2133, 2289, 2485, 2505, 2808, 2811, 3110, 3302, 3466, 3467, 3530, 3595, 3695, 3729, 3764]
[561, 1989, 2025, 3110, 3530]
[703]
[3868]
[235, 236, 625, 874, 1374, 1479, 2045, 2194, 2454, 2455, 3158]
[82, 200, 228, 417, 870, 872, 1234, 1287, 1307, 2042, 2354, 2485, 3409, 3498, 3554, 3556, 3873]
[136]
[137]
[3877]
[3878]
[3879]
[3880]
[3881]
[3889]
[2390]
[797, 803]
[1609, 1612, 1654, 1659, 2281]
[376]
[40]
[1400]
[514]
[2178, 2423]
[3432, 3433]
[3893]
[569, 2413]
[624]
[884, 946]
[3157, 3490, 3920]
[506, 3171, 3558]
[3786]
[3838]
[1973]
[3900]
[134, 3810]
[135, 3811]
[662]
[134, 3810]
[662]
[663]
[2058]
[2059]
[2060]
[3613]
[3265]
[3609]
[3610]
[3611]
[3265]
[3614]
[3616]
[3904]
[3910]
[3910]
[3904]
[230, 480, 728, 1536, 2538, 3240]
[480, 2538]
[230, 1536]
[3914]
[872, 1463, 1868, 2218, 2452, 2480, 3493, 3919]
[2217]
[2218]
[577, 578, 579, 876, 1520, 1853]
[1424, 2290, 3792]
[3922]
[3926]
[3927, 3928]
[3927, 3928]
[3923]
[1913, 3876, 3912]
[3926]
[3924, 3925]
[3924, 3925]
[3929]
[3935]
[3930]
[3931]
[3932]
[3933]
[3935]
[3935]
[3936]
[2641]
[712, 713, 716, 717]
[712, 713, 716, 717]
[3618]
[2767, 3617]
[3618]
[3938]
[2641]
[712, 713, 716, 717]
[712, 713, 716, 717]
[3941]
[3940]
[3942]
[3943]
[3944]
[3944]
[272, 641, 3197]
[1252]
[3752, 3753]
[292]
[292]
[1355]
[1346]
[998, 3896]
[1427, 2477, 3261, 3263, 3950]
[3951]
[3952]
[292]
[292]
[292]
[292]
[292]
[292]
[292]
[292]
[292]
[292]
[292]
[292]
[363, 2554]
[3953]
[2636]
[161]
[789, 3899]
[162]
