[3125]
[8]
[9]
[10]
[11]
[2383]
[14]
[15]
[16]
[3051]
[458]
[254, 456, 457]
[264, 2880, 2920]
[1146]
[920]
[1152, 1156, 1863]
[1598]
[811]
[810, 812]
[810, 812]
[810, 812]
[811]
[4510]
[1672]
[1672]
[401]
[1720]
[2512]
[1029, 1030]
[30]
[31]
[32]
[33]
[920, 921]
[921]
[920, 921]
[920, 921]
[921]
[920]
[920, 921]
[35]
[47]
[1714, 3784]
[48]
[53]
[47]
[5142]
[1365]
[3159, 4982]
[59]
[60]
[1720]
[1720]
[61]
[62, 4422, 4449]
[63, 4453]
[3632]
[2920, 5127]
[458]
[59]
[1162, 4699]
[1283]
[1283]
[2984]
[2809]
[1720]
[91]
[116]
[93]
[1470]
[91]
[97, 98]
[97, 98]
[97, 98]
[91]
[99]
[92]
[117]
[101]
[102]
[810]
[810, 812]
[812]
[811, 813]
[811, 813]
[103, 406, 842, 3184]
[4961]
[4961]
[448, 3728]
[458]
[2306]
[2306]
[110]
[111]
[110]
[113, 114]
[113, 114]
[113, 114]
[93]
[116]
[117]
[1598]
[895]
[5011]
[5011]
[134]
[146]
[2414]
[2414]
[254]
[1113, 2413, 3806, 5210, 5212]
[921]
[255]
[920]
[256]
[256]
[256]
[921]
[921]
[921]
[1520, 1521, 5116, 5117]
[1520, 1521, 5116, 5117]
[1255]
[3065]
[458]
[5132]
[267, 268]
[267, 268]
[2950, 2951]
[2950, 2951]
[3065]
[1171, 3742, 3745, 3747]
[1720]
[1440]
[300]
[301]
[469, 470, 474, 475, 1589, 1590]
[915, 916, 917, 918, 919]
[3872, 3873]
[3170, 3171, 3872]
[3872, 3873]
[3872, 3873]
[3872, 3873]
[1390, 5098, 5099, 5101]
[2143, 2144]
[461]
[461]
[920]
[461]
[461]
[915, 916, 917, 918, 919, 921, 4860]
[915, 916, 917, 918, 919]
[2430]
[5151]
[3125]
[377]
[367, 4569, 4571, 5094]
[368, 369, 4570, 4572]
[368, 369, 4570, 4572]
[370]
[5134]
[395]
[396]
[25, 302, 1466, 1467]
[397]
[920, 921]
[921]
[915, 916, 917, 918, 919]
[921]
[401]
[3158, 3804, 5180]
[2239]
[1598]
[4546]
[4645]
[4644, 4645]
[1120, 1712, 3282, 3791]
[1120, 1712, 3282, 3791]
[493]
[5012]
[1120, 1712, 1715, 3282, 3787, 3791]
[5195]
[1822, 1823, 5195]
[62, 4422, 4449]
[3702]
[4488]
[4805, 5033]
[407]
[408]
[409]
[399]
[3191, 3192]
[3191, 3192]
[606, 4558]
[3191, 3192]
[3191, 3192]
[643]
[3285]
[540]
[3209]
[812]
[3285]
[454, 455, 2918, 2919]
[920]
[920]
[920]
[920]
[458]
[4810]
[4811, 4939]
[1096]
[2411, 2412]
[810, 812]
[810, 812]
[1705, 1709]
[761]
[761]
[270, 4655]
[2115]
[3951, 4100, 4260]
[891]
[5033]
[3731]
[276, 2115]
[276, 2115]
[401]
[948, 955, 977, 992, 1000, 1759]
[302]
[812]
[813]
[812]
[810, 812]
[810]
[810, 812]
[811]
[810, 812]
[810]
[810, 812]
[5114, 5115]
[5114, 5115]
[1255]
[3065]
[448]
[451, 452, 453]
[450]
[631, 638]
[2950, 2951]
[2950, 2951]
[2947]
[1598]
[5011]
[5011]
[121, 132, 3276, 3278]
[3072]
[5011]
[417, 1598, 4482]
[1597, 3631]
[1627]
[441, 442, 466, 467, 4997, 4998]
[441, 442, 466, 467, 4997, 4998]
[672, 2800]
[5085]
[4902, 4908]
[476, 1591]
[509, 3072, 4558]
[1698]
[1698]
[5007]
[5007]
[401]
[59]
[2512]
[1470]
[1470]
[59]
[2338]
[3632]
[1875, 1886]
[2394, 2395, 2400, 2401, 2402, 2403]
[2396, 2397, 2402, 2403]
[2392, 2393, 2402, 2403]
[2398, 2399, 2402, 2403]
[2394, 2395]
[2400, 2401]
[2396, 2397]
[2392, 2393, 2402, 2403]
[2398, 2399]
[507]
[1067]
[505]
[2975]
[1385, 1386, 1588, 2981, 5206]
[460, 2181, 2183, 2189, 2191, 2193, 2195, 2274, 2276]
[510]
[511]
[270, 4655]
[2115]
[2433, 2437, 4390, 4885]
[4321, 4324, 4337, 4340]
[3972, 4107, 4121, 4136, 4150, 4168]
[761]
[1496]
[2115]
[1185]
[1187]
[794]
[915, 916, 917, 918, 919]
[920]
[1470]
[1470]
[534]
[537, 1192, 2992, 2993, 2994, 2995, 2996, 4979]
[1192]
[2992]
[540]
[1222, 1223]
[1268, 1344, 1483, 4986]
[541]
[5012]
[5114, 5115]
[5114, 5115]
[1029, 1030]
[1029, 1030]
[1029, 1030, 2872, 2873]
[1029, 1030, 2872, 2873]
[2872, 2873]
[2872, 2873]
[2872, 2873]
[2872, 2873]
[1653, 1654, 1655, 1656]
[1653, 1654, 1655, 1656]
[14]
[14]
[1653, 1654, 1655, 1656]
[1653, 1654, 1655, 1656]
[2872, 2873]
[2872, 2873]
[1699]
[494]
[494]
[3143]
[494]
[494]
[794]
[583]
[584]
[1713, 3281]
[585]
[1698, 1714, 3784]
[587]
[1598, 3632]
[1470]
[2502]
[590]
[3280]
[60]
[4723]
[3632]
[59]
[606]
[810, 811, 812, 813, 4978]
[416, 606, 4780]
[5093]
[127]
[401]
[1487]
[4810]
[2292]
[810, 812]
[810, 811, 812]
[811]
[812]
[810, 812]
[810, 812]
[853]
[853]
[401]
[569, 1735, 1739, 1746, 1747, 1748, 1749, 3181, 4770]
[4772]
[40, 41, 821, 822, 3702]
[40, 41, 821, 822, 3702]
[1406]
[4772]
[3404]
[376, 4835]
[376, 4835]
[417]
[5108]
[1598]
[3273, 3283]
[920]
[4859]
[4859]
[2245]
[4859]
[810, 812]
[810, 812]
[4968]
[1138]
[1672]
[4968]
[2298]
[1672]
[1904]
[4680]
[926, 927]
[926, 927]
[926, 927]
[448]
[448]
[448]
[926, 927]
[926, 927]
[926, 927]
[812]
[810]
[810]
[812]
[872, 1828]
[949, 956, 963, 970, 978, 985, 993, 1001]
[1598]
[1598]
[458]
[2309]
[4731]
[1714, 3784]
[1714, 3784]
[645]
[647]
[62, 4422, 4449]
[62, 4422, 4449]
[647]
[648]
[1448, 5044]
[946, 953, 961, 968, 975, 983, 990, 998]
[4977]
[1759]
[1739]
[649]
[811]
[811]
[811]
[811]
[4510]
[3065, 4375]
[664]
[2950, 2951]
[2950, 2951]
[2947, 2953]
[4510]
[3065, 4375]
[664]
[2950, 2951]
[2950, 2951]
[2947, 2953]
[78, 252, 439, 1648, 1893, 2794, 3139, 3870, 3871, 4438, 4513, 4517, 4520, 4554, 4559, 4561, 4563, 5013, 5155, 5158, 5204, 5205]
[668]
[1470]
[933, 934]
[933, 934]
[671]
[811]
[810, 812]
[1653, 1654, 1655, 1656]
[1653, 1654, 1655, 1656]
[466, 467, 2863, 2864]
[466, 467, 2863, 2864]
[678]
[680]
[1739]
[469, 470, 474, 475, 1589, 1590, 2972]
[469, 470, 474, 475, 1589, 1590, 2972]
[469, 470, 474, 475, 1589, 1590]
[469, 470, 474, 475, 1589, 1590]
[1598]
[1207, 1375, 1468, 1476]
[2546]
[2546]
[2546]
[2546]
[813]
[810, 812]
[690, 691]
[690, 691]
[270, 4655]
[761]
[1503, 3723]
[270, 4655]
[2110]
[78, 79, 252, 1648, 2794, 3139, 4554, 4559, 4561, 4563, 5013, 5155, 5158, 5205]
[22, 1741, 3216, 3838, 4632]
[276, 2115]
[276, 2115]
[2115]
[4412]
[2283, 2284]
[2283, 2284]
[1207, 1375, 1468, 1476]
[4762, 4765, 4814, 4817]
[3285]
[5122]
[4927]
[4927]
[4927]
[4927]
[810, 812]
[811, 812, 813]
[459, 460, 461, 462]
[459, 460, 461, 462]
[3749]
[4511]
[401]
[4772]
[2430]
[2298]
[3408]
[3408]
[5092]
[569, 1735, 1746, 1747, 1748, 1749, 4770]
[59]
[2817]
[1365]
[1365]
[3720, 3721]
[1741, 3216, 3218, 4632, 4634]
[1511]
[2339, 2340]
[810]
[62, 4422, 4449]
[1598]
[1598]
[4723]
[537, 812, 1192, 2994, 2995, 2996]
[2348]
[4945]
[4514]
[447, 2901, 2921]
[810]
[810, 812]
[4978]
[812]
[810]
[812]
[1369, 1744]
[1706, 3179, 5089]
[4772]
[1676, 1677]
[810]
[810]
[811]
[810, 812]
[1448, 5044]
[1672]
[3771, 4344]
[3065]
[2305]
[2302, 3808]
[872, 1113, 1120, 1698, 1712, 1713, 1714, 1715, 1828, 2413, 3281, 3282, 3784, 3787, 3791, 3806, 3807, 5210, 5212]
[872, 1113, 1120, 1698, 1712, 1713, 1714, 1715, 1828, 2413, 3281, 3282, 3784, 3787, 3791, 3806, 3807, 5210, 5212]
[4514]
[4514]
[810]
[811]
[810, 811, 812]
[810, 812]
[810]
[812]
[258, 259, 2874, 2875]
[258, 259, 2874, 2875]
[810, 812]
[811, 813]
[2348]
[1466, 1467]
[2348]
[810, 812]
[810, 812]
[810]
[811, 813]
[813]
[813]
[2348]
[3150]
[1470]
[406, 416, 4780]
[1470]
[775]
[775]
[818]
[4454]
[59]
[269]
[794]
[780]
[59]
[5200]
[1470]
[5200]
[4849]
[481, 4850]
[796]
[800]
[920]
[920, 921]
[921]
[913, 914, 915, 916, 917, 918, 919, 2392, 2393, 2394, 2395, 2396, 2397, 2398, 2399, 2400, 2401, 2402, 2403]
[921]
[915, 916, 917, 918, 919]
[920, 921]
[803]
[810, 811, 812]
[812]
[812]
[4377]
[5093]
[2959]
[3712, 3714]
[3751, 3752]
[806]
[809]
[809]
[3712, 3714]
[810, 812]
[812]
[810, 812]
[811]
[810, 812]
[810, 812]
[1297]
[2291]
[1448]
[1706, 2303, 3177, 3178, 5087]
[1707]
[825]
[826]
[4772]
[401]
[2301]
[828]
[829]
[830]
[1470]
[1470]
[835]
[836]
[541]
[841]
[1289, 1377, 1469, 1470, 1477, 2522, 2531]
[840]
[118]
[541]
[1470]
[811]
[814]
[818, 819, 3118, 3119, 4469, 4474, 5089]
[458]
[458]
[458]
[458, 3632]
[1759]
[1142, 1160]
[4510]
[4510]
[862]
[863]
[869]
[1390, 5098, 5099, 5101]
[871]
[3744, 3748]
[874]
[873]
[3866]
[885, 3749]
[794]
[794]
[794]
[4744, 4824]
[5081, 5082]
[885]
[886]
[887]
[1283]
[625]
[3632]
[294, 295]
[376, 4835]
[3728]
[2143, 2144]
[2143, 2144]
[4835]
[3632]
[2143, 2144]
[2143, 2144]
[1598]
[121, 132, 3276, 3278]
[920]
[913]
[914]
[915]
[916]
[917]
[918]
[919]
[810, 812]
[810, 811, 812]
[406]
[2959]
[3134]
[366]
[2959]
[1406]
[1672]
[3728]
[460]
[460]
[4860]
[3728]
[458, 459, 460, 461, 462]
[458, 459, 460, 461, 462]
[4859]
[459, 462, 2573, 2574]
[1289, 1377, 1469, 1477, 2522, 2531]
[5128]
[931]
[5099, 5100]
[3131]
[3131]
[62, 4422, 4449]
[875]
[810]
[813]
[810, 812]
[811]
[567, 943, 950, 957, 965, 972, 979, 987, 994, 1393, 5084]
[3815]
[1255, 2946, 2952]
[946, 953, 961, 968, 975, 983, 990, 998]
[5183]
[4376]
[401]
[2304]
[2304]
[2838]
[812]
[3220]
[3065]
[3181]
[3632]
[942]
[3632]
[3632]
[3632]
[3632]
[819]
[944, 945, 951, 952, 966, 967, 973, 974, 988, 989]
[915, 916, 917, 918, 919]
[811, 813]
[794]
[872, 1113, 1828, 2413, 3806, 4373, 5210, 5212]
[1024]
[1021]
[1022]
[673]
[673]
[4772]
[1598]
[920]
[920]
[920]
[1049]
[1050]
[1207, 1375, 1468, 1476]
[1333]
[1333]
[78, 79, 252, 1648, 2794, 3139, 4554, 4559, 4561, 4563, 5013, 5155, 5158, 5205]
[1057, 1058, 1059, 1060]
[1057, 1058, 1059, 1060]
[1057, 1058, 1059, 1060]
[1057, 1058, 1059, 1060]
[1061, 1062]
[1061, 1062]
[1063, 1064]
[1063, 1064]
[1063, 1064]
[1063, 1064]
[1067]
[1270, 3100]
[1270, 3100]
[1559]
[1071]
[1932]
[1074]
[1075]
[1076]
[1077]
[1078]
[4412]
[1080]
[1082, 1088]
[1081, 1087]
[1083, 1084, 1089, 1090]
[1083, 1084, 1089, 1090]
[1085, 1091]
[1086, 1092, 5104, 5107]
[1082, 1088]
[1081, 1087]
[1083, 1084, 1089, 1090]
[1083, 1084, 1089, 1090]
[1085, 1091]
[1086, 1092, 5104, 5107]
[1365]
[35]
[1422, 1426, 2295, 2296, 2297]
[35]
[1699]
[3159, 3166]
[2380, 2383, 3161]
[1093]
[1094]
[3151, 3152]
[1096]
[889]
[3749]
[3749]
[1112]
[1114]
[1115]
[1114]
[1121]
[3749]
[1105, 3749]
[1426]
[1426]
[1720]
[1152, 1156, 1863]
[1140, 1150]
[1141]
[913, 914, 915, 916, 917, 918, 919, 921, 2392, 2393, 2394, 2395, 2396, 2397, 2398, 2399, 2400, 2401, 2402, 2403, 4860]
[1142, 1160]
[1143]
[1144]
[1145]
[1146]
[4687]
[1152, 1156, 1863]
[1145]
[891]
[948, 955, 977, 992, 1000, 4771]
[1861, 1965, 1966, 1967]
[2869, 2870]
[2229, 2230]
[891]
[2229, 2230, 2838]
[1861, 1965, 1966, 1967]
[556, 2899, 2900, 2920, 5005, 5006, 5127]
[948, 955, 977, 992, 1000, 4771]
[1152, 1156, 1863]
[1157]
[1159]
[1142, 1160]
[1146]
[1157]
[1146]
[1716, 3268, 3269, 3271, 3291]
[2845]
[920]
[920]
[1165]
[1168]
[1168]
[408]
[812]
[812]
[812]
[810]
[810, 812]
[811]
[810]
[812]
[812]
[813]
[14, 810, 811, 812]
[813]
[810, 812]
[810, 812]
[811, 813]
[1189]
[1191]
[4979]
[2992, 2995]
[1192, 2992]
[1222, 1223]
[1720]
[1196]
[1199]
[1195, 1196, 1197, 1199, 1201]
[1199]
[1197, 1203]
[1207, 1375, 1468, 1476]
[2497]
[1441]
[2499]
[1211, 1293, 1380, 1480, 2538]
[1507]
[3155, 3158]
[3150]
[3155, 3158]
[1222, 1223]
[3155, 3158]
[1222, 1223]
[1211]
[810, 811, 812]
[673, 4644]
[2800, 3177, 3829, 3831, 3832, 3834, 3835, 4767, 5039, 5087]
[5041]
[855]
[1592]
[872, 1714, 1828, 3784]
[1398]
[1714, 3784]
[49, 50]
[5042]
[5043]
[677, 4371, 5087]
[5043]
[853]
[3150]
[1592]
[1672]
[448]
[1404]
[4053, 4901, 4907]
[1113, 1698, 2413, 3806, 4373, 5210, 5212]
[1229]
[1355, 1356]
[1222, 1223]
[810, 811, 812]
[810, 812]
[811, 813]
[810, 812]
[4646, 4804]
[1734, 4769]
[567, 943, 950, 957, 965, 972, 979, 987, 994, 1393, 5084]
[571, 3241, 3242]
[1739]
[1514]
[810]
[811, 813]
[1714, 3784]
[3134]
[1714, 3784]
[1714, 3784]
[4772]
[958, 959, 960, 980, 981, 982, 995, 996, 997]
[4679]
[1592]
[1714, 3784]
[3759, 3760]
[4860]
[810, 812]
[810, 812]
[810, 812]
[813]
[810, 811, 812, 813]
[810, 812]
[810, 812]
[4982]
[810, 812]
[811]
[810, 812]
[810, 812]
[1237, 1239]
[1238]
[1237, 1239]
[1211, 1282]
[1207, 1375, 1468, 1476]
[1242]
[1211, 2538]
[1211]
[3151]
[35]
[810, 812]
[810, 811, 812, 813]
[810, 812]
[810, 811, 812, 813]
[810, 812]
[946, 953, 961, 968, 975, 983, 990, 998, 1113, 2413, 3806, 3807, 5210, 5212]
[1406]
[1406]
[3134]
[1406]
[1243]
[1211]
[3285]
[5128]
[1442]
[1442]
[1448, 5044]
[4772]
[458]
[1739]
[5157]
[5157]
[2301]
[1720]
[1269]
[1270, 3100]
[1720]
[1507]
[2517, 2534, 2538]
[5128]
[3224]
[2920, 5127]
[59]
[1470]
[3872, 3873]
[59]
[59]
[1720]
[1281]
[1211]
[1283]
[1284]
[701, 703, 1286]
[3150]
[1507]
[3155]
[3150]
[1211]
[251, 1294]
[78, 79, 252, 1648, 2794, 3139, 4554, 4559, 4561, 4563, 5013, 5155, 5158, 5205]
[1296]
[3150]
[1297]
[1298]
[1299]
[1300, 1301]
[1300, 1301]
[460]
[1302, 1515]
[1303]
[1304]
[1392]
[1392]
[1392]
[1392]
[2845]
[3748]
[4965]
[4965]
[1598]
[1598]
[124]
[1207, 1375, 1468, 1476]
[570]
[3159]
[1340]
[1341, 4985, 4991]
[1341, 4985, 4991]
[1343]
[1268, 1344, 1483, 4986]
[1892, 3156, 3159, 3166, 3168, 4982]
[3161]
[3285]
[644]
[1350]
[1284]
[77, 2984]
[1284]
[644]
[1350]
[2984]
[2554]
[1345]
[1873, 5197]
[1465]
[3632]
[1598]
[1348]
[1720]
[1349, 1352]
[3810]
[1350]
[1873]
[1368]
[3285]
[1351]
[1067]
[1390, 5097, 5098, 5099, 5100, 5101]
[1390, 5097, 5098, 5099, 5100, 5101]
[1096]
[810, 811, 812, 813]
[2902, 2903]
[4382]
[3285]
[3133]
[1720]
[1720]
[1355, 1356]
[1355, 1356]
[1873, 5197]
[1284]
[644]
[1350]
[1699]
[1368]
[2546]
[1357]
[1368]
[3285]
[1284]
[3157]
[1507]
[3155, 3158, 5180]
[1441]
[1365]
[1366]
[1367]
[1368]
[4981]
[4981]
[810, 811, 812]
[1192]
[537, 1192, 2992, 2993, 2994, 2995, 2996]
[537, 1192, 2992, 2993, 2994, 2995, 2996, 4979]
[4978]
[2992]
[1207, 1375, 1468, 1476]
[1507]
[2538]
[1206]
[1195, 1198]
[1202]
[1200]
[1382]
[3193]
[1384]
[2309]
[78, 79, 252, 1648, 2794, 3139, 4554, 4559, 4561, 4563, 5013, 5155, 5158, 5205]
[2983]
[78, 79, 252, 1648, 2794, 3139, 4554, 4559, 4561, 4563, 5013, 5155, 5158, 5205]
[810]
[811, 813]
[810, 812]
[811]
[810, 812]
[810]
[810, 812]
[3166]
[4511]
[2298, 2316]
[4512]
[3065]
[3133]
[1390, 5098, 5099]
[3159, 4982]
[1391]
[811]
[811]
[1675, 2959]
[401]
[3817]
[35]
[805, 809]
[1207, 1375, 1468, 1476]
[15]
[4778]
[4777]
[4777]
[1418]
[1284]
[1365]
[1096]
[78, 79, 252, 1648, 2794, 3139, 4554, 4559, 4561, 4563, 5013, 5155, 5158, 5205]
[1895]
[78, 79, 252, 1648, 2794, 3139, 4554, 4559, 4561, 4563, 5013, 5155, 5158, 5205]
[1177]
[1177]
[1096]
[1096]
[1895]
[1096]
[872, 1598, 1828]
[872, 1828]
[872, 1828]
[872, 1598, 1828]
[78, 79, 252, 1648, 2794, 3139, 4554, 4559, 4561, 4563, 5013, 5155, 5158, 5205]
[1426]
[810, 812]
[810, 812]
[810, 811, 812, 813]
[812]
[812]
[898]
[3065]
[898]
[401]
[947, 954, 969, 976, 991, 1675, 2959]
[1366, 2343, 3360, 3400]
[1283]
[3166]
[1427]
[1428]
[810, 811, 812]
[810, 812]
[5093]
[946, 953, 961, 968, 975, 983, 990, 998]
[1113, 1698, 2413, 3806, 5210, 5212]
[1113, 1698, 2413, 3806, 5210, 5212]
[401]
[401]
[4723]
[4723]
[4772]
[3065]
[78, 79, 252, 1648, 2794, 3139, 4554, 4559, 4561, 4563, 5013, 5155, 5158, 5205]
[400]
[1507]
[1438, 1439]
[1438, 1439]
[1433, 1434]
[2513]
[1438, 1439]
[1438, 1439]
[1438, 1439, 2468, 2469]
[1440]
[2517]
[2305]
[2539]
[1873]
[1438, 1439, 2468, 2469]
[1440]
[812]
[810, 812]
[810, 811, 812]
[812]
[813]
[813]
[811, 813]
[813]
[1873, 5197]
[3197]
[1376]
[2995]
[537, 1192, 2992, 2994, 2995, 2996]
[2996]
[1450]
[2300]
[4965]
[1672]
[2300, 2301]
[4965]
[4965]
[2464]
[1195, 1197, 1200, 1203]
[3285]
[1073]
[1195, 1200, 1201]
[1195, 1200, 1201]
[1073]
[1197]
[3285]
[2298]
[2298]
[1021]
[1464]
[1465]
[1073]
[1073]
[915, 916, 917, 918, 919]
[1440]
[1440]
[1284]
[1284]
[1507]
[1438, 1439]
[1438, 1439]
[1441, 2517]
[1207, 1375, 1468, 1476]
[1284]
[1284]
[1507]
[2309]
[1207, 1375, 1468, 1476]
[5081]
[1195, 1196, 1198, 1201]
[1270]
[1268, 1344, 1483, 4986]
[812]
[1170]
[1672]
[810, 812]
[872, 1698, 1828]
[872, 1698, 1828]
[1701]
[1904]
[920]
[920]
[921]
[920]
[920]
[920]
[920]
[1487]
[1488]
[1487]
[1488]
[810, 812]
[812]
[812]
[812]
[4978]
[1492]
[1873]
[1073]
[1493, 3397, 3926, 4940]
[2392, 2393, 2394, 2395, 2396, 2397, 2398, 2399, 2400, 2401, 2402, 2403]
[1495]
[1497]
[1498]
[1499, 4397, 4400]
[1500]
[1501]
[1502]
[1504]
[1503]
[1503]
[1503]
[1504]
[3723]
[1504]
[1508]
[1509]
[1270, 3100]
[1514]
[915, 916, 917, 918, 919]
[607]
[1390, 2817, 5098, 5099]
[1519]
[78, 79, 252, 1648, 2794, 3139, 4554, 4559, 4561, 4563, 5013, 5155, 5158, 5205]
[1529, 1531]
[1529, 1531]
[1534]
[1535]
[1536]
[1538]
[810]
[15]
[3065]
[448, 3728]
[1404, 2293]
[4811, 4939]
[1592, 2908]
[2960]
[3065]
[4811, 4939]
[810, 811, 812]
[810, 812]
[2292]
[2921]
[4931]
[4511]
[3065, 4375]
[1120, 1712, 3282, 3791]
[2418]
[2847]
[2418]
[3920, 3921]
[1641]
[1720]
[2464]
[1299]
[399]
[4806]
[811]
[811]
[78, 79, 252, 1648, 2794, 3139, 4554, 4559, 4561, 4563, 5013, 5155, 5158, 5205]
[5081, 5082]
[1698]
[1698]
[448]
[78, 79, 252, 1648, 2794, 3139, 4554, 4559, 4561, 4563, 5013, 5155, 5158, 5205]
[3734, 3738]
[811]
[812]
[810, 812]
[3834]
[816]
[3051]
[1574]
[1575]
[1576]
[1470]
[1575]
[1580, 1581]
[2872, 2873]
[2872, 2873]
[5081, 5082]
[469, 470, 474, 475, 1589, 1590]
[469, 470, 474, 475, 1589, 1590]
[476, 1591]
[1592]
[1470]
[1289, 1377, 1469, 1470, 1477, 2522, 2531]
[1197, 1203, 1206]
[644]
[2308]
[2869, 2870]
[4711, 4712]
[1601]
[1601]
[3820]
[1604]
[5151]
[1601]
[493]
[794]
[3827, 3828]
[794]
[794]
[606, 1410, 2933, 3162, 3249, 3251, 3253, 3255]
[1470]
[458, 1676, 1677, 2960]
[810, 812]
[811, 813]
[813]
[810, 811, 812]
[78, 79, 252, 1648, 2794, 3139, 4554, 4559, 4561, 4563, 5013, 5155, 5158, 5205]
[78, 79, 252, 1648, 2794, 3139, 4554, 4559, 4561, 4563, 5013, 5155, 5158, 5205]
[78, 79, 252, 1648, 2794, 3139, 4554, 4559, 4561, 4563, 5013, 5155, 5158, 5205]
[810, 812]
[810, 811, 812, 813]
[812]
[810]
[813]
[1448, 5044]
[1672]
[1672]
[1628]
[1628]
[1629]
[1629]
[1759]
[2292]
[3022]
[78, 79, 252, 1648, 2794, 3139, 4554, 4559, 4561, 4563, 5013, 5155, 5158, 5205]
[1631, 1632]
[78, 79, 252, 1648, 2794, 3139, 4554, 4559, 4561, 4563, 5013, 5155, 5158, 5205]
[1631, 1632]
[78, 79, 252, 1648, 2794, 3139, 4554, 4559, 4561, 4563, 5013, 5155, 5158, 5205]
[1637]
[2975]
[78, 79, 252, 1648, 2794, 3139, 4554, 4559, 4561, 4563, 5013, 5155, 5158, 5205]
[1620]
[2975]
[3141]
[1641]
[1640, 1642]
[673]
[1329]
[872, 1828, 2946, 2952]
[2880, 2920]
[811]
[811, 813]
[812]
[811]
[1675, 2959]
[1698, 1715, 3787]
[1698, 1715, 3787]
[3853]
[2229, 2230]
[401]
[429]
[429]
[39, 2871, 3840, 3851, 3862, 4553]
[810, 812]
[811]
[811]
[812]
[812]
[811]
[811, 813]
[813]
[811, 812, 813]
[258, 259, 2863, 2864, 2874, 2875]
[258, 259, 2863, 2864, 2874, 2875]
[258, 259, 2863, 2864, 2874, 2875]
[258, 259, 2863, 2864, 2874, 2875]
[5114, 5115]
[5114, 5115]
[1649, 1650]
[1649, 1650]
[1649, 1650]
[1649, 1650]
[1029, 1030]
[1029, 1030]
[810, 811, 812]
[1029, 1030]
[1029, 1030]
[1029, 1030]
[258, 259, 2863, 2864, 2874, 2875]
[258, 259, 2863, 2864, 2874, 2875]
[1520, 1521, 5116, 5117]
[1520, 1521, 5116, 5117]
[260, 261, 262, 263, 4356, 4357, 4358, 4359]
[260, 261, 262, 263, 4356, 4357, 4358, 4359]
[260, 261, 262, 263, 4356, 4357, 4358, 4359]
[260, 261, 262, 263, 4356, 4357, 4358, 4359]
[571]
[1673]
[1255]
[2902, 2903]
[2299]
[1682]
[1682]
[1699]
[1368]
[1696]
[1699]
[1350]
[1350]
[810]
[2176, 2513]
[3065]
[4810]
[62, 4422, 4449]
[2308]
[2411, 2412, 2890]
[811]
[810, 812]
[810, 812]
[813]
[810, 812]
[810, 812]
[810, 812]
[810, 812]
[14, 810, 811, 812]
[812]
[812]
[814]
[872, 1120, 1712, 1828, 3282, 3791]
[920]
[4678]
[4678]
[810, 812]
[810, 811, 812, 813]
[810]
[810]
[810]
[810]
[811, 813]
[810, 812]
[810]
[811]
[241, 1979]
[3065, 4375]
[3221]
[4930]
[810]
[820]
[640, 642, 1033]
[2430, 4701]
[625]
[4932]
[4933]
[4934]
[4935]
[2316, 3704, 4936]
[4937]
[3183]
[1672]
[4679]
[2902, 2903]
[1284]
[2975]
[3224]
[1821]
[1284]
[810, 812]
[810, 812]
[810, 811, 812]
[810, 811, 812]
[812]
[35]
[35]
[481, 482, 4849, 4850]
[920]
[920]
[921]
[915, 916, 917, 918, 919]
[1470]
[3150]
[1821]
[1824]
[1799, 1807, 1809, 1811, 2007, 2010, 2012, 2014, 2017, 2020, 2066, 2071, 2073]
[2637, 2653, 2656, 2672]
[1507]
[1217, 1218]
[1217, 1218]
[1222, 1223]
[1837, 1951]
[1507]
[1217, 1218]
[1222, 1223]
[1222, 1223]
[1846, 1960]
[1847, 2431]
[1848]
[810, 811, 812]
[4797]
[946, 953, 961, 968, 975, 983, 990, 998, 4375]
[1716, 3268, 3269, 3271, 3291, 4811, 4939]
[4797]
[946, 953, 961, 968, 975, 983, 990, 998, 4375]
[1716, 3268, 3269, 3271, 3291, 4811, 4939]
[1851]
[1934]
[1720]
[1219, 1220, 1224, 1225, 1361, 1362, 1385, 1386, 1588, 1834, 1835, 1843, 1844, 1905, 1906, 1948, 1949, 1957, 1958, 2981, 3717, 3718, 5206]
[1720]
[1934]
[1720]
[1219, 1220, 1224, 1225, 1361, 1362, 1385, 1386, 1588, 1834, 1835, 1843, 1844, 1905, 1906, 1948, 1949, 1957, 1958, 2981, 3717, 3718, 5206]
[1720]
[1222, 1223]
[1222, 1223]
[2517]
[1859]
[1152, 1156, 1863]
[1152, 1156, 1863]
[1152, 1156, 1863]
[1152, 1156, 1863]
[5197]
[1598]
[1140, 1150]
[2546]
[1140, 1150]
[1440]
[810, 811, 812]
[5044]
[1207, 1375, 1468, 1476]
[299, 720]
[1879]
[4810]
[459, 460, 461, 462]
[4821]
[5183]
[915, 916, 917, 918, 919]
[915, 916, 917, 918, 919]
[810, 811, 812]
[1345]
[949, 956, 963, 970, 978, 985, 993, 1001]
[949, 956, 963, 970, 978, 985, 993, 1001]
[1385, 1386]
[1738]
[946, 953, 961, 968, 975, 983, 990, 998, 2921, 3065, 4375]
[1885]
[1345]
[1887]
[1887]
[946, 953, 961, 968, 975, 983, 990, 998, 4375]
[1716, 3268, 3269, 3271, 3291, 4811, 4939]
[1345]
[3150]
[1287]
[1896]
[1896]
[1897, 1898]
[1897, 1898]
[3285]
[3285]
[644]
[644]
[1899, 1900]
[810, 811, 812, 813]
[811]
[810, 812]
[813]
[810, 811, 812, 813]
[811]
[5093]
[1902]
[2546]
[1350]
[5081]
[35]
[1897, 1898]
[3920, 3921]
[3141]
[1897, 1898]
[3920, 3921]
[1941, 1942, 3070, 3071]
[1941, 1942]
[1920, 1938]
[1426]
[1922, 1927, 1935]
[1923, 1928, 1936]
[1924, 1940]
[1925]
[1426]
[1922, 1927, 1935]
[1923, 1928, 1936]
[1929]
[1171, 3742, 3745, 3747]
[1295]
[1200]
[1932]
[1933]
[1934]
[1922, 1927, 1935]
[1923, 1928, 1936]
[1920, 1938]
[1426]
[1924, 1940]
[1897, 1898]
[1897, 1898]
[1897, 1898]
[1897, 1898]
[1897, 1898]
[1702, 5196]
[1897, 1898]
[1897, 1898]
[1897, 1898]
[1702, 5196]
[1897, 1898]
[1897, 1898]
[1897, 1898]
[1897, 1898]
[1897, 1898]
[1702, 5196]
[2343]
[1897, 1898]
[1720]
[1897, 1898]
[1702, 5196]
[1941, 1942]
[1941, 1942]
[2916, 2917]
[1507]
[1217, 1218]
[1222, 1223]
[1222, 1223]
[1846, 1960]
[1152, 1156, 1863]
[1140, 1150]
[1152, 1156, 1863]
[1073]
[3151, 3152]
[811, 812, 813]
[1408]
[3131]
[1860]
[2411, 2412]
[4412]
[1973]
[1974]
[1975]
[4961]
[2810]
[1976]
[1283]
[1977]
[2102]
[2102]
[2102]
[1981]
[1988, 1989]
[1988, 1989]
[1988, 1989]
[1988, 1989]
[2390]
[2102]
[1982, 1984, 1990, 2123, 2125, 2127]
[1987, 2007, 2010, 2012, 2014, 2017, 2020]
[1982, 1984, 1990, 2123, 2125, 2127]
[1987, 2007, 2010, 2012, 2014, 2017, 2020]
[2115]
[1993, 2694, 2707, 3653, 3672]
[1998]
[2115]
[2115]
[2115]
[2686]
[2005]
[2115]
[2622]
[2115]
[2006]
[2115]
[2115]
[2115]
[2115]
[2115]
[2597, 2616, 2650, 2669, 2762, 2763, 2771, 2772, 3524, 3543, 3587, 3606]
[2021]
[2022]
[2023]
[2048, 2582, 2601, 2757, 2766, 3645, 3664, 4597]
[2025, 2099]
[186, 205, 2591, 2610]
[2622]
[2586, 2605, 2758, 2767, 3646, 3665, 4599]
[2130]
[2586, 2605, 2758, 2767, 3646, 3665, 4599]
[2031, 2588, 2607]
[2115]
[2033, 2034, 2589, 2590, 2608, 2609]
[2033, 2034, 2589, 2590, 2608, 2609]
[2115]
[2036]
[2115]
[2041]
[2045, 2047, 2051, 2081, 3447, 3465, 3483]
[2063]
[2044, 2046, 2080, 2084, 3446, 3448, 3464, 3482, 3484, 3500, 3518, 3537, 3573, 3592]
[2063]
[177, 196, 2083]
[2045, 2047, 2051, 2081, 3447, 3465, 3483]
[3470, 3504]
[2045, 2047, 2051, 2081, 3447, 3465, 3483]
[2044, 2046, 2080, 2084, 3446, 3448, 3464, 3482, 3484, 3500, 3518, 3537, 3573, 3592]
[2008]
[3556, 3612]
[2045, 2047, 2051, 2081, 3447, 3465, 3483]
[3470, 3504]
[2045, 2047, 2051, 2081, 3447, 3465, 3483]
[2057]
[186, 205, 2094, 2591, 2610, 3563]
[178, 197, 215, 2026, 2058, 2085, 2096, 2106, 2584, 2603, 2621, 2638, 2657, 2675]
[2622]
[2061]
[2115]
[2115]
[2115]
[2622]
[2115]
[2044, 2046, 2080, 2084, 3446, 3448, 3464, 3482, 3484, 3500, 3518, 3537, 3573, 3592]
[2076, 2077]
[2076, 2077]
[2115]
[2115]
[2115]
[2115]
[2076, 2077]
[2079]
[2115]
[2115]
[177, 196, 2008, 2083]
[276, 2115]
[240, 1978, 2062]
[186, 205, 2591, 2610]
[2622]
[182, 201, 2018, 2089]
[276, 2115]
[810]
[2105]
[186, 205, 2591, 2610]
[2622]
[2110]
[2400, 2401]
[2109]
[2115]
[2115]
[2400, 2401]
[2114]
[2114]
[962, 984, 999, 3771, 4344]
[2118]
[2119]
[812]
[2120]
[2115]
[2122]
[2389, 2390]
[2622]
[920, 921]
[2135]
[2833]
[2137]
[2138]
[2139]
[2140]
[2141]
[3150]
[2817]
[2817]
[2149]
[2152]
[2151]
[2150]
[2154]
[794]
[2157, 2158]
[401]
[3728]
[920]
[4859]
[376, 4835]
[3631]
[2455, 2512, 2521, 2530]
[4835]
[5195]
[1207, 1375, 1468, 1476]
[4678]
[3632]
[3632]
[78, 79, 252, 1648, 2794, 3139, 4554, 4559, 4561, 4563, 5013, 5155, 5158, 5205]
[5081, 5082]
[3632]
[2171]
[2172]
[2173]
[5011]
[4546]
[15]
[3150]
[14, 811]
[14, 811]
[4510]
[3065]
[1819]
[948, 955, 977, 992, 1000]
[2950, 2951]
[2950, 2951]
[2947, 2953]
[794]
[2187]
[4488]
[2241]
[2242]
[14]
[810, 812]
[58, 3130]
[62, 4422, 4449]
[2308]
[2109]
[2306]
[2306]
[1675]
[401]
[1281]
[1905, 1906]
[1222, 1223]
[2267]
[2268]
[3701]
[920, 921]
[913, 914, 915, 916, 917, 918, 919, 921]
[921]
[4860]
[921]
[921]
[810, 812]
[4697, 4703]
[401]
[1676, 1677]
[1672]
[377]
[377]
[1759]
[1171, 3742, 3745, 3747]
[5081, 5082]
[2975]
[1171, 3742, 3745, 3747]
[5081, 5082]
[2975]
[5081, 5082]
[2975]
[5081, 5082]
[2975]
[4612, 4613]
[2285]
[4985, 4991]
[3630]
[1376]
[2290]
[1904]
[811, 813]
[812]
[2380, 2383]
[1720]
[1720]
[1720]
[1720]
[915, 916, 917, 918, 919]
[921]
[5183]
[5183]
[913, 914, 915, 916, 917, 918, 919, 921, 4860]
[2392, 2393, 2394, 2395, 2396, 2397, 2398, 2399, 2400, 2401, 2402, 2403]
[810]
[4961]
[631]
[1675]
[5182]
[2348]
[3285]
[1702, 2356, 3224, 4813, 5083, 5196]
[1720, 2561, 2575, 2577]
[2358]
[3632]
[1207, 1375, 1468, 1476]
[1207, 1375, 1468, 1476]
[2370]
[2370]
[2371]
[810, 812]
[810, 812]
[4476]
[794]
[920]
[1735, 1746, 1749, 4770]
[1698]
[1698]
[1698]
[1698]
[915, 916, 917, 918, 919]
[794]
[2377]
[1354]
[1350]
[2380, 2383]
[1470]
[1350]
[2380, 2383]
[920]
[810]
[810, 811, 812, 813, 4978]
[810, 812]
[59]
[4961]
[4515]
[62, 4422, 4449]
[1672]
[1672]
[3771]
[357]
[4181, 4185, 4197, 4243, 4244]
[2388]
[2115]
[2115]
[2115]
[810, 812]
[812]
[810, 812]
[811]
[810, 812]
[811, 812, 813]
[567, 943, 950, 957, 965, 972, 979, 987, 994, 1393, 5084]
[5089]
[1744]
[1627]
[672]
[1392]
[1392]
[1392]
[1392]
[2414]
[1207, 1375, 1468, 1476]
[448, 3728]
[2415]
[2415]
[2416]
[1302, 1515]
[2418]
[2423]
[2512]
[4821]
[5128]
[1422]
[3144, 5168]
[3728]
[1847, 2431]
[761]
[1497]
[1494, 4655]
[270]
[3728]
[266]
[2451]
[2452, 2470]
[607]
[607]
[607]
[2380, 2383]
[1368]
[1350, 2984]
[2380, 2383]
[1368]
[1350, 2984]
[2380, 2383]
[2452, 2470, 3047, 3162]
[2380]
[35]
[13]
[35]
[2380, 2383]
[2471, 2473]
[2472, 2474]
[2471, 2473]
[2472, 2474]
[2475]
[1912, 1914, 1916]
[401]
[3150]
[3150]
[3136]
[1831, 1832, 1840, 1841, 1945, 1946, 1954, 1955, 2248, 2249, 2260, 2261]
[2464]
[1440]
[1284]
[1207, 1375, 1468, 1476]
[1720]
[401]
[1912, 1914, 1916]
[1720]
[1720]
[4761]
[4761]
[4761]
[4761]
[4761]
[4761]
[1365]
[1207, 1375, 1468, 1476]
[2546]
[2547]
[2548]
[2549]
[1207, 1375, 1468, 1476]
[4510]
[1207, 1375, 1468, 1476]
[1470]
[1289, 1377, 1469, 1470, 1477, 2522, 2531]
[810, 812]
[5044]
[4645]
[814]
[1448, 5044]
[1627]
[1627]
[2115]
[4373]
[2554]
[2353]
[2567]
[1448]
[401, 1849, 4747]
[401, 1849, 4747]
[2044, 2045, 2046, 2047, 2051, 2080, 2081, 2084, 3446, 3447, 3448, 3464, 3465, 3482, 3483, 3484, 3500, 3518, 3537, 3573, 3592]
[2554]
[4373]
[2221, 2222]
[890, 2302, 3808]
[401]
[4809]
[4809]
[803]
[1350]
[1720]
[2576]
[3159, 3166, 4982]
[1720]
[3166]
[3156, 3168]
[1720]
[4981, 4983]
[2995]
[1192]
[2992]
[2996]
[538]
[538]
[538]
[1440]
[1365]
[1284]
[78, 252, 1648, 2794, 3139, 4554, 4559, 4561, 4563, 5013, 5155, 5158, 5205]
[2975]
[794]
[1470]
[103, 406, 842, 3184, 4745]
[416, 2804, 4780]
[2975]
[2975]
[78, 79, 252, 1648, 2794, 3139, 4554, 4559, 4561, 4563, 5013, 5155, 5158, 5205]
[5081, 5082]
[78, 79, 252, 1648, 2794, 3139, 4554, 4559, 4561, 4563, 5013, 5155, 5158, 5205]
[5081, 5082]
[2869, 2870]
[5100]
[5097, 5098]
[921]
[813]
[812]
[811]
[2464]
[1934]
[1904, 2295, 2296, 2297]
[1345]
[1720]
[4777]
[401]
[3728]
[1720]
[4771]
[4772]
[5011]
[5011]
[509]
[509]
[2176, 4510]
[121, 132, 3276, 3278]
[121, 132, 3276, 3278]
[121, 132, 3276, 3278]
[1598]
[1598]
[3702]
[813]
[812]
[810, 812]
[5044]
[1745]
[3241, 3242]
[1675, 2959]
[4961, 5181]
[3404]
[3241, 3242]
[571]
[872, 946, 953, 961, 968, 975, 983, 990, 998, 1828]
[1720]
[2834]
[2834]
[4442]
[2847]
[920, 921]
[2848]
[3632]
[3632]
[3632]
[3632]
[2854]
[2854]
[2854]
[2852, 2861]
[2319]
[4706]
[146]
[2871]
[258, 259, 2863, 2864, 2874, 2875]
[258, 259, 2863, 2864, 2874, 2875]
[258, 259, 2863, 2864, 2874, 2875]
[258, 259, 2863, 2864, 2874, 2875]
[443, 444, 445, 446, 1661, 1662, 1663, 1664, 2865, 2866, 2867, 2868, 2876, 2877, 2878, 2879, 2895, 2896, 2897, 2898, 2912, 2913, 2914, 2915, 3062, 3063, 3064, 5001, 5002, 5003, 5004]
[443, 444, 445, 446, 1661, 1662, 1663, 1664, 2865, 2866, 2867, 2868, 2876, 2877, 2878, 2879, 2895, 2896, 2897, 2898, 2912, 2913, 2914, 2915, 3062, 3063, 3064, 5001, 5002, 5003, 5004]
[443, 444, 445, 446, 1661, 1662, 1663, 1664, 2865, 2866, 2867, 2868, 2876, 2877, 2878, 2879, 2895, 2896, 2897, 2898, 2912, 2913, 2914, 2915, 3062, 3063, 3064, 5001, 5002, 5003, 5004]
[443, 444, 445, 446, 1661, 1662, 1663, 1664, 2865, 2866, 2867, 2868, 2876, 2877, 2878, 2879, 2895, 2896, 2897, 2898, 2912, 2913, 2914, 2915, 3062, 3063, 3064, 5001, 5002, 5003, 5004]
[2899, 2900, 5005, 5006]
[2899, 2900, 5005, 5006]
[2901]
[2902, 2903]
[2902, 2903]
[260, 261, 262, 263, 1669, 1670, 1671, 4356, 4357, 4358, 4359]
[260, 261, 262, 263, 1669, 1670, 1671, 4356, 4357, 4358, 4359]
[260, 261, 262, 263, 1669, 1670, 1671, 4356, 4357, 4358, 4359]
[260, 261, 262, 263, 1669, 1670, 1671, 4356, 4357, 4358, 4359]
[1528]
[2939]
[258, 259, 2863, 2864, 2874, 2875]
[258, 259, 2863, 2864, 2874, 2875]
[1649, 1650]
[1649, 1650]
[443, 444, 445, 446, 1661, 1662, 1663, 1664, 2865, 2866, 2867, 2868, 2876, 2877, 2878, 2879, 2895, 2896, 2897, 2898, 2912, 2913, 2914, 2915, 3062, 3063, 3064, 5001, 5002, 5003, 5004]
[443, 444, 445, 446, 1661, 1662, 1663, 1664, 2865, 2866, 2867, 2868, 2876, 2877, 2878, 2879, 2895, 2896, 2897, 2898, 2912, 2913, 2914, 2915, 3062, 3063, 3064, 5001, 5002, 5003, 5004]
[443, 444, 445, 446, 1661, 1662, 1663, 1664, 2865, 2866, 2867, 2868, 2876, 2877, 2878, 2879, 2895, 2896, 2897, 2898, 2912, 2913, 2914, 2915, 3062, 3063, 3064, 5001, 5002, 5003, 5004]
[443, 444, 445, 446, 1661, 1662, 1663, 1664, 2865, 2866, 2867, 2868, 2876, 2877, 2878, 2879, 2895, 2896, 2897, 2898, 2912, 2913, 2914, 2915, 3062, 3063, 3064, 5001, 5002, 5003, 5004]
[2136, 2921, 3172]
[2136, 2921, 3172]
[2916, 2917]
[2916, 2917]
[631, 638]
[638]
[2921]
[2922, 2923, 2924, 2925]
[2922, 2923, 2924, 2925]
[2922, 2923, 2924, 2925]
[2922, 2923, 2924, 2925]
[810, 811, 812]
[813]
[810, 812]
[810, 812]
[813]
[810, 812]
[810]
[5043]
[673, 3834, 3835, 5043]
[2380]
[1199]
[1738]
[4611]
[5081]
[2975]
[1170, 3145]
[1350]
[2338]
[2978]
[124]
[1426]
[813]
[810, 812]
[810, 812]
[810, 812]
[813]
[812]
[2982]
[2983]
[1198]
[810, 811, 812]
[2984]
[2984]
[284, 4376]
[1544]
[1716, 3268, 3269, 3271, 3291, 4811, 4939]
[1598]
[921]
[4382]
[1466, 1467]
[2986]
[2987]
[2988]
[2987]
[2993]
[537, 1192, 2992, 2993, 2994, 2995, 2996]
[1466, 1467]
[810]
[812]
[810]
[1138, 1359]
[4635]
[809]
[62, 4422, 4449]
[59]
[2512]
[794]
[1470]
[810, 812]
[3130]
[3065, 4375]
[1759, 4771]
[2512]
[59]
[59]
[59]
[1470]
[1470]
[812]
[810, 812]
[672, 2800]
[5081, 5082]
[1741, 3216, 3218, 4632, 4634]
[794]
[4809]
[3181]
[1470]
[572]
[2950, 2951]
[1672]
[299, 720]
[1885]
[1470]
[810]
[813]
[811]
[673, 2800]
[3129]
[2939, 2950, 2951, 3134]
[872, 1113, 1828, 2413, 3806, 4373, 5210, 5212]
[3212]
[4699]
[794]
[1883, 4736]
[3048]
[4740]
[3047]
[5114, 5115]
[5114, 5115]
[1653, 1654, 1655, 1656]
[1653, 1654, 1655, 1656]
[811, 812, 813]
[810, 811, 812]
[811]
[810, 811, 812, 813]
[2961, 2962]
[2961, 2962]
[811]
[811]
[5114, 5115]
[5114, 5115]
[811, 812]
[5011]
[3275]
[4565]
[4850]
[2834]
[1448, 5044]
[5090]
[1873]
[3158, 5180]
[3131]
[1184]
[1113, 1713, 2413, 3281, 3806, 5210, 5212]
[3131]
[810, 812]
[811]
[810, 812]
[810, 812]
[4772]
[4771]
[4961]
[2305]
[2881, 2882]
[401]
[1759, 4771]
[1598]
[794]
[3079]
[810]
[4772]
[2950, 2951, 2952]
[920]
[569, 571, 1735, 1746, 1747, 1748, 1749, 4770]
[958, 959, 960, 980, 981, 982, 995, 996, 997]
[958, 959, 960, 980, 981, 982, 995, 996, 997]
[958, 959, 960, 980, 981, 982, 995, 996, 997]
[4679]
[3100]
[3101]
[812]
[812]
[813]
[1448, 5044]
[898]
[872, 1120, 1712, 1828, 3282, 3791]
[872, 1120, 1712, 1828, 3282, 3791]
[3065, 4375]
[5171]
[4821]
[2307]
[59]
[3065, 4375]
[812]
[810, 812]
[811, 813]
[810, 812]
[810, 811, 812, 813]
[810, 812]
[811]
[810, 812]
[813]
[365]
[4485]
[920]
[920]
[3121]
[301]
[3124]
[3126]
[913, 914, 915, 916, 917, 918, 919]
[920]
[3127]
[810, 811, 812]
[1406]
[1716, 3268, 3269, 3271, 3291, 4811, 4939]
[3128]
[3135]
[3136]
[3137]
[3138]
[78, 79, 252, 1648, 2794, 3139, 4554, 4559, 4561, 4563, 5013, 5155, 5158, 5205]
[78, 79, 252, 1648, 2794, 3139, 4554, 4559, 4561, 4563, 5013, 5155, 5158, 5205]
[3141]
[812]
[810, 812]
[810]
[810, 812]
[4645]
[812]
[810]
[2869, 2870]
[3144]
[1022]
[1410]
[1209, 2940]
[1207, 1375, 1468, 1476]
[813]
[810, 811, 812, 813, 4978]
[4646]
[672, 2800, 4645]
[1675]
[949, 956, 963, 970, 978, 985, 993, 1001]
[2969]
[1676, 1677]
[1676, 1677]
[2217, 2218, 2221, 2222, 2231]
[1675]
[401]
[810, 812]
[680, 1448, 5044]
[3340]
[3151]
[3151]
[2921, 3065]
[3152]
[3152]
[3152]
[3152]
[3065, 4375]
[2921, 3065]
[2300, 2301]
[3153]
[3157, 3160]
[3154]
[3158]
[3150]
[3150]
[3158]
[3150]
[3150]
[3150]
[3162]
[1113, 1120, 1672, 1712, 2413, 3282, 3791, 3806, 4373, 5210, 5212]
[3086]
[3167, 3169]
[3151]
[3150]
[3167, 3169]
[3150]
[3167, 3169]
[1287]
[813]
[1207, 1375, 1468, 1476]
[1207, 1375, 1468, 1476]
[2283, 2284]
[2283, 2284]
[655, 656, 657, 658]
[655, 656, 657, 658]
[37]
[1057, 1058, 1059, 1060]
[4798]
[399]
[399]
[810, 811, 812]
[1207, 1375, 1468, 1476]
[1207, 1375, 1468, 1476]
[5093]
[127]
[1120, 1712, 1713, 3281, 3282, 3791]
[401]
[810]
[5157]
[1699]
[1873]
[5157]
[1350]
[3632]
[3209]
[3209]
[3209]
[4811, 4939]
[1448, 5044]
[1672]
[1747, 1748]
[2307]
[3246, 4510]
[4373]
[3210]
[3211]
[78, 79, 252, 1648, 2794, 3139, 4554, 4559, 4561, 4563, 5013, 5155, 5158, 5205]
[5081, 5082]
[78, 79, 252, 1648, 2794, 3139, 4554, 4559, 4561, 4563, 5013, 5155, 5158, 5205]
[3218, 4634]
[3219, 3223]
[3220]
[3221]
[3221]
[3222]
[3222]
[3219, 3223]
[2316, 5151]
[1207, 1375, 1468, 1476]
[3228]
[4835]
[2143, 2144]
[2143, 2144]
[2455, 2512, 2521, 2530]
[855]
[2946, 2952]
[921]
[921]
[921]
[921]
[921]
[921]
[921]
[921]
[921]
[2282]
[3273, 3283]
[1598]
[138, 139]
[119]
[3072]
[5011]
[5011]
[3273, 3283]
[1426]
[644]
[3286]
[1598]
[438]
[4853, 4854]
[4856]
[4857]
[4856]
[4855]
[915, 916, 917, 918, 919, 2396, 2397, 4860]
[4860]
[4859]
[1598]
[3317]
[482]
[793]
[3120]
[3325, 3326]
[3327]
[4849, 4850]
[482]
[5213]
[4849]
[3343, 4851]
[3007, 3631]
[3344]
[1372]
[3346]
[3362, 3366]
[3349]
[3362, 3366]
[3349]
[3352]
[3354]
[3352]
[1289, 1377, 1469, 1470, 1477, 2522, 2531]
[1470]
[3352]
[3352]
[3404]
[3362, 3366]
[17, 406, 416]
[3362, 3366]
[3368, 3371, 3375, 3378, 3382, 3388, 3396, 3927, 3928, 3929, 3930, 3933, 3935, 3937, 3939, 3942, 3943, 3944, 3951, 3961, 3970, 3983, 3997, 4009, 4012, 4016, 4022, 4031, 4034, 4045, 4047, 4048, 4058, 4072, 4077, 4080, 4100, 4109, 4111, 4117, 4123, 4126, 4130, 4138, 4141, 4147, 4152, 4155, 4161, 4164, 4176, 4180, 4184, 4186, 4193, 4203, 4207, 4211, 4212, 4214, 4219, 4221, 4224, 4227, 4232, 4233, 4237, 4246, 4249, 4252, 4253, 4254, 4260, 4270, 4272, 4277, 4312, 4316, 4328, 4332, 4867, 4872, 4875, 4879, 4897, 4900, 4910, 4911, 4917, 4923, 4941, 4943]
[4012, 4016, 4100, 4260]
[3370]
[3368, 3371, 3375, 3378, 3382, 3388, 3396, 3927, 3928, 3929, 3930, 3933, 3935, 3937, 3939, 3942, 3943, 3944, 3951, 3961, 3970, 3983, 3997, 4009, 4012, 4016, 4022, 4031, 4034, 4045, 4047, 4048, 4058, 4072, 4077, 4080, 4100, 4109, 4111, 4117, 4123, 4126, 4130, 4138, 4141, 4147, 4152, 4155, 4161, 4164, 4176, 4180, 4184, 4186, 4193, 4203, 4207, 4211, 4212, 4214, 4219, 4221, 4224, 4227, 4232, 4233, 4237, 4246, 4249, 4252, 4253, 4254, 4260, 4270, 4272, 4277, 4312, 4316, 4328, 4332, 4867, 4872, 4875, 4879, 4897, 4900, 4910, 4911, 4917, 4923, 4941, 4943]
[3370, 3372]
[4012, 4016, 4100, 4260]
[3370, 3387, 3395]
[3368, 3371, 3375, 3378, 3382, 3388, 3396, 3927, 3928, 3929, 3930, 3933, 3935, 3937, 3939, 3942, 3943, 3944, 3951, 3961, 3970, 3983, 3997, 4009, 4012, 4016, 4022, 4031, 4034, 4045, 4047, 4048, 4058, 4072, 4077, 4080, 4100, 4109, 4111, 4117, 4123, 4126, 4130, 4138, 4141, 4147, 4152, 4155, 4161, 4164, 4176, 4180, 4184, 4186, 4193, 4203, 4207, 4211, 4212, 4214, 4219, 4221, 4224, 4227, 4232, 4233, 4237, 4246, 4249, 4252, 4253, 4254, 4260, 4270, 4272, 4277, 4312, 4316, 4328, 4332, 4867, 4872, 4875, 4879, 4897, 4900, 4910, 4911, 4917, 4923, 4941, 4943]
[4012, 4016, 4100, 4260]
[3370, 3377]
[3368, 3371, 3375, 3378, 3382, 3388, 3396, 3927, 3928, 3929, 3930, 3933, 3935, 3937, 3939, 3942, 3943, 3944, 3951, 3961, 3970, 3983, 3997, 4009, 4012, 4016, 4022, 4031, 4034, 4045, 4047, 4048, 4058, 4072, 4077, 4080, 4100, 4109, 4111, 4117, 4123, 4126, 4130, 4138, 4141, 4147, 4152, 4155, 4161, 4164, 4176, 4180, 4184, 4186, 4193, 4203, 4207, 4211, 4212, 4214, 4219, 4221, 4224, 4227, 4232, 4233, 4237, 4246, 4249, 4252, 4253, 4254, 4260, 4270, 4272, 4277, 4312, 4316, 4328, 4332, 4867, 4872, 4875, 4879, 4897, 4900, 4910, 4911, 4917, 4923, 4941, 4943]
[3370, 3379]
[4012, 4016, 4100, 4260]
[3395]
[3368, 3369, 3371, 3373, 3375, 3376, 3378, 3380, 3382, 3388, 3391, 3396, 3927, 3928, 3929, 3930, 3931, 3932, 3933, 3935, 3937, 3939, 3940, 3941, 3942, 3943, 3944, 3945, 3946, 3949, 3950, 3951, 3958, 3963, 3964, 3965, 3966, 3967, 3968, 3969, 3970, 3971, 3972, 3973, 3974, 3975, 3976, 3977, 3978, 3979, 3980, 3981, 3982, 3983, 3984, 3985, 3986, 3987, 3988, 3989, 3990, 3991, 3992, 3995, 3996, 3997, 3998, 3999, 4000, 4001, 4002, 4003, 4004, 4005, 4006, 4007, 4008, 4009, 4010, 4011, 4012, 4013, 4014, 4015, 4016, 4017, 4018, 4019, 4020, 4021, 4022, 4023, 4024, 4027, 4028, 4031, 4032, 4033, 4034, 4035, 4036, 4038, 4039, 4041, 4042, 4044, 4045, 4046, 4047, 4048, 4049, 4050, 4054, 4056, 4058, 4059, 4063, 4064, 4067, 4068, 4071, 4072, 4073, 4074, 4077, 4078, 4079, 4080, 4081, 4082, 4083, 4084, 4086, 4087, 4088, 4090, 4091, 4093, 4096, 4097, 4100, 4101, 4104, 4105, 4107, 4108, 4110, 4115, 4116, 4117, 4121, 4122, 4125, 4134, 4135, 4136, 4137, 4140, 4145, 4146, 4147, 4150, 4151, 4154, 4159, 4160, 4161, 4164, 4165, 4168, 4169, 4172, 4173, 4174, 4175, 4176, 4177, 4178, 4179, 4180, 4182, 4183, 4184, 4186, 4187, 4188, 4189, 4190, 4191, 4192, 4193, 4194, 4195, 4196, 4199, 4200, 4209, 4210, 4211, 4212, 4213, 4214, 4215, 4216, 4219, 4220, 4221, 4222, 4223, 4224, 4236, 4237, 4238, 4239, 4240, 4242, 4246, 4248, 4249, 4251, 4252, 4253, 4254, 4257, 4258, 4259, 4260, 4261, 4263, 4265, 4266, 4267, 4268, 4269, 4270, 4271, 4272, 4273, 4274, 4277, 4278, 4279, 4280, 4285, 4286, 4287, 4288, 4291, 4292, 4297, 4298, 4299, 4300, 4301, 4302, 4303, 4306, 4307, 4312, 4313, 4314, 4315, 4316, 4317, 4319, 4322, 4325, 4327, 4328, 4329, 4330, 4331, 4332, 4333, 4335, 4338, 4341, 4343, 4867, 4868, 4870, 4872, 4873, 4875, 4876, 4879, 4880, 4884, 4897, 4898, 4899, 4900, 4904, 4905, 4906, 4910, 4911, 4912, 4913, 4914, 4915, 4917, 4918, 4919, 4920, 4923, 4924, 4925, 4926, 4941, 4943]
[3978, 4071, 4115, 4134, 4145, 4159, 4190, 4238, 4242, 4915]
[4187, 4238]
[4189, 4195, 4239, 4900, 4906, 4914, 4920, 4926]
[3368, 3371, 3375, 3378, 3382, 3388, 3396, 3927, 3928, 3929, 3930, 3933, 3935, 3937, 3939, 3942, 3943, 3944, 3997, 4009, 4022, 4031, 4034, 4045, 4047, 4048, 4058, 4072, 4077, 4080, 4117, 4147, 4161, 4164, 4176, 4180, 4184, 4186, 4211, 4212, 4214, 4219, 4221, 4224, 4237, 4246, 4249, 4252, 4253, 4254, 4270, 4272, 4277, 4312, 4316, 4328, 4332, 4867, 4872, 4875, 4879, 4897, 4910, 4911, 4917, 4923, 4941, 4943]
[3369, 3373, 3376, 3380, 3391, 3931, 3932, 3940, 3941, 3945, 3949, 3950, 3958, 3963, 3965, 3967, 3972, 3974, 3976, 3978, 3980, 3982, 3984, 3985, 3987, 3989, 3991, 3995, 3998, 4001, 4003, 4006, 4010, 4011, 4012, 4014, 4016, 4018, 4020, 4023, 4027, 4032, 4033, 4035, 4038, 4041, 4046, 4049, 4050, 4054, 4056, 4059, 4063, 4067, 4071, 4073, 4074, 4078, 4079, 4081, 4083, 4086, 4090, 4093, 4096, 4100, 4104, 4107, 4115, 4121, 4134, 4136, 4145, 4150, 4159, 4165, 4168, 4172, 4174, 4177, 4178, 4182, 4191, 4192, 4196, 4199, 4209, 4213, 4215, 4216, 4220, 4222, 4223, 4240, 4257, 4258, 4260, 4263, 4265, 4266, 4267, 4268, 4269, 4271, 4273, 4274, 4278, 4279, 4280, 4285, 4286, 4287, 4291, 4297, 4298, 4299, 4300, 4301, 4302, 4306, 4313, 4314, 4315, 4317, 4319, 4322, 4325, 4327, 4329, 4330, 4331, 4333, 4335, 4338, 4341, 4343, 4868, 4870, 4873, 4876, 4880, 4884, 4898, 4904, 4912, 4918, 4924]
[3368, 3369, 3371, 3373, 3375, 3376, 3378, 3380, 3382, 3927, 3928, 3929, 3930, 3931, 3932, 3939, 3940, 3941, 3943, 3944, 3946, 3951, 3954, 3957, 3964, 3966, 3968, 3969, 3970, 3971, 3973, 3975, 3977, 3979, 3981, 3983, 3986, 3988, 3990, 3992, 3994, 3996, 3999, 4000, 4002, 4004, 4005, 4007, 4008, 4013, 4015, 4017, 4019, 4021, 4022, 4024, 4028, 4031, 4032, 4033, 4034, 4036, 4039, 4042, 4044, 4064, 4068, 4072, 4073, 4074, 4077, 4078, 4079, 4082, 4084, 4087, 4088, 4091, 4097, 4101, 4105, 4108, 4110, 4116, 4122, 4125, 4135, 4137, 4140, 4146, 4151, 4154, 4160, 4169, 4173, 4175, 4179, 4183, 4188, 4193, 4194, 4200, 4202, 4206, 4210, 4212, 4213, 4214, 4216, 4220, 4221, 4224, 4225, 4231, 4236, 4248, 4251, 4259, 4261, 4270, 4271, 4272, 4273, 4274, 4277, 4288, 4292, 4303, 4307, 4312, 4315, 4316, 4327, 4328, 4331, 4332, 4343, 4867, 4872, 4875, 4899, 4905, 4913, 4919, 4925, 4941, 4943]
[3368, 3369, 3371, 3373, 3375, 3376, 3378, 3380, 3382, 3927, 3928, 3929, 3930, 3931, 3932, 3939, 3940, 3941, 3943, 3944, 3972, 4022, 4031, 4032, 4033, 4034, 4072, 4073, 4074, 4077, 4078, 4079, 4107, 4121, 4136, 4150, 4168, 4212, 4213, 4214, 4216, 4220, 4221, 4224, 4246, 4249, 4270, 4271, 4272, 4273, 4274, 4277, 4312, 4315, 4316, 4327, 4328, 4331, 4332, 4343, 4867, 4872, 4875, 4941, 4943]
[3368, 3369, 3371, 3373, 3375, 3376, 3378, 3380, 3382, 3927, 3928, 3929, 3930, 3931, 3932, 3939, 3940, 3941, 3943, 3944, 4022, 4031, 4032, 4033, 4034, 4072, 4073, 4074, 4077, 4078, 4079, 4212, 4213, 4214, 4216, 4220, 4221, 4224, 4270, 4271, 4272, 4273, 4274, 4277, 4312, 4315, 4316, 4327, 4328, 4331, 4332, 4343, 4867, 4872, 4875, 4941, 4943]
[4095]
[4095]
[4166]
[3449, 3466, 3468, 3485, 3501, 3613, 3614, 3615, 3616]
[3370, 3379, 3395]
[3368, 3369, 3371, 3373, 3375, 3376, 3378, 3380, 3382, 3927, 3928, 3929, 3930, 3931, 3932, 3939, 3940, 3941, 3943, 3944, 3972, 4022, 4031, 4032, 4033, 4034, 4072, 4073, 4074, 4077, 4078, 4079, 4107, 4121, 4136, 4150, 4168, 4190, 4212, 4213, 4214, 4216, 4220, 4221, 4224, 4242, 4246, 4249, 4270, 4271, 4272, 4273, 4274, 4277, 4312, 4315, 4316, 4327, 4328, 4331, 4332, 4343, 4867, 4872, 4875, 4915, 4941, 4943]
[810]
[1448, 5044]
[1448]
[1735, 1746, 1749, 4770]
[2578, 2579]
[73]
[1440]
[3628]
[3628]
[3628]
[4811, 4939]
[3629]
[5099]
[5097, 5101]
[5097]
[3633, 4691]
[1690, 3634, 3857, 4690, 4694]
[1687, 3635]
[3636, 3638, 3798, 3799, 3800]
[3637]
[3840, 3851, 3862]
[3639]
[3640]
[1470]
[3701]
[794]
[3704]
[4377]
[5065]
[3707]
[5081]
[3162]
[2452, 2470, 3047]
[3711, 3713]
[3711, 3713]
[1440]
[1440]
[1440]
[1354]
[1074]
[1207, 1375, 1468, 1476]
[1365]
[1365]
[1507]
[3155, 3158]
[3720, 3721]
[270, 4655]
[1495]
[1503]
[4745]
[275]
[761]
[920]
[920]
[920]
[3790]
[1113, 1672, 1698, 2413, 2946, 2952, 3806, 5133, 5210, 5212]
[3170, 3171, 3872, 3873]
[3170, 3171, 3872, 3873]
[3874]
[3874]
[1912, 1914, 1916]
[1207, 1375, 1468, 1476]
[3170, 3171, 3872, 3873]
[3170, 3171, 3872, 3873]
[401]
[3748]
[3748]
[2573, 2574]
[3749]
[810, 812]
[3790]
[3790]
[1533]
[1533, 1675, 2959]
[3780, 3781]
[3778]
[3748]
[883, 884]
[3778]
[3783, 4861]
[3843, 3854, 3865]
[3748]
[3789]
[3790]
[3749]
[1365]
[35]
[35]
[1873, 5197]
[1720]
[1720]
[3793, 3795]
[3794]
[3793, 3795]
[3633, 4691]
[1690, 3634, 3857, 4690, 4694]
[3636, 3638, 3798, 3799, 3800]
[3158]
[3810]
[3811]
[2996]
[2996]
[3812, 3813]
[3812, 3813]
[872, 1698, 1828]
[1011, 3401]
[1011, 3401]
[1329]
[854]
[4803]
[53]
[15]
[1550, 1551]
[53, 3815, 3840, 3851, 3862]
[53, 3840, 3851, 3862]
[2973]
[2973]
[290]
[3816]
[810]
[810, 812]
[811]
[810, 812]
[810, 812]
[810, 812]
[3150]
[4344]
[4771]
[4373]
[813]
[1236, 4645]
[1713, 3281]
[1231, 1697, 2359, 2360]
[1697]
[1350]
[1489, 4971]
[1714, 1715, 3784, 3787]
[4988]
[1222, 1223]
[3633, 4691]
[3845]
[3846, 3924]
[3847, 3925]
[3848]
[3801, 3849, 4959]
[5099]
[5151]
[1263]
[1284]
[1507]
[2341, 2342]
[3632]
[3632]
[921]
[913, 914, 915, 916, 917, 918, 919]
[913, 914, 915, 916, 917, 918, 919, 921]
[913, 914, 915, 916, 917, 918, 919, 920, 921]
[3632]
[78, 252, 439, 1648, 1893, 2794, 3139, 3870, 3871, 4438, 4513, 4517, 4520, 4554, 4559, 4561, 4563, 5013, 5155, 5158, 5204, 5205]
[78, 252, 439, 1648, 1893, 2794, 3139, 3870, 3871, 4438, 4513, 4517, 4520, 4554, 4559, 4561, 4563, 5013, 5155, 5158, 5204, 5205]
[3170, 3171, 3872, 3873]
[3872, 3873]
[3874]
[3872, 3873]
[5081, 5082]
[3867, 3868]
[3208]
[1162]
[3867, 3868]
[3867, 3868]
[3880, 3881, 3882, 3900, 3901, 3902]
[3880, 3881, 3882, 3900, 3901, 3902]
[3880, 3881, 3882, 3900, 3901, 3902]
[3878, 3879, 3883, 3884, 3888, 3889, 3893, 3894, 3898, 3899, 3903, 3904, 3908, 3909, 3913, 3914]
[3878, 3879, 3883, 3884, 3888, 3889, 3893, 3894, 3898, 3899, 3903, 3904, 3908, 3909, 3913, 3914]
[3867, 3868]
[3208]
[1162]
[3867, 3868]
[3867, 3868]
[3880, 3881, 3882, 3900, 3901, 3902]
[3880, 3881, 3882, 3900, 3901, 3902]
[3880, 3881, 3882, 3900, 3901, 3902]
[3878, 3879, 3883, 3884, 3888, 3889, 3893, 3894, 3898, 3899, 3903, 3904, 3908, 3909, 3913, 3914]
[3878, 3879, 3883, 3884, 3888, 3889, 3893, 3894, 3898, 3899, 3903, 3904, 3908, 3909, 3913, 3914]
[812]
[634, 635, 636, 637]
[3065]
[1759]
[4772]
[2947, 2953]
[302, 1466, 1467, 1598]
[1598]
[3915, 3918]
[4852]
[3915, 3918]
[5213]
[920]
[1078]
[1057, 1058, 1059, 1060]
[920]
[460]
[1493, 3397, 3926, 4940]
[3934, 3936, 3938, 4247, 4250]
[3934, 3936, 3938, 4247, 4250]
[3368, 3371, 3375, 3378, 3382, 3388, 3396, 3933, 3935, 3937, 3939, 3942, 3943, 3944, 3997, 4009, 4022, 4031, 4034, 4045, 4047, 4048, 4058, 4072, 4077, 4080, 4117, 4147, 4161, 4164, 4176, 4180, 4184, 4186, 4211, 4212, 4214, 4219, 4221, 4224, 4237, 4252, 4253, 4254, 4270, 4272, 4277, 4312, 4316, 4328, 4332, 4867, 4872, 4875, 4879, 4897, 4910, 4911, 4917, 4923, 4941, 4943]
[3368, 3371, 3375, 3378, 3382, 3388, 3396, 3927, 3928, 3929, 3930, 3933, 3935, 3937, 3939, 3942, 3943, 3944, 3951, 3997, 4009, 4022, 4031, 4034, 4045, 4047, 4048, 4058, 4072, 4077, 4080, 4100, 4117, 4147, 4161, 4164, 4176, 4180, 4184, 4186, 4211, 4212, 4214, 4219, 4221, 4224, 4237, 4246, 4249, 4252, 4253, 4254, 4260, 4270, 4272, 4277, 4312, 4316, 4328, 4332, 4867, 4872, 4875, 4879, 4897, 4910, 4911, 4917, 4923, 4941, 4943]
[3369, 3373, 3376, 3380, 3950, 3967, 3972, 3974, 3978, 3987, 4018, 4054, 4071, 4093, 4107, 4115, 4121, 4134, 4136, 4145, 4150, 4159, 4168, 4215, 4257, 4279, 4313, 4314, 4329, 4330]
[3369, 3373, 3376, 3380, 3950, 3967, 3972, 3974, 3978, 3987, 4018, 4054, 4071, 4093, 4107, 4115, 4121, 4134, 4136, 4145, 4150, 4159, 4168, 4215, 4257, 4279, 4313, 4314, 4329, 4330]
[3934, 3936, 3938, 4247, 4250]
[3369, 3373, 3376, 3380, 3931, 3932, 3940, 3941, 4032, 4033, 4073, 4074, 4078, 4079, 4213, 4216, 4220, 4271, 4273, 4274, 4315, 4327, 4331, 4343]
[3368, 3369, 3371, 3373, 3375, 3376, 3378, 3380, 3382, 3927, 3928, 3929, 3930, 3931, 3932, 3939, 3940, 3941, 3943, 3944, 3946, 3951, 3964, 3966, 3968, 3969, 3970, 3971, 3973, 3975, 3977, 3979, 3981, 3983, 3986, 3988, 3990, 3992, 3996, 3999, 4000, 4002, 4004, 4005, 4007, 4008, 4013, 4015, 4017, 4019, 4021, 4022, 4024, 4028, 4031, 4032, 4033, 4034, 4036, 4039, 4042, 4044, 4064, 4068, 4072, 4073, 4074, 4077, 4078, 4079, 4082, 4084, 4087, 4088, 4091, 4097, 4101, 4105, 4108, 4110, 4116, 4122, 4125, 4135, 4137, 4140, 4146, 4151, 4154, 4160, 4169, 4173, 4175, 4179, 4183, 4188, 4193, 4194, 4200, 4210, 4212, 4213, 4214, 4216, 4220, 4221, 4224, 4236, 4248, 4251, 4259, 4261, 4270, 4271, 4272, 4273, 4274, 4277, 4288, 4292, 4303, 4307, 4312, 4315, 4316, 4327, 4328, 4331, 4332, 4343, 4867, 4872, 4875, 4899, 4905, 4913, 4919, 4925, 4941, 4943]
[3947, 3948, 4037, 4040, 4120]
[3934, 3936, 3938, 4247, 4250]
[3946, 3951, 3964, 3966, 3968, 3969, 3970, 3971, 3972, 3973, 3975, 3977, 3979, 3981, 3983, 3986, 3988, 3990, 3992, 3996, 3999, 4000, 4002, 4004, 4005, 4007, 4008, 4013, 4015, 4017, 4019, 4021, 4024, 4028, 4036, 4039, 4042, 4044, 4064, 4068, 4082, 4084, 4087, 4088, 4091, 4097, 4101, 4105, 4107, 4108, 4110, 4116, 4121, 4122, 4125, 4135, 4136, 4137, 4140, 4146, 4150, 4151, 4154, 4160, 4168, 4169, 4173, 4175, 4179, 4183, 4188, 4193, 4194, 4200, 4210, 4236, 4246, 4248, 4249, 4251, 4259, 4261, 4288, 4292, 4303, 4307, 4899, 4905, 4913, 4919, 4925]
[3947, 3948, 4037, 4040, 4120]
[3945, 3949, 3950, 3958, 3967, 3974, 3976, 3980, 3982, 3984, 3985, 3987, 3989, 3991, 4010, 4011, 4012, 4014, 4016, 4018, 4020, 4046, 4049, 4050, 4056, 4059, 4093, 4165, 4191, 4196, 4215, 4222, 4223, 4240, 4257, 4265, 4266, 4267, 4268, 4278, 4279, 4280, 4285, 4286, 4299, 4301, 4313, 4314, 4317, 4319, 4322, 4325, 4329, 4330, 4333, 4335, 4338, 4341, 4868, 4870, 4873, 4876]
[3946, 3951, 3964, 3966, 3968, 3975, 3977, 3981, 3983, 3986, 3988, 3990, 3992, 4000, 4002, 4005, 4008, 4013, 4015, 4017, 4019, 4021, 4179, 4183, 4210, 4236, 4259, 4261, 4913, 4919, 4925]
[4043, 4114, 4129, 4133]
[4055]
[4043, 4114, 4129, 4133]
[3391, 3963, 3965, 3972, 3998, 4003, 4006, 4023, 4027, 4038, 4041, 4063, 4081, 4086, 4090, 4096, 4107, 4121, 4136, 4150, 4168, 4172, 4174, 4177, 4178, 4182, 4192, 4199, 4209, 4258, 4260, 4269, 4287, 4291, 4297, 4298, 4300, 4302, 4306, 4880, 4884, 4898, 4904, 4912, 4918, 4924]
[4264]
[3391, 3963, 3965, 3972, 3998, 4003, 4006, 4023, 4027, 4038, 4041, 4063, 4081, 4086, 4090, 4096, 4107, 4121, 4136, 4150, 4168, 4172, 4174, 4177, 4178, 4182, 4192, 4199, 4209, 4258, 4260, 4269, 4287, 4291, 4297, 4298, 4300, 4302, 4306, 4880, 4884, 4898, 4904, 4912, 4918, 4924]
[3969, 3973, 3999, 4004, 4007, 4024, 4028, 4036, 4039, 4044, 4064, 4082, 4084, 4087, 4088, 4097, 4108, 4110, 4122, 4125, 4137, 4140, 4151, 4154, 4169, 4173, 4175, 4188, 4193, 4194, 4200, 4248, 4251, 4288, 4292, 4303, 4307, 4899, 4905]
[4262]
[3934, 3936, 3938, 4247, 4250]
[4055]
[3945, 3949, 3950, 3958, 3967, 3974, 3976, 3980, 3982, 3984, 3985, 3987, 3989, 3991, 4010, 4011, 4012, 4014, 4016, 4018, 4020, 4046, 4049, 4050, 4056, 4059, 4093, 4165, 4191, 4196, 4215, 4222, 4223, 4240, 4257, 4265, 4266, 4267, 4268, 4278, 4279, 4280, 4285, 4286, 4299, 4301, 4313, 4314, 4317, 4319, 4322, 4325, 4329, 4330, 4333, 4335, 4338, 4341, 4868, 4870, 4873, 4876]
[3368, 3371, 3375, 3378, 3382, 3933, 3935, 3937, 3939, 3942, 3943, 3944, 3997, 4009, 4022, 4031, 4034, 4045, 4047, 4048, 4058, 4072, 4077, 4080, 4164, 4176, 4186, 4212, 4214, 4221, 4224, 4246, 4249, 4270, 4272, 4277, 4312, 4316, 4328, 4332, 4867, 4872, 4875, 4879, 4897, 4910, 4941, 4943]
[3369, 3373, 3376, 3380, 3391, 3931, 3932, 3940, 3941, 3945, 3949, 3950, 3958, 3963, 3965, 3967, 3972, 3974, 3976, 3978, 3980, 3982, 3984, 3985, 3987, 3989, 3991, 3995, 3998, 4001, 4003, 4006, 4010, 4011, 4012, 4014, 4016, 4018, 4020, 4023, 4027, 4032, 4033, 4035, 4038, 4041, 4046, 4049, 4050, 4054, 4056, 4059, 4063, 4067, 4071, 4073, 4074, 4078, 4079, 4081, 4083, 4086, 4090, 4093, 4096, 4100, 4104, 4107, 4115, 4121, 4134, 4136, 4145, 4150, 4159, 4165, 4168, 4172, 4174, 4177, 4178, 4182, 4191, 4192, 4196, 4199, 4209, 4213, 4215, 4216, 4220, 4222, 4223, 4240, 4257, 4258, 4260, 4263, 4265, 4266, 4267, 4268, 4269, 4271, 4273, 4274, 4278, 4279, 4280, 4285, 4286, 4287, 4291, 4297, 4298, 4299, 4300, 4301, 4302, 4306, 4313, 4314, 4315, 4317, 4319, 4322, 4325, 4327, 4329, 4330, 4331, 4333, 4335, 4338, 4341, 4343, 4868, 4870, 4873, 4876, 4880, 4884, 4898, 4904, 4912, 4918, 4924]
[3946, 3951, 3964, 3966, 3968, 3969, 3970, 3971, 3973, 3975, 3977, 3978, 3979, 3981, 3983, 3986, 3988, 3990, 3992, 3996, 3999, 4000, 4002, 4004, 4005, 4007, 4008, 4013, 4015, 4017, 4019, 4021, 4024, 4028, 4036, 4039, 4042, 4044, 4064, 4068, 4071, 4082, 4084, 4087, 4088, 4091, 4097, 4101, 4105, 4108, 4110, 4115, 4116, 4122, 4125, 4134, 4135, 4137, 4140, 4145, 4146, 4151, 4154, 4159, 4160, 4169, 4173, 4175, 4179, 4183, 4188, 4193, 4194, 4200, 4210, 4236, 4238, 4248, 4251, 4259, 4261, 4288, 4292, 4303, 4307, 4899, 4905, 4913, 4919, 4925]
[3369, 3373, 3376, 3380, 3931, 3932, 3940, 3941, 3950, 3967, 3974, 3987, 4018, 4032, 4033, 4073, 4074, 4078, 4079, 4093, 4213, 4215, 4216, 4220, 4257, 4271, 4273, 4274, 4279, 4313, 4314, 4315, 4327, 4329, 4330, 4331, 4343]
[3368, 3369, 3371, 3373, 3375, 3376, 3378, 3380, 3382, 3927, 3928, 3929, 3930, 3931, 3932, 3939, 3940, 3941, 3943, 3944, 3946, 3951, 3964, 3966, 3968, 3969, 3970, 3971, 3973, 3975, 3977, 3979, 3981, 3983, 3986, 3988, 3990, 3992, 3996, 3999, 4000, 4002, 4004, 4005, 4007, 4008, 4013, 4015, 4017, 4019, 4021, 4022, 4024, 4028, 4031, 4032, 4033, 4034, 4036, 4039, 4042, 4044, 4064, 4068, 4072, 4073, 4074, 4077, 4078, 4079, 4082, 4084, 4087, 4088, 4091, 4097, 4101, 4105, 4108, 4110, 4116, 4122, 4125, 4135, 4137, 4140, 4146, 4151, 4154, 4160, 4169, 4173, 4175, 4179, 4183, 4188, 4193, 4194, 4200, 4210, 4212, 4213, 4214, 4216, 4220, 4221, 4224, 4236, 4248, 4251, 4259, 4261, 4270, 4271, 4272, 4273, 4274, 4277, 4288, 4292, 4303, 4307, 4312, 4315, 4316, 4327, 4328, 4331, 4332, 4343, 4867, 4872, 4875, 4899, 4905, 4913, 4919, 4925, 4941, 4943]
[4055]
[4055]
[3369, 3373, 3376, 3380, 3391, 3931, 3932, 3940, 3941, 3945, 3949, 3950, 3958, 3963, 3965, 3967, 3972, 3974, 3976, 3978, 3980, 3982, 3984, 3985, 3987, 3989, 3991, 3995, 3998, 4001, 4003, 4006, 4010, 4011, 4012, 4014, 4016, 4018, 4020, 4023, 4027, 4032, 4033, 4035, 4038, 4041, 4046, 4049, 4050, 4054, 4056, 4059, 4063, 4067, 4071, 4073, 4074, 4078, 4079, 4081, 4083, 4086, 4090, 4093, 4096, 4100, 4104, 4107, 4115, 4121, 4134, 4136, 4145, 4150, 4159, 4165, 4168, 4172, 4174, 4177, 4178, 4182, 4191, 4192, 4196, 4199, 4209, 4213, 4215, 4216, 4220, 4222, 4223, 4240, 4257, 4258, 4260, 4263, 4265, 4266, 4267, 4268, 4269, 4271, 4273, 4274, 4278, 4279, 4280, 4285, 4286, 4287, 4291, 4297, 4298, 4299, 4300, 4301, 4302, 4306, 4313, 4314, 4315, 4317, 4319, 4322, 4325, 4327, 4329, 4330, 4331, 4333, 4335, 4338, 4341, 4343, 4868, 4870, 4873, 4876, 4880, 4884, 4898, 4904, 4912, 4918, 4924]
[3946, 3951, 3964, 3966, 3968, 3969, 3970, 3971, 3973, 3975, 3977, 3978, 3979, 3981, 3983, 3986, 3988, 3990, 3992, 3996, 3999, 4000, 4002, 4004, 4005, 4007, 4008, 4013, 4015, 4017, 4019, 4021, 4024, 4028, 4036, 4039, 4042, 4044, 4064, 4068, 4071, 4082, 4084, 4087, 4088, 4091, 4097, 4101, 4105, 4108, 4110, 4115, 4116, 4122, 4125, 4134, 4135, 4137, 4140, 4145, 4146, 4151, 4154, 4159, 4160, 4169, 4173, 4175, 4179, 4183, 4188, 4193, 4194, 4200, 4210, 4236, 4238, 4248, 4251, 4259, 4261, 4288, 4292, 4303, 4307, 4899, 4905, 4913, 4919, 4925]
[3946, 3951, 3964, 3966, 3968, 3969, 3970, 3971, 3973, 3975, 3977, 3978, 3979, 3981, 3983, 3986, 3988, 3990, 3992, 3996, 3999, 4000, 4002, 4004, 4005, 4007, 4008, 4013, 4015, 4017, 4019, 4021, 4024, 4028, 4036, 4039, 4042, 4044, 4064, 4068, 4071, 4082, 4084, 4087, 4088, 4091, 4097, 4101, 4105, 4108, 4110, 4115, 4116, 4122, 4125, 4134, 4135, 4137, 4140, 4145, 4146, 4151, 4154, 4159, 4160, 4169, 4173, 4175, 4179, 4183, 4188, 4193, 4194, 4200, 4210, 4236, 4238, 4248, 4251, 4259, 4261, 4288, 4292, 4303, 4307, 4899, 4905, 4913, 4919, 4925]
[3946, 3951, 3964, 3966, 3968, 3969, 3970, 3971, 3973, 3975, 3977, 3979, 3981, 3983, 3986, 3988, 3990, 3992, 3996, 3999, 4000, 4002, 4004, 4005, 4007, 4008, 4013, 4015, 4017, 4019, 4021, 4024, 4028, 4036, 4039, 4042, 4044, 4064, 4068, 4082, 4084, 4087, 4088, 4091, 4097, 4101, 4105, 4108, 4110, 4116, 4122, 4125, 4135, 4137, 4140, 4146, 4151, 4154, 4160, 4169, 4173, 4175, 4179, 4183, 4188, 4193, 4194, 4200, 4210, 4236, 4248, 4251, 4259, 4261, 4288, 4292, 4303, 4307, 4899, 4905, 4913, 4919, 4925]
[4055]
[4055]
[4055]
[3391, 3963, 3965, 3972, 3998, 4003, 4006, 4023, 4027, 4038, 4041, 4063, 4081, 4086, 4090, 4096, 4107, 4121, 4136, 4150, 4168, 4172, 4174, 4177, 4178, 4182, 4192, 4199, 4209, 4258, 4260, 4269, 4287, 4291, 4297, 4298, 4300, 4302, 4306, 4880, 4884, 4898, 4904, 4912, 4918, 4924]
[4055]
[3368, 3371, 3375, 3378, 3382, 3933, 3935, 3937, 3939, 3942, 3943, 3944, 3997, 4009, 4022, 4031, 4034, 4045, 4047, 4048, 4054, 4058, 4072, 4077, 4080, 4164, 4176, 4186, 4212, 4214, 4221, 4224, 4246, 4249, 4270, 4272, 4277, 4312, 4316, 4328, 4332, 4867, 4872, 4875, 4879, 4897, 4910, 4941, 4943]
[3934, 3936, 3938, 4247, 4250]
[3390, 4053, 4255]
[3390, 4053, 4255]
[3369, 3373, 3376, 3380, 3931, 3932, 3940, 3941, 4032, 4033, 4073, 4074, 4078, 4079, 4213, 4216, 4220, 4271, 4273, 4274, 4315, 4327, 4331, 4343]
[3946, 3951, 3964, 3966, 3968, 3969, 3970, 3971, 3972, 3973, 3975, 3977, 3979, 3981, 3983, 3986, 3988, 3990, 3992, 3996, 3999, 4000, 4002, 4004, 4005, 4007, 4008, 4013, 4015, 4017, 4019, 4021, 4024, 4028, 4036, 4039, 4042, 4044, 4064, 4068, 4082, 4084, 4087, 4088, 4091, 4097, 4101, 4105, 4107, 4108, 4110, 4116, 4121, 4122, 4125, 4135, 4136, 4137, 4140, 4146, 4150, 4151, 4154, 4160, 4168, 4169, 4173, 4175, 4179, 4183, 4188, 4193, 4194, 4200, 4210, 4236, 4246, 4248, 4249, 4251, 4259, 4261, 4288, 4292, 4303, 4307, 4899, 4905, 4913, 4919, 4925]
[2402, 2403]
[4100, 4260]
[3946, 3951, 3964, 3966, 3968, 3969, 3970, 3971, 3972, 3973, 3975, 3977, 3979, 3981, 3983, 3986, 3988, 3990, 3992, 3996, 3999, 4000, 4002, 4004, 4005, 4007, 4008, 4013, 4015, 4017, 4019, 4021, 4024, 4028, 4036, 4039, 4042, 4044, 4064, 4068, 4082, 4084, 4087, 4088, 4091, 4097, 4101, 4105, 4107, 4108, 4110, 4116, 4121, 4122, 4125, 4135, 4136, 4137, 4140, 4146, 4150, 4151, 4154, 4160, 4168, 4169, 4173, 4175, 4179, 4183, 4188, 4193, 4194, 4200, 4210, 4236, 4246, 4248, 4249, 4251, 4259, 4261, 4288, 4292, 4303, 4307, 4899, 4905, 4913, 4919, 4925]
[2402, 2403]
[3369, 3373, 3376, 3380, 3391, 3931, 3932, 3940, 3941, 3945, 3949, 3950, 3958, 3963, 3965, 3967, 3972, 3974, 3976, 3978, 3980, 3982, 3984, 3985, 3987, 3989, 3991, 3995, 3998, 4001, 4003, 4006, 4010, 4011, 4012, 4014, 4016, 4018, 4020, 4023, 4027, 4032, 4033, 4035, 4038, 4041, 4046, 4049, 4050, 4054, 4056, 4059, 4063, 4067, 4071, 4073, 4074, 4078, 4079, 4081, 4083, 4086, 4090, 4093, 4096, 4100, 4104, 4107, 4115, 4121, 4134, 4136, 4145, 4150, 4159, 4165, 4168, 4172, 4174, 4177, 4178, 4182, 4191, 4192, 4196, 4199, 4209, 4213, 4215, 4216, 4220, 4222, 4223, 4240, 4257, 4258, 4260, 4263, 4265, 4266, 4267, 4268, 4269, 4271, 4273, 4274, 4278, 4279, 4280, 4285, 4286, 4287, 4291, 4297, 4298, 4299, 4300, 4301, 4302, 4306, 4313, 4314, 4315, 4317, 4319, 4322, 4325, 4327, 4329, 4330, 4331, 4333, 4335, 4338, 4341, 4343, 4868, 4870, 4873, 4876, 4880, 4884, 4898, 4904, 4912, 4918, 4924]
[3946, 3951, 3964, 3966, 3968, 3969, 3970, 3971, 3972, 3973, 3975, 3977, 3979, 3981, 3983, 3986, 3988, 3990, 3992, 3996, 3999, 4000, 4002, 4004, 4005, 4007, 4008, 4013, 4015, 4017, 4019, 4021, 4024, 4028, 4036, 4039, 4042, 4044, 4064, 4068, 4082, 4084, 4087, 4088, 4091, 4097, 4101, 4105, 4107, 4108, 4110, 4116, 4121, 4122, 4125, 4135, 4136, 4137, 4140, 4146, 4150, 4151, 4154, 4160, 4168, 4169, 4173, 4175, 4179, 4183, 4188, 4193, 4194, 4200, 4210, 4236, 4246, 4248, 4249, 4251, 4259, 4261, 4288, 4292, 4303, 4307, 4899, 4905, 4913, 4919, 4925]
[2402, 2403]
[3369, 3373, 3376, 3380, 3931, 3932, 3940, 3941, 4032, 4033, 4073, 4074, 4078, 4079, 4213, 4216, 4220, 4271, 4273, 4274, 4315, 4327, 4331, 4343]
[3369, 3373, 3376, 3380, 3931, 3932, 3940, 3941, 4032, 4033, 4073, 4074, 4078, 4079, 4213, 4216, 4220, 4271, 4273, 4274, 4315, 4327, 4331, 4343]
[3368, 3369, 3371, 3373, 3375, 3376, 3378, 3380, 3382, 3927, 3928, 3929, 3930, 3931, 3932, 3939, 3940, 3941, 3943, 3944, 3946, 3951, 3964, 3966, 3968, 3969, 3970, 3971, 3973, 3975, 3977, 3979, 3981, 3983, 3986, 3988, 3990, 3992, 3996, 3999, 4000, 4002, 4004, 4005, 4007, 4008, 4013, 4015, 4017, 4019, 4021, 4022, 4024, 4028, 4031, 4032, 4033, 4034, 4036, 4039, 4042, 4044, 4064, 4068, 4072, 4073, 4074, 4077, 4078, 4079, 4082, 4084, 4087, 4088, 4091, 4097, 4101, 4105, 4108, 4110, 4116, 4122, 4125, 4135, 4137, 4140, 4146, 4151, 4154, 4160, 4169, 4173, 4175, 4179, 4183, 4188, 4193, 4194, 4200, 4210, 4212, 4213, 4214, 4216, 4220, 4221, 4224, 4236, 4248, 4251, 4259, 4261, 4270, 4271, 4272, 4273, 4274, 4277, 4288, 4292, 4303, 4307, 4312, 4315, 4316, 4327, 4328, 4331, 4332, 4343, 4867, 4872, 4875, 4899, 4905, 4913, 4919, 4925, 4941, 4943]
[4120]
[3934, 3936, 3938, 4247, 4250]
[4236]
[4236]
[4120]
[3945, 3949, 3950, 3958, 3967, 3974, 3976, 3980, 3982, 3984, 3985, 3987, 3989, 3991, 4010, 4011, 4012, 4014, 4016, 4018, 4020, 4046, 4049, 4050, 4056, 4059, 4093, 4165, 4191, 4196, 4215, 4222, 4223, 4240, 4257, 4265, 4266, 4267, 4268, 4278, 4279, 4280, 4285, 4286, 4299, 4301, 4313, 4314, 4317, 4319, 4322, 4325, 4329, 4330, 4333, 4335, 4338, 4341, 4868, 4870, 4873, 4876]
[3946, 3951, 3964, 3966, 3968, 3975, 3977, 3981, 3983, 3986, 3988, 3990, 3992, 4000, 4002, 4005, 4008, 4013, 4015, 4017, 4019, 4021, 4179, 4183, 4210, 4236, 4259, 4261, 4913, 4919, 4925]
[4092]
[4055]
[4055]
[4092]
[3391, 3963, 3965, 3972, 3998, 4003, 4006, 4023, 4027, 4038, 4041, 4063, 4081, 4086, 4090, 4096, 4107, 4121, 4136, 4150, 4168, 4172, 4174, 4177, 4178, 4182, 4192, 4199, 4209, 4258, 4260, 4269, 4287, 4291, 4297, 4298, 4300, 4302, 4306, 4880, 4884, 4898, 4904, 4912, 4918, 4924]
[4264]
[3391, 3963, 3965, 3972, 3998, 4003, 4006, 4023, 4027, 4038, 4041, 4063, 4081, 4086, 4090, 4096, 4107, 4121, 4136, 4150, 4168, 4172, 4174, 4177, 4178, 4182, 4192, 4199, 4209, 4258, 4260, 4269, 4287, 4291, 4297, 4298, 4300, 4302, 4306, 4880, 4884, 4898, 4904, 4912, 4918, 4924]
[4264]
[3934, 3936, 3938, 4247, 4250]
[4167]
[4100, 4260]
[3946, 3951, 3964, 3966, 3968, 3969, 3970, 3971, 3973, 3975, 3977, 3979, 3981, 3983, 3986, 3988, 3990, 3992, 3996, 3999, 4000, 4002, 4004, 4005, 4007, 4008, 4013, 4015, 4017, 4019, 4021, 4024, 4028, 4036, 4039, 4042, 4044, 4054, 4064, 4068, 4082, 4084, 4087, 4088, 4091, 4097, 4101, 4105, 4108, 4110, 4116, 4122, 4125, 4135, 4137, 4140, 4146, 4151, 4154, 4160, 4169, 4173, 4175, 4179, 4183, 4188, 4193, 4194, 4200, 4210, 4236, 4248, 4251, 4259, 4261, 4288, 4292, 4303, 4307, 4899, 4905, 4913, 4919, 4925]
[2115]
[3369, 3373, 3376, 3380, 3391, 3931, 3932, 3940, 3941, 3945, 3949, 3950, 3958, 3963, 3965, 3967, 3972, 3974, 3976, 3978, 3980, 3982, 3984, 3985, 3987, 3989, 3991, 3995, 3998, 4001, 4003, 4006, 4010, 4011, 4012, 4014, 4016, 4018, 4020, 4023, 4027, 4032, 4033, 4035, 4038, 4041, 4046, 4049, 4050, 4054, 4056, 4059, 4063, 4067, 4071, 4073, 4074, 4078, 4079, 4081, 4083, 4086, 4090, 4093, 4096, 4100, 4104, 4107, 4115, 4121, 4134, 4136, 4145, 4150, 4159, 4165, 4168, 4172, 4174, 4177, 4178, 4182, 4191, 4192, 4196, 4199, 4209, 4213, 4215, 4216, 4220, 4222, 4223, 4240, 4257, 4258, 4260, 4263, 4265, 4266, 4267, 4268, 4269, 4271, 4273, 4274, 4278, 4279, 4280, 4285, 4286, 4287, 4291, 4297, 4298, 4299, 4300, 4301, 4302, 4306, 4313, 4314, 4315, 4317, 4319, 4322, 4325, 4327, 4329, 4330, 4331, 4333, 4335, 4338, 4341, 4343, 4868, 4870, 4873, 4876, 4880, 4884, 4898, 4904, 4912, 4918, 4924]
[3946, 3951, 3964, 3966, 3968, 3969, 3970, 3971, 3973, 3975, 3977, 3979, 3981, 3983, 3986, 3988, 3990, 3992, 3996, 3999, 4000, 4002, 4004, 4005, 4007, 4008, 4013, 4015, 4017, 4019, 4021, 4024, 4028, 4036, 4039, 4042, 4044, 4054, 4064, 4068, 4082, 4084, 4087, 4088, 4091, 4097, 4101, 4105, 4108, 4110, 4116, 4122, 4125, 4135, 4137, 4140, 4146, 4151, 4154, 4160, 4169, 4173, 4175, 4179, 4183, 4188, 4193, 4194, 4200, 4210, 4236, 4248, 4251, 4259, 4261, 4288, 4292, 4303, 4307, 4899, 4905, 4913, 4919, 4925]
[2115]
[3369, 3373, 3376, 3380, 3931, 3932, 3940, 3941, 4032, 4033, 4054, 4073, 4074, 4078, 4079, 4213, 4216, 4220, 4271, 4273, 4274, 4315, 4327, 4331, 4343]
[3946, 3951, 3964, 3966, 3968, 3969, 3970, 3971, 3973, 3975, 3977, 3979, 3981, 3983, 3986, 3988, 3990, 3992, 3996, 3999, 4000, 4002, 4004, 4005, 4007, 4008, 4013, 4015, 4017, 4019, 4021, 4024, 4028, 4036, 4039, 4042, 4044, 4054, 4064, 4068, 4082, 4084, 4087, 4088, 4091, 4097, 4101, 4105, 4108, 4110, 4116, 4122, 4125, 4135, 4137, 4140, 4146, 4151, 4154, 4160, 4169, 4173, 4175, 4179, 4183, 4188, 4193, 4194, 4200, 4210, 4236, 4248, 4251, 4259, 4261, 4288, 4292, 4303, 4307, 4899, 4905, 4913, 4919, 4925]
[2115]
[3368, 3369, 3371, 3373, 3375, 3376, 3378, 3380, 3382, 3927, 3928, 3929, 3930, 3931, 3932, 3939, 3940, 3941, 3943, 3944, 3946, 3951, 3964, 3966, 3968, 3969, 3970, 3971, 3973, 3975, 3977, 3979, 3981, 3983, 3986, 3988, 3990, 3992, 3996, 3999, 4000, 4002, 4004, 4005, 4007, 4008, 4013, 4015, 4017, 4019, 4021, 4022, 4024, 4028, 4031, 4032, 4033, 4034, 4036, 4039, 4042, 4044, 4064, 4068, 4072, 4073, 4074, 4077, 4078, 4079, 4082, 4084, 4087, 4088, 4091, 4097, 4101, 4105, 4108, 4110, 4116, 4122, 4125, 4135, 4137, 4140, 4146, 4151, 4154, 4160, 4169, 4173, 4175, 4179, 4183, 4188, 4193, 4194, 4200, 4210, 4212, 4213, 4214, 4216, 4220, 4221, 4224, 4236, 4248, 4251, 4259, 4261, 4270, 4271, 4272, 4273, 4274, 4277, 4288, 4292, 4303, 4307, 4312, 4315, 4316, 4327, 4328, 4331, 4332, 4343, 4867, 4872, 4875, 4899, 4905, 4913, 4919, 4925, 4941, 4943]
[3934, 3936, 3938, 4247, 4250]
[4236]
[4894]
[4236]
[3368, 3371, 3375, 3378, 3382, 3927, 3928, 3929, 3930, 3939, 3943, 3944, 4022, 4031, 4034, 4072, 4077, 4212, 4214, 4221, 4224, 4246, 4249, 4270, 4272, 4277, 4312, 4316, 4328, 4332, 4867, 4872, 4875, 4941, 4943]
[4095, 4289, 4293, 4304, 4308]
[4095, 4113, 4119, 4128, 4132, 4143, 4149, 4157, 4163]
[4043, 4114, 4129, 4133]
[3369, 3373, 3376, 3380, 3931, 3932, 3940, 3941, 4032, 4033, 4073, 4074, 4078, 4079, 4213, 4216, 4220, 4271, 4273, 4274, 4315, 4327, 4331, 4343]
[3368, 3369, 3371, 3373, 3375, 3376, 3378, 3380, 3382, 3927, 3928, 3929, 3930, 3931, 3932, 3939, 3940, 3941, 3943, 3944, 3946, 3951, 3964, 3966, 3968, 3969, 3970, 3971, 3973, 3975, 3977, 3979, 3981, 3983, 3986, 3988, 3990, 3992, 3996, 3999, 4000, 4002, 4004, 4005, 4007, 4008, 4013, 4015, 4017, 4019, 4021, 4022, 4024, 4028, 4031, 4032, 4033, 4034, 4036, 4039, 4042, 4044, 4064, 4068, 4072, 4073, 4074, 4077, 4078, 4079, 4082, 4084, 4087, 4088, 4091, 4097, 4101, 4105, 4108, 4110, 4116, 4122, 4125, 4135, 4137, 4140, 4146, 4151, 4154, 4160, 4169, 4173, 4175, 4179, 4183, 4188, 4193, 4194, 4200, 4210, 4212, 4213, 4214, 4216, 4220, 4221, 4224, 4236, 4248, 4251, 4259, 4261, 4270, 4271, 4272, 4273, 4274, 4277, 4288, 4292, 4303, 4307, 4312, 4315, 4316, 4327, 4328, 4331, 4332, 4343, 4867, 4872, 4875, 4899, 4905, 4913, 4919, 4925, 4941, 4943]
[3368, 3371, 3375, 3378, 3382, 3388, 3396, 3927, 3928, 3929, 3930, 3933, 3935, 3937, 3939, 3942, 3943, 3944, 3997, 4009, 4022, 4031, 4034, 4045, 4047, 4048, 4054, 4058, 4072, 4077, 4080, 4117, 4147, 4161, 4164, 4176, 4180, 4184, 4186, 4211, 4212, 4214, 4219, 4221, 4224, 4237, 4246, 4249, 4252, 4253, 4254, 4270, 4272, 4277, 4312, 4316, 4328, 4332, 4867, 4872, 4875, 4879, 4897, 4910, 4911, 4917, 4923, 4941, 4943]
[4025, 4029, 4065, 4069, 4295, 4310, 4320, 4323, 4336, 4339]
[4025, 4029, 4065, 4069, 4295, 4310, 4320, 4323, 4336, 4339]
[2787, 2789]
[3388, 3396, 3933, 3935, 3937, 3942, 3997, 4009, 4045, 4047, 4048, 4058, 4080, 4117, 4147, 4161, 4164, 4176, 4180, 4184, 4186, 4211, 4219, 4237, 4252, 4253, 4254, 4879, 4897, 4910, 4911, 4917, 4923]
[4095, 4113, 4119, 4128, 4143, 4149, 4157, 4163, 4289, 4293, 4304, 4308]
[4113, 4119, 4128, 4143, 4149, 4157, 4163]
[3947]
[3934, 3936, 3938, 4247, 4250]
[4236]
[4892, 4894]
[4124]
[4236]
[3934, 3936, 3938, 4247, 4250]
[4289, 4293, 4304, 4308]
[4095, 4113, 4119, 4128, 4132, 4143, 4149, 4157, 4163]
[4043, 4114, 4129, 4133]
[3934, 3936, 3938, 4247, 4250]
[4095, 4289, 4293, 4304, 4308]
[4095, 4113, 4119, 4128, 4132, 4143, 4149, 4157, 4163]
[4043, 4114, 4129, 4133]
[3369, 3373, 3376, 3380, 3931, 3932, 3940, 3941, 4032, 4033, 4073, 4074, 4078, 4079, 4213, 4216, 4220, 4271, 4273, 4274, 4315, 4327, 4331, 4343]
[3368, 3369, 3371, 3373, 3375, 3376, 3378, 3380, 3382, 3927, 3928, 3929, 3930, 3931, 3932, 3939, 3940, 3941, 3943, 3944, 3946, 3951, 3964, 3966, 3968, 3969, 3970, 3971, 3973, 3975, 3977, 3979, 3981, 3983, 3986, 3988, 3990, 3992, 3996, 3999, 4000, 4002, 4004, 4005, 4007, 4008, 4013, 4015, 4017, 4019, 4021, 4022, 4024, 4028, 4031, 4032, 4033, 4034, 4036, 4039, 4042, 4044, 4064, 4068, 4072, 4073, 4074, 4077, 4078, 4079, 4082, 4084, 4087, 4088, 4091, 4097, 4101, 4105, 4108, 4110, 4116, 4122, 4125, 4135, 4137, 4140, 4146, 4151, 4154, 4160, 4169, 4173, 4175, 4179, 4183, 4188, 4193, 4194, 4200, 4210, 4212, 4213, 4214, 4216, 4220, 4221, 4224, 4236, 4248, 4251, 4259, 4261, 4270, 4271, 4272, 4273, 4274, 4277, 4288, 4292, 4303, 4307, 4312, 4315, 4316, 4327, 4328, 4331, 4332, 4343, 4867, 4872, 4875, 4899, 4905, 4913, 4919, 4925, 4941, 4943]
[3368, 3371, 3375, 3378, 3382, 3927, 3928, 3929, 3930, 3939, 3943, 3944, 4022, 4031, 4034, 4072, 4077, 4212, 4214, 4221, 4224, 4270, 4272, 4277, 4312, 4316, 4328, 4332, 4867, 4872, 4875, 4941, 4943]
[4217]
[4217]
[3934, 3936, 3938, 4247, 4250]
[4236]
[4892, 4894]
[4139]
[4236]
[3368, 3371, 3375, 3378, 3382, 3927, 3928, 3929, 3930, 3933, 3935, 3937, 3939, 3942, 3943, 3944, 3997, 4009, 4022, 4031, 4034, 4045, 4047, 4048, 4058, 4072, 4077, 4080, 4164, 4176, 4186, 4212, 4214, 4221, 4224, 4270, 4272, 4277, 4312, 4316, 4328, 4332, 4867, 4872, 4875, 4879, 4897, 4910, 4941, 4943]
[4095, 4132, 4289, 4293, 4304, 4308]
[4132]
[4144]
[3369, 3373, 3376, 3380, 3931, 3932, 3940, 3941, 4032, 4033, 4054, 4073, 4074, 4078, 4079, 4213, 4216, 4220, 4271, 4273, 4274, 4315, 4327, 4331, 4343]
[3368, 3369, 3371, 3373, 3375, 3376, 3378, 3380, 3382, 3927, 3928, 3929, 3930, 3931, 3932, 3939, 3940, 3941, 3943, 3944, 3946, 3951, 3964, 3966, 3968, 3969, 3970, 3971, 3973, 3975, 3977, 3979, 3981, 3983, 3986, 3988, 3990, 3992, 3996, 3999, 4000, 4002, 4004, 4005, 4007, 4008, 4013, 4015, 4017, 4019, 4021, 4022, 4024, 4028, 4031, 4032, 4033, 4034, 4036, 4039, 4042, 4044, 4064, 4068, 4072, 4073, 4074, 4077, 4078, 4079, 4082, 4084, 4087, 4088, 4091, 4097, 4101, 4105, 4108, 4110, 4116, 4122, 4125, 4135, 4137, 4140, 4146, 4151, 4154, 4160, 4169, 4173, 4175, 4179, 4183, 4188, 4193, 4194, 4200, 4210, 4212, 4213, 4214, 4216, 4220, 4221, 4224, 4236, 4248, 4251, 4259, 4261, 4270, 4271, 4272, 4273, 4274, 4277, 4288, 4292, 4303, 4307, 4312, 4315, 4316, 4327, 4328, 4331, 4332, 4343, 4867, 4872, 4875, 4899, 4905, 4913, 4919, 4925, 4941, 4943]
[3368, 3371, 3375, 3378, 3382, 3388, 3396, 3927, 3928, 3929, 3930, 3933, 3935, 3937, 3939, 3942, 3943, 3944, 3997, 4009, 4022, 4031, 4034, 4045, 4047, 4048, 4054, 4058, 4072, 4077, 4080, 4117, 4147, 4161, 4164, 4176, 4180, 4184, 4186, 4211, 4212, 4214, 4219, 4221, 4224, 4237, 4246, 4249, 4252, 4253, 4254, 4270, 4272, 4277, 4312, 4316, 4328, 4332, 4867, 4872, 4875, 4879, 4897, 4910, 4911, 4917, 4923, 4941, 4943]
[2115]
[3368, 3371, 3375, 3378, 3382, 3927, 3928, 3929, 3930, 3939, 3943, 3944, 4022, 4031, 4034, 4072, 4077, 4212, 4214, 4221, 4224, 4270, 4272, 4277, 4312, 4316, 4328, 4332, 4867, 4872, 4875, 4941, 4943]
[4113, 4119, 4128, 4143, 4149, 4157, 4163]
[4113, 4119, 4128, 4143, 4149, 4157, 4163]
[3947, 3948]
[3369, 3373, 3376, 3380, 3945, 3949, 3950, 3958, 3967, 3974, 3976, 3980, 3982, 3984, 3985, 3987, 3989, 3991, 4010, 4011, 4012, 4014, 4016, 4018, 4020, 4046, 4049, 4050, 4056, 4059, 4093, 4165, 4191, 4196, 4215, 4222, 4223, 4240, 4257, 4265, 4266, 4267, 4268, 4278, 4279, 4280, 4285, 4286, 4299, 4301, 4313, 4314, 4317, 4319, 4322, 4325, 4329, 4330, 4333, 4335, 4338, 4341, 4868, 4870, 4873, 4876]
[3934, 3936, 3938, 4247, 4250]
[4236]
[4892, 4894]
[3952]
[4236]
[3368, 3371, 3375, 3378, 3382, 3927, 3928, 3929, 3930, 3933, 3935, 3937, 3939, 3942, 3943, 3944, 3997, 4009, 4022, 4031, 4034, 4045, 4047, 4048, 4058, 4072, 4077, 4080, 4164, 4176, 4186, 4212, 4214, 4221, 4224, 4270, 4272, 4277, 4312, 4316, 4328, 4332, 4867, 4872, 4875, 4879, 4897, 4910, 4941, 4943]
[4095, 4132, 4289, 4293, 4304, 4308]
[4132]
[4158]
[3369, 3373, 3376, 3380, 3931, 3932, 3940, 3941, 4032, 4033, 4054, 4073, 4074, 4078, 4079, 4213, 4216, 4220, 4271, 4273, 4274, 4315, 4327, 4331, 4343]
[3368, 3369, 3371, 3373, 3375, 3376, 3378, 3380, 3382, 3927, 3928, 3929, 3930, 3931, 3932, 3939, 3940, 3941, 3943, 3944, 3946, 3951, 3964, 3966, 3968, 3969, 3970, 3971, 3973, 3975, 3977, 3979, 3981, 3983, 3986, 3988, 3990, 3992, 3996, 3999, 4000, 4002, 4004, 4005, 4007, 4008, 4013, 4015, 4017, 4019, 4021, 4022, 4024, 4028, 4031, 4032, 4033, 4034, 4036, 4039, 4042, 4044, 4064, 4068, 4072, 4073, 4074, 4077, 4078, 4079, 4082, 4084, 4087, 4088, 4091, 4097, 4101, 4105, 4108, 4110, 4116, 4122, 4125, 4135, 4137, 4140, 4146, 4151, 4154, 4160, 4169, 4173, 4175, 4179, 4183, 4188, 4193, 4194, 4200, 4210, 4212, 4213, 4214, 4216, 4220, 4221, 4224, 4236, 4248, 4251, 4259, 4261, 4270, 4271, 4272, 4273, 4274, 4277, 4288, 4292, 4303, 4307, 4312, 4315, 4316, 4327, 4328, 4331, 4332, 4343, 4867, 4872, 4875, 4899, 4905, 4913, 4919, 4925, 4941, 4943]
[3933, 3935, 3937, 3942, 3997, 4009, 4045, 4047, 4048, 4058, 4080, 4164, 4176, 4186, 4879, 4897, 4910]
[2115]
[3368, 3371, 3375, 3378, 3382, 3927, 3928, 3929, 3930, 3939, 3943, 3944, 4022, 4031, 4034, 4072, 4077, 4212, 4214, 4221, 4224, 4270, 4272, 4277, 4312, 4316, 4328, 4332, 4867, 4872, 4875, 4941, 4943]
[4113, 4119, 4128, 4143, 4149, 4157, 4163]
[4113, 4119, 4128, 4143, 4149, 4157, 4163]
[3947, 3948, 4120]
[3369, 3373, 3376, 3380, 3945, 3949, 3950, 3958, 3967, 3974, 3976, 3980, 3982, 3984, 3985, 3987, 3989, 3991, 4010, 4011, 4012, 4014, 4016, 4018, 4020, 4046, 4049, 4050, 4056, 4059, 4093, 4165, 4191, 4196, 4215, 4222, 4223, 4240, 4257, 4265, 4266, 4267, 4268, 4278, 4279, 4280, 4285, 4286, 4299, 4301, 4313, 4314, 4317, 4319, 4322, 4325, 4329, 4330, 4333, 4335, 4338, 4341, 4868, 4870, 4873, 4876]
[4012, 4016, 4100, 4260]
[3969, 3973, 3999, 4004, 4007, 4024, 4028, 4036, 4039, 4044, 4064, 4082, 4084, 4087, 4088, 4097, 4108, 4110, 4122, 4125, 4137, 4140, 4151, 4154, 4169, 4173, 4175, 4188, 4193, 4194, 4200, 4248, 4251, 4288, 4292, 4303, 4307, 4899, 4905]
[4246, 4249]
[4902, 4908]
[4012, 4016, 4100, 4260]
[3368, 3369, 3371, 3373, 3375, 3376, 3378, 3380, 3382, 3927, 3928, 3929, 3930, 3931, 3932, 3939, 3940, 3941, 3943, 3944, 3946, 3951, 3964, 3966, 3968, 3969, 3970, 3971, 3973, 3975, 3977, 3979, 3981, 3983, 3986, 3988, 3990, 3992, 3996, 3999, 4000, 4002, 4004, 4005, 4007, 4008, 4013, 4015, 4017, 4019, 4021, 4022, 4024, 4028, 4031, 4032, 4033, 4034, 4036, 4039, 4042, 4044, 4064, 4068, 4072, 4073, 4074, 4077, 4078, 4079, 4082, 4084, 4087, 4088, 4091, 4097, 4101, 4105, 4108, 4110, 4116, 4122, 4125, 4135, 4137, 4140, 4146, 4151, 4154, 4160, 4169, 4173, 4175, 4179, 4183, 4188, 4193, 4194, 4200, 4210, 4212, 4213, 4214, 4216, 4220, 4221, 4224, 4236, 4248, 4251, 4259, 4261, 4270, 4271, 4272, 4273, 4274, 4277, 4288, 4292, 4303, 4307, 4312, 4315, 4316, 4327, 4328, 4331, 4332, 4343, 4867, 4872, 4875, 4899, 4905, 4913, 4919, 4925, 4941, 4943]
[1183]
[4095]
[3368, 3371, 3375, 3378, 3382, 3933, 3935, 3937, 3939, 3942, 3943, 3944, 3997, 4009, 4022, 4031, 4034, 4045, 4047, 4048, 4058, 4072, 4077, 4080, 4164, 4176, 4186, 4212, 4214, 4221, 4224, 4246, 4249, 4270, 4272, 4277, 4312, 4316, 4328, 4332, 4867, 4872, 4875, 4879, 4897, 4910, 4941, 4943]
[3368, 3371, 3375, 3378, 3382, 3933, 3935, 3937, 3939, 3942, 3943, 3944, 3997, 4009, 4022, 4031, 4034, 4045, 4047, 4048, 4058, 4072, 4077, 4080, 4164, 4176, 4186, 4212, 4214, 4221, 4224, 4246, 4249, 4270, 4272, 4277, 4312, 4316, 4328, 4332, 4867, 4872, 4875, 4879, 4897, 4910, 4941, 4943]
[3978, 3995, 4001, 4035, 4067, 4071, 4083, 4100, 4104, 4115, 4134, 4145, 4159, 4263]
[4236]
[3978, 4054, 4071, 4115, 4134, 4145, 4159, 4189, 4195, 4238, 4239, 4900, 4906, 4914, 4920, 4926]
[4281, 4282]
[4281, 4282]
[2402, 2403]
[4238]
[4236]
[3368, 3369, 3371, 3373, 3375, 3376, 3378, 3380, 3382, 3927, 3928, 3929, 3930, 3931, 3932, 3939, 3940, 3941, 3943, 3944, 4022, 4031, 4032, 4033, 4034, 4072, 4073, 4074, 4077, 4078, 4079, 4189, 4195, 4212, 4213, 4214, 4216, 4220, 4221, 4224, 4239, 4270, 4271, 4272, 4273, 4274, 4277, 4312, 4315, 4316, 4327, 4328, 4331, 4332, 4343, 4867, 4872, 4875, 4900, 4906, 4914, 4920, 4926, 4941, 4943]
[3368, 3369, 3371, 3373, 3375, 3376, 3378, 3380, 3382, 3927, 3928, 3929, 3930, 3931, 3932, 3939, 3940, 3941, 3943, 3944, 4022, 4031, 4032, 4033, 4034, 4072, 4073, 4074, 4077, 4078, 4079, 4190, 4212, 4213, 4214, 4216, 4220, 4221, 4224, 4242, 4270, 4271, 4272, 4273, 4274, 4277, 4312, 4315, 4316, 4327, 4328, 4331, 4332, 4343, 4867, 4872, 4875, 4915, 4941, 4943]
[3369, 3373, 3376, 3380, 3931, 3932, 3940, 3941, 4032, 4033, 4054, 4073, 4074, 4078, 4079, 4213, 4216, 4220, 4271, 4273, 4274, 4315, 4327, 4331, 4343]
[3369, 3373, 3376, 3380, 3931, 3932, 3940, 3941, 4032, 4033, 4073, 4074, 4078, 4079, 4213, 4216, 4220, 4271, 4273, 4274, 4315, 4327, 4331, 4343]
[3368, 3369, 3371, 3373, 3375, 3376, 3378, 3380, 3382, 3927, 3928, 3929, 3930, 3931, 3932, 3939, 3940, 3941, 3943, 3944, 3946, 3951, 3964, 3966, 3968, 3969, 3970, 3971, 3973, 3975, 3977, 3979, 3981, 3983, 3986, 3988, 3990, 3992, 3996, 3999, 4000, 4002, 4004, 4005, 4007, 4008, 4013, 4015, 4017, 4019, 4021, 4022, 4024, 4028, 4031, 4032, 4033, 4034, 4036, 4039, 4042, 4044, 4064, 4068, 4072, 4073, 4074, 4077, 4078, 4079, 4082, 4084, 4087, 4088, 4091, 4097, 4101, 4105, 4108, 4110, 4116, 4122, 4125, 4135, 4137, 4140, 4146, 4151, 4154, 4160, 4169, 4173, 4175, 4179, 4183, 4188, 4193, 4194, 4200, 4210, 4212, 4213, 4214, 4216, 4220, 4221, 4224, 4236, 4248, 4251, 4259, 4261, 4270, 4271, 4272, 4273, 4274, 4277, 4288, 4292, 4303, 4307, 4312, 4315, 4316, 4327, 4328, 4331, 4332, 4343, 4867, 4872, 4875, 4899, 4905, 4913, 4919, 4925, 4941, 4943]
[4055]
[4900, 4906, 4914, 4920, 4926]
[1183]
[4113, 4119, 4128, 4143, 4149, 4157, 4163, 4167]
[3934, 3936, 3938, 4247, 4250]
[3946, 3951, 3964, 3966, 3968, 3969, 3970, 3971, 3973, 3975, 3977, 3979, 3981, 3983, 3986, 3988, 3990, 3992, 3996, 3999, 4000, 4002, 4004, 4005, 4007, 4008, 4013, 4015, 4017, 4019, 4021, 4024, 4028, 4036, 4039, 4042, 4044, 4064, 4068, 4082, 4084, 4087, 4088, 4091, 4097, 4101, 4105, 4108, 4110, 4116, 4122, 4125, 4135, 4137, 4140, 4146, 4151, 4154, 4160, 4169, 4173, 4175, 4179, 4183, 4188, 4193, 4194, 4200, 4210, 4236, 4248, 4251, 4259, 4261, 4288, 4292, 4303, 4307, 4899, 4905, 4913, 4919, 4925]
[4189, 4195, 4239, 4900, 4906, 4914, 4920, 4926]
[4198, 4255, 4289, 4293, 4304, 4308]
[4198, 4255, 4902, 4908]
[3972, 4107, 4121, 4136, 4150, 4168, 4190, 4242, 4246, 4249, 4915]
[4198]
[3978, 4071, 4115, 4134, 4145, 4159]
[3369, 3373, 3376, 3380, 3950, 3967, 3972, 3974, 3978, 3987, 4018, 4054, 4071, 4093, 4107, 4115, 4121, 4134, 4136, 4145, 4150, 4159, 4168, 4215, 4257, 4279, 4313, 4314, 4329, 4330]
[4236]
[3369, 3373, 3376, 3380, 3931, 3932, 3940, 3941, 4032, 4033, 4073, 4074, 4078, 4079, 4213, 4216, 4220, 4271, 4273, 4274, 4315, 4327, 4331, 4343]
[3368, 3369, 3371, 3373, 3375, 3376, 3378, 3380, 3382, 3927, 3928, 3929, 3930, 3931, 3932, 3939, 3940, 3941, 3943, 3944, 3946, 3951, 3964, 3966, 3968, 3969, 3970, 3971, 3973, 3975, 3977, 3979, 3981, 3983, 3986, 3988, 3990, 3992, 3996, 3999, 4000, 4002, 4004, 4005, 4007, 4008, 4013, 4015, 4017, 4019, 4021, 4022, 4024, 4028, 4031, 4032, 4033, 4034, 4036, 4039, 4042, 4044, 4064, 4068, 4072, 4073, 4074, 4077, 4078, 4079, 4082, 4084, 4087, 4088, 4091, 4097, 4101, 4105, 4108, 4110, 4116, 4122, 4125, 4135, 4137, 4140, 4146, 4151, 4154, 4160, 4169, 4173, 4175, 4179, 4183, 4188, 4193, 4194, 4200, 4210, 4212, 4213, 4214, 4216, 4220, 4221, 4224, 4236, 4248, 4251, 4259, 4261, 4270, 4271, 4272, 4273, 4274, 4277, 4288, 4292, 4303, 4307, 4312, 4315, 4316, 4327, 4328, 4331, 4332, 4343, 4867, 4872, 4875, 4899, 4905, 4913, 4919, 4925, 4941, 4943]
[4262]
[3369, 3373, 3376, 3380, 3931, 3932, 3940, 3941, 4032, 4033, 4054, 4073, 4074, 4078, 4079, 4213, 4216, 4220, 4271, 4273, 4274, 4315, 4327, 4331, 4343]
[4264]
[3934, 3936, 3938, 4247, 4250]
[3934, 3936, 3938, 4247, 4250]
[3934, 3936, 3938, 4247, 4250]
[3934, 3936, 3938, 4247, 4250]
[3391, 3963, 3965, 3972, 3998, 4003, 4006, 4023, 4027, 4038, 4041, 4063, 4081, 4086, 4090, 4096, 4107, 4121, 4136, 4150, 4168, 4172, 4174, 4177, 4178, 4182, 4192, 4199, 4209, 4258, 4260, 4269, 4287, 4291, 4297, 4298, 4300, 4302, 4306, 4880, 4884, 4898, 4904, 4912, 4918, 4924]
[3934, 3936, 3938, 4247, 4250]
[3969, 3973, 3999, 4004, 4007, 4024, 4028, 4036, 4039, 4044, 4064, 4082, 4084, 4087, 4088, 4097, 4108, 4110, 4122, 4125, 4137, 4140, 4151, 4154, 4169, 4173, 4175, 4188, 4193, 4194, 4200, 4248, 4251, 4288, 4292, 4303, 4307, 4899, 4905]
[3947, 3948, 4037, 4040, 4120]
[3369, 3373, 3376, 3380, 3391, 3931, 3932, 3940, 3941, 3945, 3949, 3950, 3958, 3963, 3965, 3967, 3972, 3974, 3976, 3978, 3980, 3982, 3984, 3985, 3987, 3989, 3991, 3995, 3998, 4001, 4003, 4006, 4010, 4011, 4012, 4014, 4016, 4018, 4020, 4023, 4027, 4032, 4033, 4035, 4038, 4041, 4046, 4049, 4050, 4054, 4056, 4059, 4063, 4067, 4071, 4073, 4074, 4078, 4079, 4081, 4083, 4086, 4090, 4093, 4096, 4100, 4104, 4107, 4115, 4121, 4134, 4136, 4145, 4150, 4159, 4165, 4168, 4172, 4174, 4177, 4178, 4182, 4191, 4192, 4196, 4199, 4209, 4213, 4215, 4216, 4220, 4222, 4223, 4240, 4257, 4258, 4260, 4263, 4265, 4266, 4267, 4268, 4269, 4271, 4273, 4274, 4278, 4279, 4280, 4285, 4286, 4287, 4291, 4297, 4298, 4299, 4300, 4301, 4302, 4306, 4313, 4314, 4315, 4317, 4319, 4322, 4325, 4327, 4329, 4330, 4331, 4333, 4335, 4338, 4341, 4343, 4868, 4870, 4873, 4876, 4880, 4884, 4898, 4904, 4912, 4918, 4924]
[4454]
[1720]
[1029, 1030]
[1328, 1329]
[376, 4835]
[376, 4835]
[3241, 3242, 5054]
[1598]
[3273, 3283]
[810, 812]
[812]
[810]
[810, 812]
[810, 812]
[1675]
[946, 953, 961, 968, 975, 983, 990, 998, 1113, 1715, 2413, 3787, 3806, 5210, 5212]
[401]
[1676, 1677]
[946, 953, 961, 968, 975, 983, 990, 998, 1113, 1715, 2413, 3787, 3806, 5210, 5212]
[1672]
[1297]
[644, 3285]
[109]
[644]
[109]
[644]
[1297]
[644]
[647]
[4377]
[646]
[4379]
[3819]
[14, 2992]
[14, 2992]
[4381]
[4510]
[42]
[42]
[810]
[1448, 1627]
[270, 4655]
[270, 4655]
[761]
[1585]
[1497]
[1497]
[270, 4655]
[2115]
[2115]
[401]
[2114]
[2114]
[2110]
[761]
[2115]
[811, 813]
[813]
[811, 813]
[811]
[812]
[1448, 5044]
[814]
[872, 1113, 1120, 1698, 1712, 1713, 1714, 1715, 1828, 2413, 3281, 3282, 3784, 3787, 3791, 3806, 3807, 5210, 5212]
[1470]
[2299]
[1739]
[4510]
[4510]
[1422, 1426]
[811]
[811, 813]
[811, 812, 813]
[813]
[673]
[872, 1828]
[59]
[794]
[1097]
[1675, 2959, 4772]
[2229, 2230]
[1558]
[1097]
[1675, 2959]
[3716]
[794]
[62, 4422, 4449]
[4423]
[794]
[1470]
[1470]
[1289, 1377, 1469, 1470, 1477, 2522, 2531]
[4440]
[4441]
[78, 79, 252, 1648, 2794, 3139, 4554, 4559, 4561, 4563, 5013, 5155, 5158, 5205]
[51]
[78, 79, 252, 1648, 2794, 3139, 4554, 4559, 4561, 4563, 5013, 5155, 5158, 5205]
[5081, 5082]
[59]
[1470]
[62, 4422, 4449]
[4450]
[62, 4422, 4449]
[3702]
[1300, 1301]
[1470]
[794]
[4506]
[4507]
[2512]
[4521, 4522]
[4521, 4522]
[4523]
[4395, 4398]
[270, 4655]
[2396, 2397]
[4403, 4404, 4408]
[761]
[4666]
[4666]
[270, 4655]
[275]
[4524]
[1503, 3723]
[4385]
[2115]
[5081, 5082]
[3219, 3223]
[4535]
[4537]
[1640, 1642]
[3219, 3223]
[1470]
[17, 406, 1410]
[4543]
[4544]
[4545]
[2573, 2574]
[2573, 2574]
[4549]
[4550]
[813]
[3632]
[948, 955, 977, 992, 1000]
[2940]
[3065]
[1211, 1598]
[544]
[4553]
[4552]
[4551]
[4557]
[3150]
[4556]
[4558]
[810, 812]
[4510]
[401]
[401]
[1873, 4927]
[1873, 4927]
[1873, 4927]
[78, 79, 252, 1648, 2794, 3139, 4554, 4559, 4561, 4563, 5013, 5155, 5158, 5205]
[2975]
[78, 79, 252, 1648, 2794, 3139, 4554, 4559, 4561, 4563, 5013, 5155, 5158, 5205]
[2975]
[4855]
[4856]
[4857]
[4856]
[4856]
[4856]
[4860]
[4859]
[5011]
[3748]
[4849]
[2153]
[4568]
[4573, 4575, 4577]
[4574, 4576, 4578]
[4573, 4575, 4577]
[4574, 4576, 4578]
[4573, 4575, 4577]
[4574, 4576, 4578]
[4579]
[4580]
[4581]
[4582]
[4583]
[4584]
[4585]
[4586]
[4573, 4575, 4577]
[395, 1545, 2184]
[396, 1546, 2185]
[4574, 4576, 4578]
[4587]
[4588]
[464, 615, 2811, 4589, 4591]
[5133]
[810]
[810, 811, 812, 813]
[810, 812]
[1120, 1712, 3282, 3791]
[1120, 1712, 3282, 3791]
[1508]
[1508]
[4772]
[2947, 2953]
[1406]
[1406]
[1406]
[902]
[641]
[641]
[590, 595, 596, 2935, 4892]
[4593]
[2044, 2046, 2080, 2084, 3446, 3448, 3464, 3482, 3484, 3500, 3518, 3537, 3573, 3592]
[4594]
[4594]
[2582, 2601, 2757, 2766, 3645, 3664, 4597]
[2044, 2046, 2080, 2084, 3446, 3448, 3464, 3482, 3484, 3500, 3518, 3537, 3573, 3592]
[2586, 2605, 2758, 2767, 3646, 3665, 4599]
[2044, 2046, 2080, 2084, 3446, 3448, 3464, 3482, 3484, 3500, 3518, 3537, 3573, 3592]
[2031, 2588, 2607]
[1771, 1790]
[1770, 1778, 1789, 1797]
[2033, 2034, 2589, 2590, 2608, 2609]
[2033, 2034, 2589, 2590, 2608, 2609]
[644, 1284]
[644]
[1350]
[607]
[1207, 1375, 1468, 1476]
[812]
[810]
[872, 1828]
[401]
[1372]
[1372]
[2921]
[2921]
[872, 1828]
[872, 1828]
[2227, 2228]
[3133]
[3133]
[2947, 2953, 3132]
[812]
[810]
[872, 1828]
[401]
[1598]
[1598]
[2921]
[2921]
[872, 1828]
[872, 1828]
[2227, 2228]
[3133]
[3133]
[2947, 2953, 3132]
[3166]
[1720]
[1720]
[399]
[1207, 1375, 1468, 1476]
[4627]
[4628]
[109]
[4629]
[401]
[810, 811, 812, 813]
[5093]
[962, 984, 999]
[494]
[4635]
[4636]
[4637, 4638]
[4637, 4638]
[2187]
[3632]
[4640]
[1597]
[4642]
[810]
[1508]
[1713, 3281]
[1120, 1712, 3282, 3791]
[4643]
[4667, 4668]
[4667, 4668]
[4667, 4668]
[4667, 4668]
[4667, 4668]
[59]
[5128]
[794]
[264, 2880, 2920]
[264, 2880, 2920]
[804, 2426]
[810, 812]
[4978]
[811, 813, 4978]
[810, 812]
[4978]
[4978]
[810, 812]
[810]
[812]
[811, 812, 813, 2992]
[811, 812, 813, 2992]
[4678]
[4678]
[4678]
[4678]
[1120, 1712, 1715, 1739, 3282, 3787, 3791]
[811]
[3134]
[858, 4512]
[1152, 1156, 1863]
[810]
[1120, 1712, 3282, 3791]
[1674, 2958]
[1674, 2958]
[3759, 3760]
[5053]
[948, 955, 977, 992, 1000]
[1675]
[572]
[1390, 5098, 5099]
[5101]
[377, 1048]
[377, 1048]
[4692]
[14, 810, 811, 812]
[811]
[4699]
[448]
[2920]
[153]
[949, 956, 963, 970, 978, 985, 993, 1001, 1673, 2957]
[949, 956, 963, 970, 978, 985, 993, 1001, 1673, 2957]
[1598]
[3285]
[4696]
[1598]
[3285]
[4696]
[1598]
[3285]
[4700]
[3285]
[3285]
[3285]
[4702]
[1598]
[3285]
[4704]
[5098]
[4706]
[5012]
[1561]
[4722]
[4723]
[1470]
[810, 812]
[810, 812]
[2884, 2885]
[3181]
[2305]
[2358]
[1406, 3181]
[2348]
[5097, 5098, 5099, 5100, 5101]
[5098, 5100, 5101]
[5097, 5099, 5101]
[1390, 5097, 5098, 5099, 5100, 5101]
[5097, 5098, 5099, 5100, 5101]
[4729]
[4730]
[4731]
[1870, 4732]
[4733]
[4734]
[4734]
[4804]
[1207, 1375, 1468, 1476]
[4373]
[810]
[812]
[810, 812]
[810, 812]
[812]
[810]
[810, 811, 812]
[810, 812]
[810, 812]
[812]
[810, 812]
[810, 811, 812]
[813]
[14, 810, 811, 812, 813, 4978]
[568, 3833]
[1744]
[965, 979]
[965, 979]
[1057, 1058]
[1284, 3285]
[4761]
[4761]
[35]
[4777]
[4777]
[5157]
[4777]
[4777]
[4773, 4774, 4775, 4776]
[811, 813]
[810, 812]
[1448, 5044]
[816, 3179]
[4373]
[1698]
[1672]
[1672]
[3922, 3923]
[3922, 3923]
[810]
[810, 811, 812]
[810]
[811, 813]
[810, 811, 813]
[15, 1210, 1282, 4961]
[416, 606, 4780]
[4403, 4404, 4408]
[1672]
[569, 1735, 1746, 1747, 1748, 1749, 4770]
[4777]
[1547]
[1547]
[4797]
[4927]
[1171, 3742, 3745, 3747]
[2975]
[1171, 3742, 3745, 3747]
[2975]
[1885]
[1167]
[78, 252, 1648, 2794, 3139, 4554, 4559, 4561, 4563, 5013, 5155, 5158, 5205]
[14, 810, 811, 812, 813, 4978]
[811, 813]
[811]
[810]
[810]
[811, 813]
[810, 812]
[812]
[811, 813]
[810, 812]
[1706, 5087]
[4466]
[1715, 3787]
[4805]
[2554]
[1715, 3787]
[1715, 3787]
[4806]
[493, 2338]
[4812]
[4813]
[1207, 1375, 1468, 1476]
[1207, 1375, 1468, 1476]
[4797]
[1207, 1375, 1468, 1476]
[103, 3184]
[948, 955, 977, 992, 1000, 4344]
[4829]
[4830]
[4831]
[4832, 4846]
[4833]
[4844]
[4836]
[4836]
[4837]
[4838, 4839]
[4838, 4839]
[4842, 4843]
[4842, 4843]
[1598]
[4844]
[4845]
[4847]
[810]
[810]
[1448, 5044]
[680]
[4902, 4908]
[4902, 4908]
[429]
[47]
[3065]
[1698]
[4848]
[4849]
[4850]
[3343, 4851]
[481, 4849, 4850]
[4856]
[4857]
[4856]
[4855]
[4856]
[1516]
[4856]
[4860]
[3783, 4861]
[3843, 3854, 3865]
[4862]
[4863]
[4864]
[920]
[3970, 4100]
[3934, 3936, 3938, 4247, 4250]
[4869]
[3934, 3936, 3938, 4247, 4250]
[4871]
[3970, 4100]
[3369, 3373, 3376, 3380, 3931, 3932, 3940, 3941, 3972, 4032, 4033, 4073, 4074, 4078, 4079, 4107, 4121, 4136, 4150, 4168, 4213, 4216, 4220, 4271, 4273, 4274, 4315, 4327, 4331, 4343]
[4874]
[3970, 4100]
[3369, 3373, 3376, 3380, 3931, 3932, 3940, 3941, 4032, 4033, 4054, 4073, 4074, 4078, 4079, 4213, 4216, 4220, 4271, 4273, 4274, 4315, 4327, 4331, 4343]
[3934, 3936, 3938, 4247, 4250]
[3934, 3936, 3938, 4247, 4250]
[4886]
[4886]
[4886]
[2111, 2116]
[2109]
[5038]
[2639, 2640, 2643, 2646, 2651, 2658, 2659, 2662, 2665, 2670, 2676, 2677, 2678, 2680, 2683]
[4883, 4886]
[3934, 3936, 3938, 4247, 4250]
[2115]
[284]
[4883]
[3934, 3936, 3938, 4247, 4250]
[3934, 3936, 3938, 4247, 4250]
[4944]
[3934, 3936, 3938, 4247, 4250]
[4883, 4886]
[3934, 3936, 3938, 4247, 4250]
[3391, 3963, 3965, 3972, 3998, 4003, 4006, 4023, 4027, 4038, 4041, 4063, 4081, 4086, 4090, 4096, 4107, 4121, 4136, 4150, 4168, 4172, 4174, 4177, 4178, 4182, 4192, 4199, 4209, 4258, 4260, 4269, 4287, 4291, 4297, 4298, 4300, 4302, 4306, 4880, 4884, 4898, 4904, 4912, 4918, 4924]
[3970, 3971, 3979, 3996, 4042, 4068, 4091, 4101, 4105, 4116, 4135, 4146, 4160]
[3933, 3935, 3937, 3942, 3950, 3967, 3970, 3971, 3974, 3978, 3979, 3987, 3995, 3996, 3997, 4001, 4009, 4018, 4035, 4042, 4045, 4047, 4048, 4058, 4067, 4068, 4071, 4080, 4083, 4091, 4093, 4100, 4101, 4104, 4105, 4115, 4116, 4134, 4135, 4145, 4146, 4159, 4160, 4164, 4176, 4186, 4187, 4189, 4195, 4215, 4236, 4238, 4239, 4257, 4263, 4279, 4313, 4314, 4329, 4330, 4879, 4897, 4900, 4906, 4910, 4914, 4920, 4926]
[4198, 4255]
[4132]
[4903]
[3369, 3373, 3376, 3380, 3950, 3967, 3972, 3974, 3978, 3987, 4018, 4054, 4071, 4093, 4107, 4115, 4121, 4134, 4136, 4145, 4150, 4159, 4168, 4215, 4257, 4279, 4313, 4314, 4329, 4330]
[4236]
[3368, 3369, 3371, 3373, 3375, 3376, 3378, 3380, 3382, 3927, 3928, 3929, 3930, 3931, 3932, 3939, 3940, 3941, 3943, 3944, 4022, 4031, 4032, 4033, 4034, 4072, 4073, 4074, 4077, 4078, 4079, 4189, 4195, 4212, 4213, 4214, 4216, 4220, 4221, 4224, 4239, 4270, 4271, 4272, 4273, 4274, 4277, 4312, 4315, 4316, 4327, 4328, 4331, 4332, 4343, 4867, 4872, 4875, 4900, 4906, 4914, 4920, 4926, 4941, 4943]
[4198, 4255]
[4113, 4119, 4128, 4143, 4149, 4157, 4163, 4289, 4293, 4304, 4308]
[4909]
[3934, 3936, 3938, 4247, 4250]
[3369, 3373, 3376, 3380, 3931, 3932, 3940, 3941, 4032, 4033, 4073, 4074, 4078, 4079, 4213, 4216, 4220, 4271, 4273, 4274, 4315, 4327, 4331, 4343]
[3946, 3951, 3964, 3966, 3968, 3975, 3977, 3981, 3983, 3986, 3988, 3990, 3992, 4000, 4002, 4005, 4008, 4013, 4015, 4017, 4019, 4021, 4179, 4183, 4210, 4236, 4259, 4261, 4913, 4919, 4925]
[1181]
[4666]
[4666]
[3934, 3936, 3938, 4247, 4250]
[3369, 3373, 3376, 3380, 4054]
[3946, 3951, 3964, 3966, 3968, 3969, 3970, 3971, 3973, 3975, 3977, 3978, 3979, 3981, 3983, 3986, 3988, 3990, 3992, 3996, 3999, 4000, 4002, 4004, 4005, 4007, 4008, 4013, 4015, 4017, 4019, 4021, 4024, 4028, 4036, 4039, 4042, 4044, 4054, 4064, 4068, 4071, 4082, 4084, 4087, 4088, 4091, 4097, 4101, 4105, 4108, 4110, 4115, 4116, 4122, 4125, 4134, 4135, 4137, 4140, 4145, 4146, 4151, 4154, 4159, 4160, 4169, 4173, 4175, 4179, 4183, 4188, 4193, 4194, 4200, 4210, 4236, 4238, 4248, 4251, 4259, 4261, 4288, 4292, 4303, 4307, 4899, 4905, 4913, 4919, 4925]
[4054, 4189, 4195, 4239, 4900, 4906, 4914, 4920, 4926]
[4054, 4190, 4242, 4915]
[4874, 4916, 4922]
[3934, 3936, 3938, 4247, 4250]
[3369, 3373, 3376, 3380, 3931, 3932, 3940, 3941, 4032, 4033, 4073, 4074, 4078, 4079, 4213, 4216, 4220, 4271, 4273, 4274, 4315, 4327, 4331, 4343]
[3368, 3369, 3371, 3373, 3375, 3376, 3378, 3380, 3382, 3927, 3928, 3929, 3930, 3931, 3932, 3939, 3940, 3941, 3943, 3944, 3946, 3951, 3964, 3966, 3968, 3969, 3970, 3971, 3972, 3973, 3975, 3977, 3979, 3981, 3983, 3986, 3988, 3990, 3992, 3996, 3999, 4000, 4002, 4004, 4005, 4007, 4008, 4013, 4015, 4017, 4019, 4021, 4022, 4024, 4028, 4031, 4032, 4033, 4034, 4036, 4039, 4042, 4044, 4064, 4068, 4072, 4073, 4074, 4077, 4078, 4079, 4082, 4084, 4087, 4088, 4091, 4097, 4101, 4105, 4107, 4108, 4110, 4116, 4121, 4122, 4125, 4135, 4136, 4137, 4140, 4146, 4150, 4151, 4154, 4160, 4168, 4169, 4173, 4175, 4179, 4183, 4188, 4193, 4194, 4200, 4210, 4212, 4213, 4214, 4216, 4220, 4221, 4224, 4236, 4246, 4248, 4249, 4251, 4259, 4261, 4270, 4271, 4272, 4273, 4274, 4277, 4288, 4292, 4303, 4307, 4312, 4315, 4316, 4327, 4328, 4331, 4332, 4343, 4867, 4872, 4875, 4899, 4905, 4913, 4919, 4925, 4941, 4943]
[3368, 3369, 3371, 3373, 3375, 3376, 3378, 3380, 3382, 3927, 3928, 3929, 3930, 3931, 3932, 3939, 3940, 3941, 3943, 3944, 4022, 4031, 4032, 4033, 4034, 4054, 4072, 4073, 4074, 4077, 4078, 4079, 4189, 4195, 4212, 4213, 4214, 4216, 4220, 4221, 4224, 4239, 4270, 4271, 4272, 4273, 4274, 4277, 4312, 4315, 4316, 4327, 4328, 4331, 4332, 4343, 4867, 4872, 4875, 4900, 4906, 4914, 4920, 4926, 4941, 4943]
[3368, 3369, 3371, 3373, 3375, 3376, 3378, 3380, 3382, 3927, 3928, 3929, 3930, 3931, 3932, 3939, 3940, 3941, 3943, 3944, 4022, 4031, 4032, 4033, 4034, 4072, 4073, 4074, 4077, 4078, 4079, 4190, 4212, 4213, 4214, 4216, 4220, 4221, 4224, 4242, 4270, 4271, 4272, 4273, 4274, 4277, 4312, 4315, 4316, 4327, 4328, 4331, 4332, 4343, 4867, 4872, 4875, 4915, 4941, 4943]
[4874, 4916, 4922]
[3934, 3936, 3938, 4247, 4250]
[3391, 3950, 3963, 3965, 3967, 3972, 3974, 3987, 3998, 4003, 4006, 4018, 4023, 4027, 4038, 4041, 4063, 4081, 4086, 4090, 4093, 4096, 4107, 4121, 4136, 4150, 4168, 4172, 4174, 4177, 4178, 4182, 4192, 4199, 4209, 4215, 4257, 4258, 4260, 4269, 4279, 4287, 4291, 4297, 4298, 4300, 4302, 4306, 4313, 4314, 4329, 4330, 4880, 4884, 4898, 4904, 4912, 4918, 4924]
[3969, 3973, 3999, 4004, 4007, 4024, 4028, 4036, 4039, 4044, 4064, 4082, 4084, 4087, 4088, 4097, 4108, 4110, 4122, 4125, 4137, 4140, 4151, 4154, 4169, 4173, 4175, 4188, 4193, 4194, 4200, 4248, 4251, 4288, 4292, 4303, 4307, 4899, 4905]
[4189, 4195, 4239]
[4190, 4242]
[4916]
[1493, 3397, 3926, 4940]
[4055]
[4944]
[4055]
[4942]
[810]
[810]
[1713, 3281]
[1714, 3784]
[1714, 3784]
[3133]
[3133]
[3749]
[3749]
[5131]
[1698]
[4772]
[4810]
[4514]
[4859]
[2307]
[1207, 1375, 1468, 1476]
[5183]
[4961]
[5191]
[5097, 5098, 5099, 5100, 5101]
[1343, 4981]
[2992, 2993]
[4965]
[272]
[4968]
[811]
[810, 812]
[810, 812]
[810]
[810, 812]
[4977]
[2993]
[4980]
[810, 812]
[810, 812]
[812]
[810, 812]
[811]
[4982]
[2168]
[1197, 1198, 1199]
[3285]
[1365]
[1440, 3285]
[3152]
[1073]
[1870, 4732, 5111]
[4978]
[4476]
[872, 1828]
[3749]
[1068]
[1328, 1329]
[3100]
[1672]
[2872, 2873]
[2872, 2873]
[469, 470, 474, 475, 1589, 1590]
[469, 470, 474, 475, 1589, 1590]
[102, 1217, 1218, 1700]
[5007]
[1597, 3631]
[1598]
[5012]
[78, 79, 252, 1648, 2794, 3139, 4554, 4559, 4561, 4563, 5013, 5155, 5158, 5205]
[1741, 3216, 3218, 4632, 4634]
[1470]
[1470]
[810, 812]
[810, 812]
[810, 812]
[812]
[810, 812]
[810, 812]
[810]
[1672]
[811, 813]
[812]
[810, 812]
[811, 812, 813]
[810, 812]
[813]
[813]
[811, 813]
[810, 812]
[813]
[810, 812]
[812]
[811]
[811, 813]
[810, 812]
[1236]
[813]
[811, 813]
[811, 813]
[810, 811, 812, 813]
[813]
[813]
[3113]
[3113]
[814]
[814]
[872, 1120, 1712, 1828, 3282, 3791]
[810, 811, 812]
[810]
[36]
[2901, 2921, 5058, 5060]
[1759]
[2959]
[47]
[3065]
[3181]
[1675]
[2282]
[264, 2880, 2920]
[5051]
[5052]
[4644, 4645]
[872, 1120, 1712, 1828, 3282, 3791]
[1472, 2498, 2511, 2516]
[1472, 2498, 2511, 2516]
[5054]
[5055]
[5056, 5057]
[5056, 5057]
[5058, 5060]
[5059, 5061]
[5062]
[5063]
[810, 812]
[1283]
[357]
[1759]
[915, 916, 917, 918, 919]
[5064]
[4403, 4404, 4408]
[5066]
[409]
[2975]
[1741, 3216, 3218, 4632, 4634]
[3632]
[1597, 1598, 3631]
[2817]
[673, 4644]
[4510]
[644, 3285]
[78, 79, 252, 1648, 2794, 3139, 4554, 4559, 4561, 4563, 5013, 5155, 5158, 5205]
[78, 79, 252, 1648, 2794, 3139, 4554, 4559, 4561, 4563, 5013, 5155, 5158, 5205]
[5081]
[5081]
[5083]
[5044]
[972, 1393]
[891]
[5093]
[367, 4569, 4571, 5094]
[368, 369, 4570, 4572]
[946, 953, 961, 968, 975, 983, 990, 998]
[3133]
[5092]
[1398]
[401]
[3632]
[1085, 1091]
[1081, 1087]
[5102, 5105]
[5103, 5106]
[5104, 5107]
[1085, 1091]
[1081, 1087]
[5102, 5105]
[5103, 5106]
[5104, 5107]
[811, 813]
[810]
[810, 812]
[810]
[811]
[812]
[810, 812]
[2187]
[15]
[5108]
[5109]
[5110]
[1870, 5111]
[5112]
[5154]
[1170]
[5139]
[5140]
[5141]
[5142]
[5143]
[794]
[794]
[1298, 1548]
[2847]
[5152]
[811, 812]
[673, 4644, 4645]
[454, 455, 2918, 2919]
[1120, 1712, 3282, 3791]
[1120, 1712, 3282, 3791]
[1932]
[3628, 5160]
[810, 812]
[567, 943, 950, 957, 965, 972, 979, 987, 994, 1393, 1711, 5084]
[5093]
[5163]
[417]
[417]
[2946, 2952]
[1408]
[3131]
[5164]
[417]
[15]
[15]
[813]
[810, 812]
[812]
[812]
[810, 812]
[810, 812]
[812]
[812]
[884]
[5178]
[2357]
[2357]
[15]
[752]
[752]
[3155]
[5181]
[5182]
[5183]
[5185]
[5188]
[5181]
[5188]
[5191]
[5193]
[5194]
[1440]
[1702]
[401]
[5075]
[5200]
[5200]
[5201]
[5203]
[78, 79, 252, 1648, 2794, 3139, 4554, 4559, 4561, 4563, 5013, 5155, 5158, 5205]
[5202]
[78, 79, 252, 1648, 2794, 3139, 4554, 4559, 4561, 4563, 5013, 5155, 5158, 5205]
[1588]
[2869, 2870, 2936, 2937]
[5211]
