[0]
[1]
[2830]
[2830]
[2830]
[2830]
[4493]
[25, 26, 964, 965, 966, 967, 1917, 1920, 1921, 1923, 1924, 1925, 1944, 1945, 1946, 1957, 1958, 1960, 1961, 1962, 1969, 4151, 4152, 4153, 4154, 4155, 4159, 4160, 4161, 4162, 4163]
[18]
[20]
[21]
[22]
[23]
[24]
[3985]
[679]
[279, 1963, 2900, 3720]
[3883]
[481]
[774]
[2591]
[2591]
[279, 1963, 2900, 3720]
[3883]
[481]
[2091, 2116, 2561, 4360]
[1456]
[25, 26, 964, 965, 966, 967, 1917, 1920, 1921, 1923, 1924, 1925, 1944, 1945, 1946, 1957, 1958, 1960, 1961, 1962, 1969, 4151, 4152, 4153, 4154, 4155, 4159, 4160, 4161, 4162, 4163]
[28]
[1840, 1842, 1844]
[30]
[31]
[32]
[33]
[40]
[41]
[42]
[44, 595, 1503]
[275, 414, 1112, 1518, 2049, 2553, 2850]
[2637]
[2205, 3732]
[46]
[50, 51, 3781]
[49]
[52, 67, 69, 82, 1106, 1226, 1227, 1228, 1364, 1750, 1752, 1754, 1756, 1927, 2548, 2952, 3160, 3213, 3887, 3891, 4209]
[53]
[56]
[57]
[58]
[59]
[60]
[561, 879, 3717]
[61]
[265, 702, 1706]
[46, 3725]
[486]
[2913]
[63]
[1059]
[65]
[66]
[52, 67, 69, 82, 1106, 1226, 1227, 1228, 1364, 1750, 1752, 1754, 1756, 1927, 2548, 2952, 3160, 3213, 3887, 3891, 4209]
[3161]
[52, 67, 69, 82, 1106, 1226, 1227, 1228, 1364, 1750, 1752, 1754, 1756, 1927, 2548, 2952, 3160, 3213, 3887, 3891, 4209]
[70]
[71]
[72]
[73, 3624, 3642]
[74, 3649]
[76]
[76]
[1222]
[4113]
[81]
[52, 67, 69, 82, 1106, 1226, 1227, 1228, 1364, 1750, 1752, 1754, 1756, 1927, 2548, 2952, 3160, 3213, 3887, 3891, 4209]
[84]
[83]
[85]
[86]
[84]
[87]
[2237]
[3063]
[2237]
[3063]
[2237]
[3063]
[91]
[611]
[1825]
[1067, 1071]
[1116, 1117, 1657, 1658, 1736]
[1950]
[1791]
[1279, 1634, 1647, 1710, 3189, 3667]
[96]
[584, 634, 1733, 1775, 2669, 4074, 4093]
[3768]
[98, 4214]
[99]
[100]
[1513, 1965]
[102, 103]
[104, 105, 106, 107]
[104, 105, 106, 107]
[1968]
[1968]
[110]
[109]
[111]
[2237]
[2237]
[1339]
[2237]
[2237]
[2237]
[1514]
[91]
[1540]
[292]
[115]
[117]
[117]
[2574]
[322]
[2748]
[121]
[124, 125]
[124, 125]
[126, 127]
[126, 127]
[128]
[129]
[130]
[1184]
[3631]
[133]
[134]
[192]
[193]
[135]
[893, 2972]
[137, 139]
[138]
[137, 139]
[445, 447]
[147]
[148, 178, 274, 672, 851, 1504, 2179, 2636, 4012, 4377]
[1458, 4150]
[150]
[151]
[152]
[153]
[154]
[155]
[156]
[157, 158]
[157, 158]
[1118, 1119, 1463, 1464]
[1118, 1119, 1463, 1464]
[161]
[162]
[162]
[163, 3099]
[164]
[165]
[3594]
[3594]
[3594]
[167, 168]
[167, 168]
[169]
[170, 1136]
[171]
[172]
[173, 174]
[173, 174]
[175, 176]
[175, 176]
[177]
[612]
[184]
[185]
[183]
[188, 189, 190, 191]
[188, 189, 190, 191]
[1681]
[195, 196, 197, 198]
[197]
[195]
[195, 196, 197, 198]
[199]
[136, 201]
[200]
[202]
[203]
[206]
[207, 208]
[207, 208]
[209, 210, 218, 219, 2286, 2287]
[209, 210, 218, 219, 2286, 2287]
[211, 220]
[213, 214, 215, 222, 223, 224, 1936, 1937, 1938, 2165, 2166, 2167, 2294, 2295, 2296]
[213, 214, 215, 222, 223, 224, 1936, 1937, 1938, 2165, 2166, 2167, 2294, 2295, 2296]
[213, 214, 215, 222, 223, 224, 1936, 1937, 1938, 2165, 2166, 2167, 2294, 2295, 2296]
[1513, 4125]
[2168, 2169]
[2168, 2169]
[213, 214, 215, 222, 223, 224, 1936, 1937, 1938, 2165, 2166, 2167, 2294, 2295, 2296]
[213, 214, 215, 222, 223, 224, 1936, 1937, 1938, 2165, 2166, 2167, 2294, 2295, 2296]
[213, 214, 215, 222, 223, 224, 1936, 1937, 1938, 2165, 2166, 2167, 2294, 2295, 2296]
[1513]
[209, 210, 218, 219, 2286, 2287]
[209, 210, 218, 219, 2286, 2287]
[211, 220]
[213, 214, 215, 222, 223, 224, 1936, 1937, 1938, 2165, 2166, 2167, 2294, 2295, 2296]
[213, 214, 215, 222, 223, 224, 1936, 1937, 1938, 2165, 2166, 2167, 2294, 2295, 2296]
[213, 214, 215, 222, 223, 224, 1936, 1937, 1938, 2165, 2166, 2167, 2294, 2295, 2296]
[1513, 4125]
[2168, 2169]
[2168, 2169]
[213, 214, 215, 222, 223, 224, 1936, 1937, 1938, 2165, 2166, 2167, 2294, 2295, 2296]
[213, 214, 215, 222, 223, 224, 1936, 1937, 1938, 2165, 2166, 2167, 2294, 2295, 2296]
[213, 214, 215, 222, 223, 224, 1936, 1937, 1938, 2165, 2166, 2167, 2294, 2295, 2296]
[1513]
[290, 579, 828, 835]
[3644, 4077]
[227, 254, 255, 256, 257, 3270]
[228]
[200, 319, 1397, 1398]
[229]
[230]
[2907]
[232]
[233]
[232, 234, 254, 255, 256, 2970, 3270, 3271, 4020]
[521]
[521]
[240]
[241]
[242, 243]
[242, 243]
[244]
[245]
[246]
[247]
[249, 250]
[249, 250]
[251]
[252]
[253]
[254, 255, 256]
[257]
[1681]
[1681]
[289, 1681, 3594, 3869, 3885, 4203]
[1681]
[258]
[2187]
[3702]
[671, 1260, 1316, 1693, 2181, 2639, 2738]
[309, 1261]
[525]
[468]
[2176]
[543]
[259, 260]
[259, 260]
[1766]
[268]
[3205]
[269]
[270]
[271, 1007, 4039]
[272]
[593]
[148, 178, 274, 672, 851, 1504, 2179, 2636, 4012, 4377]
[2851, 3925, 4379, 4405]
[2353]
[2699]
[277]
[278]
[279, 1963, 3720]
[280]
[281]
[282]
[290, 579, 828, 835]
[291]
[1684]
[2393]
[96, 294, 404, 450, 1732, 1824, 3173, 3716, 4190]
[451, 2933]
[295]
[296]
[289, 3885, 4203]
[453, 454]
[453, 454]
[297]
[297]
[298]
[298]
[297]
[297]
[298]
[298]
[305]
[149, 275, 326, 430, 594, 611, 1009, 1097, 1288, 1427, 1490, 1578, 1654, 1694, 1813, 1815, 2047, 2248, 2479, 2602, 2850, 2851, 3175, 3192, 3821, 3855, 3871, 3923, 3924, 3925, 4317, 4379, 4404, 4405, 4452]
[842, 843, 1096, 2186, 2480, 4080]
[1097, 1815]
[312]
[314, 507, 641, 3679]
[316]
[362, 508, 3093, 3680, 3743, 3748]
[2383, 3744]
[3298, 3301, 3474, 3476, 3482, 3485, 3499, 3501, 3504]
[514, 515, 2056, 2057, 2381]
[514, 515, 2056, 2057, 2381]
[1525]
[815, 822, 827]
[514, 515, 2056, 2057, 2381]
[4262]
[324, 3815, 3817]
[325, 3816, 3818]
[397, 398]
[397, 398]
[329]
[330]
[331]
[332]
[333]
[601, 882, 2911, 3431, 3432, 3435, 3436, 3489, 3491]
[601, 882, 2911, 3431, 3432, 3435, 3436, 3489, 3491]
[2800]
[336, 3916]
[376]
[334, 1205, 2800, 2801]
[87, 1205]
[2237]
[339]
[340]
[341]
[342]
[343]
[344]
[345]
[346]
[570, 2456]
[352]
[570, 2456]
[348]
[3195]
[148, 178, 274, 672, 851, 1504, 2179, 2636, 4012, 4377]
[3201, 3202, 3203]
[813]
[281]
[281]
[153]
[813]
[4002, 4003]
[361]
[361]
[361]
[358]
[358]
[362, 508, 3093, 3680, 3743, 3748]
[363]
[364]
[368, 1546, 3097, 3747]
[365]
[366]
[367]
[368, 1546, 3097, 3747]
[373]
[370]
[371]
[372]
[1554]
[807, 808, 2357, 2358]
[3903]
[3883]
[3883]
[4206]
[1681]
[289, 3869, 3885, 4203]
[1681]
[3568]
[2455]
[2704]
[2682]
[379, 1036, 1037, 1374, 2517, 2518, 2519, 2520, 2685]
[379, 1036, 1037, 2517, 2518, 2519, 2520]
[380]
[1088, 1089, 1684]
[381]
[384]
[612, 4407]
[2661]
[880]
[406]
[407]
[865]
[409]
[1513, 1965]
[410]
[414, 428, 2047]
[307, 669, 1096, 2554, 2600, 2739, 2896, 3927, 4403]
[416, 3201, 3202, 3203]
[2667]
[1520]
[420, 421, 1521]
[420, 421, 1521]
[336, 337, 714, 1556, 2303, 3759]
[1116, 1117, 3860, 3861, 3862, 3863, 3876, 3877, 3878, 3879]
[2667]
[1302, 1304]
[420, 421, 1298, 1521, 2114, 4430]
[425]
[1786]
[44, 595, 1503, 1713, 3777]
[431]
[1219, 2939]
[2938]
[679, 880, 1603, 1604, 1605]
[452]
[4199]
[1121]
[3112]
[443]
[444, 1219, 2939]
[148, 178, 274, 672, 851, 1504, 2179, 2636, 4012, 4377]
[578, 3994]
[1824, 3173, 4190]
[427, 1579, 1635, 4411]
[405]
[148, 178, 274, 356, 672, 851, 1504, 2179, 2636, 4012, 4377]
[1093]
[2589]
[2589]
[1510]
[152, 282]
[152, 282]
[852]
[852]
[463]
[462]
[463]
[464, 525]
[465]
[466]
[467]
[468]
[611]
[471, 472]
[471, 472]
[2578]
[471, 472]
[471, 472]
[597, 616, 766, 1279, 1283, 2183, 3189]
[474]
[481, 2693, 3198]
[313, 465, 3194]
[313, 465, 3194]
[483, 484]
[483, 484]
[476, 482]
[485, 1465]
[474]
[3915]
[307, 309, 473, 488, 669, 671, 673, 880, 1097, 1260, 1261, 1316, 1317, 1458, 1531, 1573, 1576, 1637, 1693, 1815, 1816, 2181, 2248, 2600, 2637, 2638, 2639, 2738, 2807, 3927, 4150]
[489]
[490]
[491]
[492]
[493]
[494]
[453, 454, 809, 1500, 1501, 1657, 1658, 1736, 3864, 3876, 3877, 3878, 3879, 4099, 4199]
[48, 1500, 1501, 1657, 1658, 1736, 3179, 3864, 4193, 4194, 4199, 4201]
[495]
[494]
[762, 3568]
[3011]
[4122, 4124]
[4124]
[144, 842, 843, 2480, 3669, 4291]
[1096, 2480]
[314, 507, 641, 3679]
[3095]
[706]
[1865, 2410, 2412]
[511]
[80, 2836, 3234, 3235, 3770]
[513, 3639]
[2381, 3744]
[2381, 3744]
[1028, 2381]
[518]
[4140]
[611]
[276, 690, 696, 1574]
[522]
[523]
[524]
[525]
[526, 2581]
[527]
[580, 581]
[1519]
[3201, 3202, 3203, 3995]
[1513, 1965]
[3857]
[4000]
[4001]
[3859]
[4002, 4003]
[4383]
[3857]
[3858]
[159, 160, 2846, 3865, 3866, 3881, 3882]
[3867]
[3857]
[3874, 4001]
[536, 1459]
[537]
[538]
[539]
[540]
[539]
[542]
[543]
[543, 544]
[545]
[546]
[547, 549]
[547, 549]
[548]
[550]
[162]
[1102]
[552]
[553, 554, 555, 556]
[553, 554, 555, 556]
[553, 554]
[553, 554]
[557, 558]
[179, 432, 560, 2178, 4330]
[613, 2202, 3702, 3704, 4410]
[309, 679, 1261]
[562]
[563]
[565]
[437, 4338]
[567]
[568]
[441]
[441]
[606]
[569]
[570, 2456]
[571]
[572]
[573, 574]
[573, 574]
[575]
[576]
[578, 3994]
[290, 579, 828, 835]
[580, 581]
[580, 581]
[582]
[583]
[584, 634, 1733, 1775, 2669, 4074, 4093]
[632]
[586]
[587]
[1678]
[588]
[592, 635, 1744, 1781, 1784, 2674]
[3701]
[310, 2924, 3571]
[597, 616, 766, 1283, 2183]
[695, 1060, 1814, 4247, 4249]
[430, 449, 1009, 1097, 1288, 1409, 1578, 1646, 1694, 1815, 2352, 2602, 2813, 3192, 3665, 3708, 4070, 4071, 4169, 4294]
[598]
[50, 51, 2791, 3196, 3197, 3781]
[1094, 2249, 2355, 3825]
[1492]
[4476]
[850]
[3981, 4373]
[44, 595, 1503, 3777]
[275, 2850]
[604]
[605]
[606]
[607]
[607]
[3867]
[288, 475, 1265, 1271, 1499, 1502, 1512, 1964, 2693, 3198, 3868, 3884, 4157, 4324, 4384]
[1657, 1658]
[1657, 1658]
[2777]
[2905]
[1812]
[275, 2850]
[2578]
[43, 44, 276, 593, 595, 803, 1082, 1503, 1530, 1655, 2895, 3174, 3700, 3922, 4237]
[1060, 1814]
[307, 669, 2600, 3927]
[415]
[473, 488, 1531, 1816]
[523, 620, 1480, 1489, 2187, 2737]
[148, 178, 274, 672, 851, 1504, 2179, 2636, 4012, 4377]
[42, 44, 595, 1289, 1503, 1668, 2768, 3176, 3617, 4292, 4305, 4311]
[45, 503, 842, 2247, 3709, 3870, 4310]
[2049]
[308, 3701, 4307]
[2467, 2795, 4238]
[473, 488, 1531, 1816]
[2467, 4238]
[310, 2924, 3571]
[597, 616, 766, 1283, 2183]
[633, 2675]
[44, 595, 692, 1278, 1503]
[2628, 4290]
[1286, 2601, 2808, 2853]
[1282]
[4067]
[859, 1604]
[3704]
[585, 639]
[640]
[314, 507, 641, 3679]
[642]
[3598]
[3683]
[514, 515]
[1028, 2381]
[3606]
[1540]
[3662]
[642]
[653]
[654]
[337]
[337]
[1565, 3915]
[335]
[659]
[1186]
[660]
[661]
[3]
[2575]
[253, 666]
[3]
[2575]
[667]
[2135, 3693]
[666]
[2049]
[3822, 3856, 3872]
[277, 437, 1745, 2772, 3720, 4338]
[836, 3200]
[836, 3200]
[361]
[880]
[671, 1260, 1316, 1693, 2181, 2639, 2738]
[148, 178, 274, 672, 851, 1504, 2179, 2636, 4012, 4377]
[4013, 4014]
[831, 3666]
[693, 1284, 1575, 2805, 3190]
[1576, 2807]
[818, 823]
[1009, 1288, 1578, 2602, 3192]
[4068]
[294, 1606, 2049, 2063, 2351, 2739, 2810, 3976, 4298]
[2353]
[2332, 2699, 4081]
[148, 178, 274, 672, 851, 1504, 2179, 2636, 4012, 4377]
[1250, 2795, 3777]
[149, 594, 1490, 2468, 2662, 3603, 3821, 3855, 3871, 4317]
[2469, 2555]
[3928]
[2690]
[699]
[701, 736]
[1025]
[1830, 1831, 4195, 4196]
[700]
[1736]
[702]
[703]
[704, 2375]
[705]
[707]
[3675]
[3629]
[711]
[713, 1103]
[712]
[713, 1103]
[714, 3949]
[715]
[723]
[717, 718]
[97, 4213]
[3583]
[723]
[724]
[725]
[726]
[378, 583, 2248]
[2470]
[586]
[4323]
[587]
[1500, 1501, 1736, 3864, 4199]
[1500, 1501, 1736, 3864, 4199]
[1292]
[1078, 1735]
[746]
[747]
[748]
[202]
[126, 127]
[203]
[4004, 4263]
[3057, 4380]
[750]
[751, 752]
[3058, 3201, 3202, 3203, 3995]
[758]
[1415, 3858]
[334, 335, 1556, 2801]
[1257]
[1257]
[788]
[789]
[790, 791]
[790, 791]
[792, 793]
[792, 793]
[794]
[795]
[322]
[800, 1090, 1091]
[801]
[550]
[96, 273, 4091]
[673, 1317, 1573]
[1576, 2807]
[4067]
[1102]
[551, 3853]
[1292]
[1965]
[3674]
[1094, 2249]
[2250, 2251, 2252]
[2250, 2251, 2252]
[2250, 2251, 2252]
[2256]
[644]
[644]
[2203]
[2925, 2927, 4084]
[844]
[845]
[846]
[3915]
[848]
[849]
[148, 178, 274, 672, 851, 1504, 2179, 2636, 4012, 4377]
[852]
[853, 854, 855]
[853, 854, 855]
[853, 854, 855]
[856]
[337]
[885]
[45, 502, 1096, 4403]
[3787, 3788, 3789, 3790]
[1499, 3868, 3884, 4324]
[815]
[1716]
[831, 3666]
[309, 1261]
[2204, 4403, 4406]
[1282, 1603, 1604, 1605, 2351, 3702, 3717, 4292, 4305, 4308]
[4067]
[4057]
[1488, 1519, 2812, 4272, 4313]
[2186, 3669, 4080, 4275]
[2717]
[892]
[893]
[894]
[896, 897]
[896, 897]
[900, 901]
[900, 901]
[898, 899]
[898, 899]
[902, 903]
[902, 903]
[904, 905]
[904, 905]
[4268, 4269]
[4268, 4269]
[908]
[1407]
[1407, 2788]
[912]
[913]
[146]
[640, 1163]
[1515]
[1386, 1430]
[2728]
[1299]
[917, 3559]
[918, 3560]
[919, 920, 3561, 3562]
[919, 920, 3561, 3562]
[917, 921, 3559, 3563]
[922, 3564]
[923]
[924]
[925]
[926]
[1686]
[1166]
[929]
[1166]
[931]
[932]
[933]
[934]
[480]
[935]
[939]
[562]
[941]
[942]
[950]
[951]
[953]
[954]
[955, 963]
[126, 127]
[126, 127]
[126, 127]
[126, 127]
[126, 127]
[956]
[957]
[958]
[126, 127]
[126, 127]
[959]
[126, 127]
[3631, 3632, 3633]
[962]
[960, 3002]
[126, 127]
[955, 963]
[126, 127]
[2961, 2962, 2963]
[25, 26, 964, 965, 966, 967, 1917, 1920, 1921, 1923, 1924, 1925, 1944, 1945, 1946, 1957, 1958, 1960, 1961, 1962, 1969, 4151, 4152, 4153, 4154, 4155, 4159, 4160, 4161, 4162, 4163]
[969, 975, 1001, 1913, 1915, 1916]
[977]
[126, 127]
[970]
[969, 975, 1001, 1913, 1915, 1916]
[971]
[972]
[973]
[974]
[1746]
[25, 26, 964, 965, 966, 967, 1917, 1920, 1921, 1923, 1924, 1925, 1944, 1945, 1946, 1957, 1958, 1960, 1961, 1962, 1969, 4151, 4152, 4153, 4154, 4155, 4159, 4160, 4161, 4162, 4163]
[976]
[977]
[2347, 3854]
[978]
[979]
[980]
[1094, 2249]
[1513, 1965]
[3857]
[4240, 4241]
[3864]
[981]
[982]
[980]
[192]
[983]
[984]
[985]
[986]
[988]
[989]
[990]
[991]
[992]
[995]
[987]
[993]
[994]
[996]
[997]
[2276]
[2277]
[2278]
[2279]
[2281]
[2280]
[289, 3885, 4203]
[289, 3885, 4203]
[4353, 4355]
[1004]
[258]
[1305]
[45, 502, 504, 1009, 1096, 1288, 1532, 1578, 1823, 1959, 2047, 2063, 2186, 2204, 2480, 2602, 3192, 3716, 4084, 4271, 4291]
[4068]
[2855, 4069]
[1009, 1074, 1286, 1287, 1288, 1408, 1458, 1576, 1578, 1637, 2248, 2601, 2602, 2807, 2808, 2810, 2853, 2854, 2855, 3192, 3819, 4057, 4067, 4068, 4069, 4150]
[2186, 3709, 3870, 4080, 4309, 4310]
[3665, 4294]
[405, 449, 611, 619, 673, 1285, 1317, 1409, 1573, 1646, 1647, 2185, 2352, 2631, 2813, 2926, 3665, 3667, 3668, 3708, 4057, 4070, 4071, 4169, 4294]
[890, 4072]
[1654]
[2769, 3731, 3777]
[307, 669, 679, 1096, 1533, 1602, 2554, 2600, 2739, 2896, 3701, 3927, 4403, 4409]
[679]
[673, 679, 691, 1317, 1573, 2063, 2351, 2739, 2896]
[306, 597, 616, 766, 1011, 1279, 1283, 1602, 1603, 2183, 2204, 3189, 4406]
[694, 1286, 1533, 1602, 2063, 2351, 2601, 2808, 2853, 4403, 4409]
[2352, 4070]
[1319]
[148, 178, 274, 672, 851, 1504, 2179, 2636, 4012, 4377]
[1649]
[309, 1261]
[414, 2468, 2555, 2662, 3603]
[2228]
[1663]
[675]
[816, 2902, 2903]
[1513]
[1496, 1525]
[1309]
[2672]
[815]
[1662, 3069, 3214, 3886, 4009, 4043]
[3883]
[165]
[4244]
[2517, 2683]
[1036, 2518]
[1248]
[63]
[63]
[63]
[4259]
[4259]
[63]
[4259]
[4259]
[4259]
[1206, 1769, 1770]
[1049]
[1161]
[1051]
[1052]
[1053]
[1054]
[1055]
[1056]
[1057]
[1157]
[1069]
[18, 1431, 3917]
[1163, 1305]
[1072]
[1073]
[149, 594, 1490, 3821, 3855, 3871, 4317]
[4066]
[286, 414, 415, 1654, 2048, 2634, 2839]
[1112, 1518, 1519, 2553]
[610, 1113]
[670]
[95, 1574, 1655, 2895]
[1318]
[1098]
[1099]
[3062]
[550, 3853]
[1101]
[1103]
[52, 67, 69, 82, 1106, 1226, 1227, 1228, 1364, 1750, 1752, 1754, 1756, 1927, 2548, 2952, 3160, 3213, 3887, 3891, 4209]
[1107, 1108, 1153, 2406, 2433, 2439]
[1107]
[1104]
[1105]
[1109]
[1109]
[1124]
[167, 168]
[167, 168]
[395, 396, 614, 615]
[395, 396, 614, 615]
[1133, 1134]
[1133, 1134]
[1129, 1130, 1547, 1548]
[1129, 1130, 1547, 1548]
[391, 392, 1129, 1130, 2735, 2736]
[391, 392, 1129, 1130, 2735, 2736]
[2626, 2627]
[2626, 2627]
[1135]
[177]
[1137]
[1138]
[1142]
[494]
[477, 478, 2155, 2156]
[1151]
[1405]
[1147, 1253, 1348]
[2508, 2509]
[1145]
[2840]
[1407]
[1407]
[1144, 1151]
[1152]
[1153]
[1154]
[1155]
[1156]
[1157]
[1158]
[1159]
[1161]
[1348]
[1517]
[4076]
[1160]
[1161]
[1051]
[1051]
[1163]
[1164]
[1165]
[1166]
[1167, 1168]
[1167]
[1170]
[1171, 1172]
[1171, 1172]
[3208, 3223, 4147]
[3144, 4148]
[2789]
[1191]
[544, 686, 687, 2772]
[4202]
[4202]
[1196]
[1200]
[1201]
[1200]
[1201]
[1090, 1091]
[1203]
[2445, 4126]
[1222, 4246]
[1820]
[1211]
[1148, 1212]
[1210]
[1043, 1044, 1046, 1047]
[1208]
[1209]
[332]
[3604]
[1022]
[970, 1022]
[1213]
[1214]
[1277]
[4245]
[2238, 4397]
[4246]
[3014, 3548, 3551]
[1215]
[726]
[2793]
[292]
[2238]
[1222]
[1216]
[1217]
[1218]
[1219, 2939]
[1221]
[1222]
[1223]
[1224, 2270]
[1225, 1234]
[52, 67, 69, 82, 1106, 1226, 1227, 1228, 1364, 1750, 1752, 1754, 1756, 1927, 2548, 2952, 3160, 3213, 3887, 3891, 4209]
[52, 67, 69, 82, 1106, 1226, 1227, 1228, 1364, 1750, 1752, 1754, 1756, 1927, 2548, 2952, 3160, 3213, 3887, 3891, 4209]
[52, 67, 69, 82, 1106, 1226, 1227, 1228, 1364, 1750, 1752, 1754, 1756, 1927, 2548, 2952, 3160, 3213, 3887, 3891, 4209]
[52, 67, 69, 82, 1106, 1226, 1227, 1228, 1364, 1750, 1752, 1754, 1756, 1927, 2548, 2952, 3160, 3213, 3887, 3891, 4209]
[943]
[4232]
[1230, 1231]
[1230, 1231]
[1242]
[1325]
[1326, 1631, 2558, 2559]
[1236]
[1237]
[1238]
[1239]
[1240]
[1241]
[1242]
[1243]
[1244]
[1245]
[1246]
[499, 500, 802, 1251]
[1338, 1400, 1404, 1717, 1722, 1903, 2173]
[1338, 1400, 1404, 1717, 1722, 1903, 2173]
[1101, 1164]
[1254]
[1255]
[1256]
[1257]
[1430]
[1803, 1804]
[2554]
[673, 1317, 1573]
[1602]
[597, 616, 766, 1283, 2183]
[1264, 1266, 1272]
[1502]
[1264, 1266, 1272]
[1267]
[1272]
[1213, 1274, 1276, 2565, 3890]
[2510]
[1275]
[1276]
[1277]
[450, 1577, 1732, 2809, 3707]
[276, 696, 1577, 2809, 3707]
[1634, 1647, 2555, 3667, 3975, 4040]
[3730]
[3731, 4312]
[593, 596, 690, 695, 1060, 1814, 2467, 2603, 2629, 2769, 3731, 4091, 4238, 4247, 4249]
[550, 2227, 2228, 3853]
[1295]
[1291]
[1297]
[1298, 1432, 1527, 1528, 3765]
[1299]
[1298, 1473, 3756, 4288]
[1301]
[927, 1300]
[1303]
[927, 1300]
[1305]
[1306]
[1307]
[1313]
[1308]
[79, 1058, 1300, 1311, 1473, 1527, 1528, 3756, 4288]
[1312]
[3568]
[498, 1766, 2939]
[2515]
[1323]
[1324]
[1325]
[1224, 1326, 2267, 2270, 2460, 2558, 2559]
[149, 594, 1490, 3821, 3855, 3871, 4317]
[1813, 3924, 4404]
[1327, 3775, 4278]
[1328]
[3181]
[1500, 1501, 1657, 1658, 1736, 3864, 4099]
[47, 2773]
[809, 1657, 1658, 3876, 3877, 3878, 3879, 4199]
[1329, 1819, 3778]
[1330, 1334, 1821, 3779]
[1331]
[1332]
[1333]
[1330, 1334, 1821, 3779]
[1258, 1337]
[1338, 1400, 1404, 1717, 1722, 1903, 2173]
[1339]
[1340]
[1340]
[1347]
[1101]
[1349]
[1350]
[1351]
[1340]
[1347]
[927, 4254, 4257, 4429]
[1101]
[692, 2629]
[1576, 2807]
[1287]
[679, 4067]
[306, 4068]
[1327, 3775, 4278]
[830, 4312]
[1012, 1289, 3176]
[95, 1010, 1655, 2895]
[52, 67, 69, 82, 1106, 1226, 1227, 1228, 1364, 1750, 1752, 1754, 1756, 1927, 2548, 2952, 3160, 3213, 3887, 3891, 4209]
[1365]
[1366]
[2865]
[1367, 1368, 1369, 1370]
[1367, 1368, 1369, 1370]
[1367, 1368, 1369, 1370]
[1367, 1368, 1369, 1370]
[1371]
[1372]
[1373]
[1374, 2685]
[1375]
[1376]
[1377]
[1378, 1379]
[1378, 1379]
[1380]
[1381]
[1388]
[1389]
[1328]
[1391]
[1392]
[2527]
[378, 379, 1036, 1037, 2517, 2518, 2519, 2520, 2681, 4233]
[4089, 4090]
[1381]
[1403]
[1338, 1400, 1404, 1717, 1722, 1903, 2173]
[1402]
[2108]
[1338, 1400, 1404, 1717, 1722, 1903, 2173]
[1338, 1400, 1404, 1717, 1722, 1903, 2173]
[1402]
[1407]
[449, 1409, 4169]
[1824, 3173, 4190]
[1410]
[1411, 1412]
[1411, 1412]
[1827]
[1414]
[1415, 3858]
[1416, 1417]
[1416, 1417]
[1148, 1212]
[1148, 1212]
[1419]
[491]
[494]
[1420]
[1420]
[1420]
[2763]
[1423, 1425]
[1424, 1426]
[2851, 3925, 4379, 4405]
[1428]
[890, 4072]
[1449]
[1450]
[1429]
[3597]
[1311]
[1433]
[1543, 2380, 2382]
[1436]
[1434, 3021, 3292, 4177]
[1438]
[1439]
[1440]
[1441]
[1442]
[1443]
[1444, 3751]
[1445]
[1446]
[1436, 1445]
[3095]
[1448]
[1449]
[1450]
[1451, 1590, 2528, 2835, 3769, 3771, 3773, 4103, 4106, 4485]
[1454, 4266]
[1455, 4267]
[1452, 1453]
[1452, 1453]
[2479, 3923, 4452]
[1459]
[1075, 1076, 1077, 1460]
[4197]
[1462]
[159, 160, 2846, 3865, 3866, 3881, 3882]
[159, 160, 2846, 3865, 3866, 3881, 3882]
[288, 475, 1265, 1271, 1499, 1502, 1512, 1964, 2693, 3868, 3884, 4157, 4324, 4384]
[159, 160, 2846, 3865, 3866, 3881, 3882]
[159, 160, 2846, 3865, 3866, 3881, 3882]
[479]
[1466, 1467, 1468, 1469]
[1466, 1467, 1468, 1469]
[1466, 1467, 1468, 1469]
[1466, 1467, 1468, 1469]
[822, 827]
[167, 168, 385, 386, 2731, 2732]
[167, 168, 385, 386, 2731, 2732]
[169]
[547, 549]
[547, 549]
[493]
[169]
[169]
[493]
[4251]
[1300]
[1475]
[2470]
[1476, 1477]
[1476, 1477]
[3054]
[4174]
[4174]
[292]
[1824, 3173, 4190]
[1481, 1497, 1498]
[1502, 1827, 1964, 4157]
[1480]
[2648]
[2648]
[2648]
[1489]
[2479, 3923, 4452]
[1493]
[1494]
[1495]
[1497, 1498]
[288, 475, 1499, 1512, 2693, 3868, 3884, 4324, 4384]
[4199]
[148, 178, 274, 672, 851, 1504, 2179, 2636, 4012, 4377]
[1505]
[1508]
[1509]
[1510]
[1511]
[252]
[4091]
[4192]
[172]
[279, 1491, 1745, 1963, 3720, 3825]
[2761]
[1514]
[1515]
[670, 691, 880, 1085, 2554, 2555, 2896, 3975, 4040]
[1085, 1097, 1815, 2480]
[309, 690, 1261]
[1576, 2807]
[275, 449, 473, 488, 693, 1284, 1409, 1531, 1636, 1646, 1816, 1824, 2352, 2605, 2805, 2810, 2813, 2850, 3173, 3190, 3665, 3708, 4070, 4071, 4169, 4190, 4276, 4294]
[622, 1536]
[622, 1536]
[622, 1536]
[1537]
[425]
[676, 701]
[1672, 1673]
[1538]
[1539]
[1540]
[1541]
[3146, 4353, 4355]
[1539]
[1539]
[391, 392]
[391, 392]
[1549]
[1550, 1551]
[1550, 1551]
[1552]
[1553]
[2696]
[2696]
[3949]
[1540]
[2786]
[2786]
[1559]
[3261]
[1562]
[1563]
[2237]
[1565]
[2140, 2142, 2143]
[1562, 1566]
[1567]
[1568]
[1556, 3949]
[334]
[3716, 4275, 4298]
[355, 620, 2737]
[286, 2048, 2690]
[1580]
[504, 2204]
[310, 2924, 3571]
[95, 692, 1278, 1655, 2629, 2895]
[1009, 1288, 1578, 2602, 3192]
[4057]
[1530, 1574, 1577, 2809, 3707]
[769]
[4240, 4241]
[2253, 4385]
[48, 416, 4193, 4194]
[433, 434]
[2110]
[1584]
[48, 809, 1500, 1501, 1736, 2334, 2336, 3828, 3864, 4323]
[2253, 4385]
[433, 434]
[596, 803, 1060, 1289, 1814, 2769, 3176, 3700]
[1813, 3924, 4404]
[2851, 3925, 4379, 4405]
[584, 634, 1733, 1775, 2669, 4074, 4093]
[604, 769]
[4242]
[809]
[809]
[1273]
[3404]
[1776]
[592, 635, 1744, 1781, 1784, 2674]
[1588]
[927, 928]
[1451, 1590, 2528, 2835, 3769, 3771, 3773, 4103, 4106, 4485]
[1591, 1594]
[1593]
[1950]
[1591, 1594]
[1595, 1596]
[1595, 1596]
[4256, 4287]
[4430]
[1599]
[1300]
[1607]
[1474, 2630, 2806, 2852]
[1694]
[3671]
[4084]
[275, 430, 473, 488, 693, 1284, 1458, 1531, 1636, 1816, 1824, 2605, 2606, 2805, 2810, 2850, 3173, 3190, 3672, 4150, 4190, 4276]
[1062, 3193]
[1611, 1612]
[1611, 1612]
[1213]
[1614, 2271]
[1614]
[2930]
[234, 1393, 1394, 1395, 1396, 1616]
[1615]
[1934, 2163]
[1660, 4000, 4198]
[587]
[4444]
[2162, 2803]
[582]
[582]
[1617]
[3071, 3165, 3167]
[1622, 3070, 3228, 4008, 4011]
[1623, 4218]
[1623, 4218]
[1622, 3070, 3228, 4008, 4011]
[1623]
[1624]
[1625]
[1626]
[1627, 1628]
[1627, 1628]
[1630]
[1239, 1631]
[1632]
[1609]
[1601]
[1817]
[597, 616, 766, 1283, 2183]
[619, 691, 1279, 1285, 1575, 1647, 2185, 2469, 2555, 2631, 2926, 3189, 3667, 4092, 4407]
[578, 1488, 3994]
[695, 4247, 4249]
[1011, 1013, 2352, 4070, 4403]
[890, 4072]
[1257]
[2856]
[445, 447]
[587]
[1681]
[1681]
[1681, 3594]
[3957, 3961]
[3957]
[3708]
[889]
[561, 613, 879, 1084, 1259, 1318, 2202, 3702, 3704, 3717, 4273, 4410]
[593, 1010, 1577, 3670, 3922]
[1011, 4451]
[149, 275, 594, 1490, 2850, 3231, 3821, 3855, 3871, 4317, 4370, 4372, 4375]
[2479, 2851, 3231, 3923, 3925, 4379, 4405, 4452]
[149, 594, 1490, 3821, 3855, 3871, 4317]
[1082, 3174, 3777, 4237]
[1653]
[179, 403, 404, 427, 429, 612, 670, 691, 694, 1083, 1085, 1111, 1112, 1279, 1314, 1518, 1575, 1579, 1634, 1635, 1647, 1710, 2184, 2469, 2553, 2554, 2555, 2634, 2661, 2839, 2928, 2929, 3189, 3667, 3705, 3706, 3962, 3975, 4040, 4092, 4330, 4407, 4408, 4411]
[3701]
[2789]
[1656]
[1513]
[1500, 1501, 1657, 1658, 1736, 3864, 4099]
[1500, 1501, 1657, 1658, 1736, 3864, 4099]
[1659]
[159, 160, 3865, 3866, 3881, 3882]
[159, 160, 3865, 3866, 3881, 3882]
[1666, 2955]
[2656, 2951]
[504, 1096]
[1669]
[1670]
[1671]
[1676]
[1677]
[1672, 1673]
[1672, 1673]
[1674, 1675]
[1674, 1675]
[1676]
[1677]
[1678]
[4333]
[4333]
[309, 1261]
[914]
[1687, 1688]
[1685]
[1685]
[3179, 3828, 4100, 4199]
[1686]
[1687]
[1690]
[1691, 1692]
[1691, 1692]
[1689]
[309, 1261]
[310, 2924, 3571]
[693, 1284, 2805, 3190]
[1646, 2813, 4071]
[3730]
[1700, 1701, 1702]
[1700, 1701, 1702]
[1700, 1701, 1702]
[1700, 1701, 1702]
[1703]
[3011, 3013, 3629]
[3011, 3013, 3629]
[1706]
[4327]
[4328]
[1707]
[1707]
[2073]
[596, 690, 2629, 3703, 4249]
[3710]
[1714]
[1715]
[62]
[2214]
[1716]
[1109, 1759]
[1718]
[1719]
[1720]
[2790]
[1723, 1904]
[1719]
[1725, 1906]
[17, 19, 798, 1728, 1729, 1747, 1763, 1767, 1908, 1909, 1912, 1919, 1922, 1931, 1932, 1935, 1942, 1943, 2783, 2785, 2820]
[1730]
[1731]
[584, 634, 1733, 1775, 2669, 4074, 4093]
[1742]
[1743, 1783]
[592, 635, 1744, 1781, 1784, 2674]
[1737, 1738]
[1743, 1783]
[592, 635, 1744, 1781, 1784, 2674]
[1742]
[1743, 1783]
[592, 635, 1744, 1781, 1784, 2674]
[1737, 1738]
[1739, 1790]
[592, 635, 1744, 1781, 1784, 2674]
[2479, 3923, 4452]
[1749, 1751, 1753, 1755]
[52, 67, 69, 82, 1106, 1226, 1227, 1228, 1364, 1750, 1752, 1754, 1756, 1927, 2548, 2952, 3160, 3213, 3887, 3891, 4209]
[1507]
[3620]
[42]
[2479, 3923, 4452]
[1749, 1751, 1753, 1755]
[52, 67, 69, 82, 1106, 1226, 1227, 1228, 1364, 1750, 1752, 1754, 1756, 1927, 2548, 2952, 3160, 3213, 3887, 3891, 4209]
[568]
[568]
[2566, 2794]
[2566, 2794]
[1813, 3924, 4404]
[1749, 1751, 1753, 1755]
[52, 67, 69, 82, 1106, 1226, 1227, 1228, 1364, 1750, 1752, 1754, 1756, 1927, 2548, 2952, 3160, 3213, 3887, 3891, 4209]
[1507, 4170]
[3620]
[42, 1082, 1289, 1668, 2768, 3174, 3176, 4237]
[1654]
[1749, 1751, 1753, 1755]
[52, 67, 69, 82, 1106, 1226, 1227, 1228, 1364, 1750, 1752, 1754, 1756, 1927, 2548, 2952, 3160, 3213, 3887, 3891, 4209]
[568]
[568]
[2794]
[2794]
[1757]
[1758]
[1759]
[1760]
[1746]
[1746]
[17, 19, 798, 1728, 1729, 1747, 1763, 1767, 1908, 1909, 1912, 1919, 1922, 1931, 1932, 1935, 1942, 1943, 2783, 2785, 2820]
[1746]
[1764]
[1761]
[1762]
[2980]
[2980]
[2980]
[1764]
[16, 1748, 1765]
[34]
[1768]
[584, 634, 1733, 1775, 2669, 4074, 4093]
[550]
[550]
[1776]
[1771]
[592, 635, 1744, 1781, 1784, 2674]
[1772]
[1776]
[592, 635, 1744, 1781, 1784, 2674]
[2443]
[2443]
[584, 634, 1733, 1775, 2669, 4074, 4093]
[1778]
[1779]
[1780]
[592, 635, 1744, 1781, 1784, 2674]
[1782]
[1743, 1783]
[592, 635, 1744, 1781, 1784, 2674]
[1786]
[1788, 1789]
[1788, 1789]
[1739, 1790]
[592, 635, 1744, 1781, 1784, 2674]
[1791]
[1792]
[1793, 4480]
[1109, 1759]
[1796]
[1797, 1798]
[1799, 1800, 1801, 1802]
[1799, 1800, 1801, 1802]
[1799, 1800, 1801, 1802]
[1799, 1800, 1801, 1802]
[1803, 1804]
[1803, 1804]
[1805, 1806]
[1805, 1806]
[1807, 1808]
[1807, 1808]
[1809]
[1810]
[1811]
[1327, 3775, 4278]
[1813, 3924, 4404]
[3701]
[2637]
[1574]
[43, 692, 1278]
[1474, 2630, 2806, 2852]
[1818]
[1577, 3777, 4247, 4248]
[2443]
[1822]
[95, 449, 830, 1409, 1488, 1823, 3870, 4169]
[1824, 3173, 4190]
[2347, 3854]
[1825]
[1826]
[1827]
[821, 826]
[821, 826]
[3179]
[3179]
[1830, 1831, 4195, 4196]
[1830, 1831, 4195, 4196]
[2935]
[1832]
[1833]
[4260]
[1835, 1838]
[2235]
[1875, 1880, 1882, 1886, 1889, 1895, 1900]
[1835, 1838]
[1845]
[1846]
[1847, 1870]
[1848, 1853, 1871]
[1866, 1867, 1868, 1869]
[1866, 1867, 1868, 1869]
[1851, 1872]
[1852]
[1848, 1853, 1871]
[1866, 1867]
[1866, 1867]
[1856]
[1857, 1858]
[1857, 1858]
[1805, 1806, 1859, 1860]
[1805, 1806, 1859, 1860]
[1866, 1867]
[1866, 1867]
[1864]
[1865]
[1803, 1804, 1805, 1806]
[1803, 1804, 1805, 1806]
[1862, 1863]
[1862, 1863]
[1847, 1870]
[1848, 1853, 1871]
[1851, 1872]
[4260]
[4260]
[552, 4260]
[1703]
[1877, 1884, 2552]
[1875, 1880, 1882, 1886, 1889, 1895, 1900]
[4260]
[4260]
[4260]
[4260]
[2232, 2235]
[2265]
[1875, 1880, 1882, 1886, 1889, 1895, 1900]
[4260]
[4260]
[4260]
[552, 4260]
[2546]
[1891, 4394]
[1892]
[1875, 1880, 1882, 1886, 1889, 1895, 1900]
[4260]
[4260]
[1896]
[552]
[1703]
[1875, 1880, 1882, 1886, 1889, 1895, 1900]
[4260]
[1901, 1902]
[1901, 1902]
[2790]
[1723, 1904]
[1719]
[1725, 1906]
[969, 975, 1001, 1913, 1915, 1916]
[969, 975, 1001, 1913, 1915, 1916]
[1911]
[16, 1748, 1765]
[1746]
[1746]
[25, 26, 964, 965, 966, 967, 1917, 1920, 1921, 1923, 1924, 1925, 1944, 1945, 1946, 1957, 1958, 1960, 1961, 1962, 1969, 4151, 4152, 4153, 4154, 4155, 4159, 4160, 4161, 4162, 4163]
[52, 67, 69, 82, 1106, 1226, 1227, 1228, 1364, 1750, 1752, 1754, 1756, 1927, 2548, 2952, 3160, 3213, 3887, 3891, 4209]
[1928]
[2978]
[498, 1210, 2961]
[4265]
[498, 1210, 2961]
[2980]
[1940]
[16, 1748, 1765]
[25, 26, 964, 965, 966, 967, 1917, 1920, 1921, 1923, 1924, 1925, 1944, 1945, 1946, 1957, 1958, 1960, 1961, 1962, 1969, 4151, 4152, 4153, 4154, 4155, 4159, 4160, 4161, 4162, 4163]
[1918, 1947]
[34]
[2196, 2849]
[1835, 1838]
[3664]
[1950]
[1951]
[1952]
[3909]
[1953]
[2818]
[1953]
[2818]
[1971]
[1972, 1973]
[1971]
[2038, 2040]
[2038, 2040]
[2038, 2040]
[2038, 2040]
[2038, 2040]
[2038, 2040]
[2038, 2040]
[2038, 2040]
[2038, 2040]
[2038, 2040]
[1975, 1976, 1978, 1979, 1980]
[1975, 1976, 1978, 1979, 1980]
[1975, 1976, 1978, 1979, 1980]
[1979]
[1980]
[1974]
[1975, 1976, 1978, 1979, 1980]
[1978]
[2038, 2040]
[2038, 2040]
[1981]
[2030, 2033]
[1982, 1985, 1987, 1989, 1992]
[1983, 1986, 1988, 1990]
[1999]
[2030, 2033]
[2008, 2010]
[2007, 3849]
[2009, 3850, 3851]
[2011]
[2020]
[2031]
[2007, 3849]
[1982, 1985, 1987, 1989, 1992]
[1707]
[2004, 3845]
[1993]
[1994]
[1995]
[1708]
[1997]
[1998, 2045]
[1999]
[2030, 2033]
[1708]
[2001]
[2003, 3843]
[2004, 3845]
[2005, 2006, 3846]
[2005, 2006, 3846]
[2007, 3849]
[2009, 3850, 3851]
[2009, 3850, 3851]
[2011]
[2011]
[3837]
[3837]
[3842]
[2381]
[2012]
[3838]
[3842]
[3842]
[3842]
[1996]
[3837]
[3837]
[3842]
[2023]
[2024, 2066]
[1998, 2045]
[1999]
[2027]
[1972, 1973, 2018]
[1997]
[2034, 2036, 2042]
[2032, 2035, 2037, 2039, 2041, 2043]
[1999]
[2001]
[1972, 1973]
[3844]
[3848]
[2009, 3850, 3851]
[2011]
[2034, 2036, 2042]
[2067, 2069, 2071, 2310, 2311]
[3847]
[3847]
[2044]
[3842]
[2030, 2033]
[2030, 2033]
[3842]
[1998, 2045]
[1999]
[2030, 2033]
[2030, 2033]
[3838]
[2003, 3843]
[2005, 2006, 3846]
[2008]
[2009, 3850, 3851]
[2010]
[2011]
[4403]
[2050]
[1998, 2045]
[1999]
[2053]
[2054, 2058]
[2055]
[2056, 2057]
[2056, 2057]
[2054, 2058]
[2059, 2060]
[2059, 2060]
[1471]
[2061]
[2062]
[4451]
[2064]
[1997]
[1998, 2045]
[2034, 2036, 2042]
[1999]
[2030, 2033]
[3847]
[2004, 3845]
[2005, 2006, 3846]
[3848]
[2009, 3850, 3851]
[2011]
[2034, 2036, 2042]
[3633]
[2078]
[2079]
[2082]
[2080]
[2083]
[2087]
[2083]
[2081]
[2086]
[2086]
[2086]
[2086]
[2086]
[2086]
[354]
[1776, 2093]
[2091]
[2818]
[592, 635, 1744, 1781, 1784, 2674]
[2094]
[2095]
[233, 257, 2097, 2098, 4231]
[2098, 2970, 3220, 3270, 3271, 4020]
[2115]
[2099]
[2099]
[2102]
[2103]
[337]
[2105]
[2106, 2454]
[499, 500, 802, 1251, 2108, 2445, 2448]
[2857]
[2110]
[286, 294, 403, 1074, 1408, 2048, 2063, 3819, 3854, 4296, 4406, 4451]
[685, 1142]
[1292]
[1292]
[521, 1559]
[1292]
[3883]
[947]
[450, 1732]
[3201, 3202, 3203, 3995]
[3201, 3202, 3203, 3995]
[3906]
[513, 3639]
[1776, 2118]
[2116]
[2818]
[592, 635, 1744, 1781, 1784, 2674]
[2119]
[2120]
[2121]
[2122]
[2124]
[2125]
[3691, 3692]
[3691, 3692]
[2126, 3693]
[3694, 3695]
[2131]
[2132]
[2133]
[2607]
[2134]
[2135]
[2789]
[2137]
[289, 3885, 4203]
[301, 3883]
[3883]
[301]
[3883]
[301, 3883]
[301, 3883]
[2147]
[2148]
[2149, 2150]
[2149, 2150]
[2151]
[2152]
[2153]
[2154]
[2155, 2156]
[2155, 2156]
[2157]
[336, 337, 2303, 3759]
[925, 1597]
[80, 512, 925, 2113, 2529, 2536, 2836, 2886, 2888, 3234, 3235, 3638, 3770, 3772, 3906, 4104, 4107, 4256, 4280, 4287, 4366, 4387, 4388]
[3898]
[1155]
[2419, 2420]
[1719]
[2177]
[430, 890, 1009, 1097, 1288, 1534, 1578, 1694, 1815, 1824, 2602, 3173, 3192, 3668, 4072, 4190, 4274]
[4073, 4080, 4084]
[148, 178, 274, 672, 851, 1504, 2179, 2636, 4012, 4377]
[42, 4091]
[1636]
[536, 1083, 1280, 1314, 1459, 2184, 2635, 2640, 2641, 2928, 2929, 3283, 3705, 3706, 3776, 3962, 4066]
[698, 4451]
[430, 449, 597, 616, 671, 766, 1260, 1283, 1316, 1409, 1458, 1608, 1693, 1813, 2181, 2183, 2606, 2639, 2738, 3665, 3672, 3730, 3924, 4068, 4150, 4169, 4274, 4294, 4404]
[2187]
[622, 1583, 3289, 3715, 3733]
[2191]
[2191]
[2189]
[2190]
[2196, 2849]
[2197, 2198]
[2197, 2198]
[2199]
[4445]
[4445]
[544]
[2201]
[504, 1474, 1602, 1603, 2204, 2347, 2630, 2806, 2852, 3854, 4406]
[4291]
[1011, 2063, 4068]
[2855, 4069]
[4311]
[891]
[2298]
[409]
[748]
[2216]
[2207]
[1152]
[1152]
[2211]
[2212, 2213]
[2212, 2213]
[2214]
[3594]
[1681]
[1681, 3594]
[289, 1681, 3594, 3869, 3885, 4203]
[289, 1681, 3594, 3869, 3885, 4203]
[2215]
[2215]
[2216]
[2217]
[2344]
[3762, 3764]
[2218, 2221, 2224]
[2219, 2222, 2225]
[2218, 2221, 2224]
[2219, 2222, 2225]
[2220, 2223, 2226]
[2218, 2221, 2224]
[2219, 2222, 2225]
[2220, 2223, 2226]
[2218, 2221, 2224]
[2219, 2222, 2225]
[2220, 2223, 2226]
[2227]
[2228]
[1328]
[1703]
[1328, 1390]
[3602]
[1328]
[1703]
[2230, 2231, 2233, 2234]
[2237]
[2238]
[2239]
[2240]
[2244]
[1667, 2245]
[2821, 2822]
[2821, 2822]
[2821, 2822]
[2821, 2822]
[2821, 2822]
[2821, 2822]
[2821, 2822]
[2821, 2822]
[2821, 2822]
[2821, 2822]
[2821, 2822]
[2821, 2822]
[2821, 2822]
[2821, 2822]
[2821, 2822]
[2821, 2822]
[2821, 2822]
[2248]
[2254]
[1116, 1117, 1500, 1501, 1657, 1658, 1736, 3860, 3861, 3862, 3863, 3864, 3876, 3877, 3878, 3879, 4199]
[2255]
[2256]
[3113]
[289, 1681, 3869, 3885, 4203]
[1681]
[2258, 2259]
[2258, 2259]
[2262]
[2258, 2260, 2261]
[2258, 2260, 2261]
[2263]
[1522, 3555]
[48, 1657, 1658, 3864, 4193, 4194]
[48, 1657, 1658, 3864, 4193, 4194]
[644]
[3869]
[2264]
[2265]
[2266]
[1326, 2266, 2267, 2460, 2558, 2559]
[2268, 2269]
[2268, 2269]
[1240]
[2216]
[2272, 2395]
[1877, 1884, 1891, 1892, 2265, 2273]
[1002, 1003]
[2274]
[2730]
[197]
[2275]
[2282]
[2857]
[2857]
[3270, 3271]
[2285]
[2282]
[3270, 3271]
[2285]
[209, 210, 218, 219, 2286, 2287]
[209, 210, 218, 219, 2286, 2287]
[2289, 2290]
[2289]
[2290]
[2291]
[2292]
[2293]
[213, 214, 215, 222, 223, 224, 1936, 1937, 1938, 2165, 2166, 2167, 2294, 2295, 2296]
[213, 214, 215, 222, 223, 224, 1936, 1937, 1938, 2165, 2166, 2167, 2294, 2295, 2296]
[213, 214, 215, 222, 223, 224, 1936, 1937, 1938, 2165, 2166, 2167, 2294, 2295, 2296]
[3722, 4096]
[1205, 3916]
[4483]
[1329, 1819, 3778, 4220]
[3011, 3013, 3629]
[74, 3649]
[2300]
[2301]
[2302]
[2307]
[2309]
[2034, 2036, 2042]
[2034, 2036, 2042]
[2034, 2036, 2042]
[504, 679, 698, 889, 1011, 1013, 1474, 1533, 1602, 1603, 1634, 1646, 2204, 2347, 2630, 2806, 2813, 2852, 3708, 3854, 4071, 4295, 4406]
[1533]
[1011]
[1533]
[1011]
[1533]
[1533]
[1533]
[1013]
[679, 697, 698, 889, 1011, 1013, 1533, 1605, 1606, 1634, 1646, 1649, 2347, 2813, 3708, 3854, 4071, 4295, 4297, 4298, 4409]
[889, 1533]
[405, 449, 611, 619, 673, 859, 880, 1285, 1287, 1317, 1409, 1573, 1608, 1638, 1639, 1640, 1646, 1647, 1694, 2185, 2352, 2468, 2479, 2605, 2631, 2662, 2813, 2926, 3603, 3665, 3667, 3668, 3708, 3923, 4057, 4070, 4071, 4169, 4276, 4294, 4375, 4452]
[4309]
[1533]
[889, 1013, 3985]
[3708]
[2330]
[44, 326, 502, 595, 698, 1427, 1503, 2661, 3175]
[286, 503, 803, 1289, 1654, 2048, 2634, 2839, 3176, 3700]
[1813, 3924, 4404]
[2331]
[2331]
[2332]
[50, 51, 1092, 3781]
[2339]
[2340]
[2341]
[2342, 2345]
[495]
[2343]
[495]
[495]
[2342, 2345]
[495]
[2347]
[2348]
[2349]
[2350]
[2643, 3191]
[561, 879, 2202, 3717]
[307, 669, 1096, 2554, 2600, 2739, 2896, 3927, 4403]
[2637]
[2467, 2795, 4238, 4248]
[2204, 2468, 2555, 2662, 2896, 3603, 4191, 4297, 4406]
[2810]
[2353]
[2354]
[675, 771, 775, 2359]
[2365, 2366, 2369, 2370]
[2365, 2366, 2369, 2370]
[2365, 2366, 2369, 2370]
[2365, 2366, 2369, 2370]
[3009]
[3112]
[633, 2675]
[149, 275, 326, 430, 594, 611, 1009, 1097, 1288, 1427, 1490, 1578, 1654, 1694, 1813, 1815, 2047, 2248, 2479, 2602, 2850, 2851, 3175, 3192, 3821, 3855, 3871, 3923, 3924, 3925, 4317, 4379, 4404, 4405, 4452]
[2371]
[2704]
[336, 714, 2801, 3759, 3916]
[2254]
[1657, 1658]
[1058]
[3759]
[704, 2375]
[2376]
[1805, 1806, 1866, 1867]
[2763]
[2378]
[2107]
[2197, 2198]
[1478]
[2380]
[2381]
[1543]
[2381, 2383, 3744]
[2384]
[91, 2777, 3632, 3825, 4042]
[2386]
[1532, 4073, 4080, 4275]
[502, 503, 2247, 4084]
[286, 611, 698, 2047, 2048, 2049, 2063, 2690, 4191, 4403]
[842, 843, 1096, 2186, 2480, 4080]
[2480, 2925, 2927]
[2925, 2927, 4084]
[4406]
[1532, 2925, 2927, 4073, 4275]
[504, 2925, 2927, 4271]
[2393]
[2394]
[2395]
[2206, 2396]
[2397]
[2398]
[2401]
[1275, 2403, 2579]
[2235]
[2405]
[1703, 2232, 2235]
[2409, 2411]
[2410, 2412]
[2409, 2411]
[2410, 2412]
[1839, 1841, 1843]
[2416, 2417]
[2416, 2417]
[2418]
[2419, 2420]
[2419, 2420]
[2422, 2423]
[2422, 2423]
[1349]
[2452, 2453]
[1158, 4251]
[1762, 2206, 2271, 2396]
[2428]
[1839, 1841, 1843]
[1108]
[1809]
[1809]
[2433, 2439]
[1341, 1600]
[2441]
[550]
[2443]
[2445]
[2448]
[1745]
[1555, 2531]
[3632]
[3632]
[2106, 2454]
[570, 2456]
[2457]
[2458]
[1225, 1234, 1631]
[2216]
[1390]
[1274, 2466]
[2466]
[4393]
[1322, 2463, 2565]
[2629]
[42, 1577, 4247]
[2470]
[2472]
[2471]
[2473, 2474]
[2473, 2474]
[2475, 2477]
[2476, 2478]
[157, 158, 279, 495, 1182, 1963, 2663, 2664, 2665, 3653, 3720, 4044]
[1500, 1501, 1736, 3828, 3864, 4099, 4201]
[568]
[2476, 2478]
[3963]
[2353]
[2789, 3573, 4437]
[604]
[680]
[3710]
[2482, 2483]
[2482, 2483]
[2484, 2485]
[2484, 2485]
[675]
[3062]
[3062]
[275, 2850]
[2749]
[4380]
[2505]
[47]
[47]
[302]
[701, 1735, 2081, 4323]
[701, 1735, 2334, 2492, 4323]
[2804]
[3725, 3792]
[4082]
[1062, 3711, 3712, 3737, 4075]
[2508, 2509]
[2508, 2509]
[1213, 1262, 1274, 1276, 1322, 2463, 2464, 2466, 2515, 2565, 3890]
[2511]
[2514]
[2514]
[2512]
[116, 409, 701, 1023, 1735, 1952, 2081, 2804, 4323, 4350]
[2340]
[379]
[379, 1036, 1037, 2517, 2518, 2519, 2520]
[2517]
[1036, 2518]
[2153, 3974, 4208, 4471]
[2523, 2524]
[2523, 2524, 4234]
[4235]
[4236]
[1376]
[2523, 2524]
[186, 187]
[1158]
[1451, 1590, 2528, 2835, 3769, 3771, 3773, 4103, 4106, 4485]
[2529, 2536, 3772, 4104, 4107, 4366]
[1565, 3915]
[2106, 2454]
[2532]
[2533]
[2534]
[2535]
[2529, 2536, 3772, 4104, 4107, 4366]
[2537, 3774]
[2542]
[2538, 2539]
[2538, 2539]
[2540, 2541]
[2865, 4076]
[2248]
[473, 488, 1531, 1816]
[2854]
[2545]
[2546]
[2547]
[52, 67, 69, 82, 1106, 1226, 1227, 1228, 1364, 1750, 1752, 1754, 1756, 1927, 2548, 2952, 3160, 3213, 3887, 3891, 4209]
[2549]
[2465, 4393]
[1082, 3174, 4237]
[880]
[1602]
[693, 1284, 2805, 3190]
[2421]
[2556]
[2557]
[1326, 2558, 2559]
[1326, 2558, 2559]
[423]
[2560]
[48, 675, 809, 2336, 3828, 4199]
[2562]
[423]
[2565]
[227, 3220]
[2945]
[2941]
[117]
[117]
[2568, 2569]
[2578]
[1030]
[2403, 2579]
[2580]
[3594]
[289, 3869, 3885, 4203]
[289, 1681, 3869, 3885, 4203]
[526, 2581]
[528]
[528]
[2582]
[1513]
[2583, 3967]
[1666, 2955]
[2595]
[2597]
[2596]
[2598]
[2248]
[2628, 4290]
[2599]
[275, 326, 693, 1284, 1427, 2805, 2850, 3175, 3190, 3231, 4375]
[1650, 2661]
[858]
[1112, 1488, 1518, 1519, 2553, 2812, 3981, 4272, 4313, 4371, 4373]
[2604]
[449, 1409, 4169]
[1115]
[815]
[1513, 1965]
[1079, 1080, 1118, 1119, 1463, 1464, 1830, 1831, 4195, 4196]
[1079, 1080, 1118, 1119, 1463, 1464, 1830, 1831, 4195, 4196]
[1502]
[1663]
[4067]
[2809, 3707]
[2810]
[889]
[2633]
[327, 328]
[327, 328]
[2867, 4076]
[1727]
[1727]
[1727]
[1488]
[612, 1111, 1112, 1518, 1519, 1579, 1635, 2553, 2634, 2661, 2839, 2851, 3925, 3975, 4379, 4405, 4411]
[1083, 1459, 2184, 2928, 3283]
[3701]
[831, 3666]
[307, 309, 473, 488, 669, 671, 673, 880, 1097, 1260, 1261, 1316, 1317, 1458, 1531, 1573, 1576, 1637, 1693, 1815, 1816, 2181, 2248, 2600, 2637, 2638, 2639, 2738, 2807, 3927, 4150]
[1010, 2352, 4070]
[698, 1011, 1013, 1634, 3708]
[2426, 2642]
[1771]
[1597]
[636]
[2658]
[2659]
[1565, 3915]
[2656]
[2657]
[803, 1289, 3176, 3700, 3777, 4248]
[307, 669, 2600, 3927]
[1602]
[414, 1287, 4455]
[584, 634, 1733, 1775, 2669, 4074, 4093]
[2670, 2671]
[2670, 2671]
[2672]
[2673]
[592, 635, 1744, 1781, 1784, 2674]
[633, 2675]
[2679]
[1372]
[1373]
[2684]
[1374, 2685]
[378, 1373, 1374, 2683, 2685]
[379]
[1488]
[450, 1732]
[1110]
[1825]
[3965, 3966]
[4445]
[833, 834]
[833, 834]
[290, 579, 828, 835]
[1565, 3915]
[1554]
[334]
[1540]
[3915]
[1565, 3915]
[337]
[375, 709, 1704, 2689, 2698, 3083, 3628, 3675, 4032]
[680, 4437]
[79, 1302, 1304, 1432, 1473, 3204, 3756, 3765, 4254, 4257, 4288, 4429]
[4430]
[334, 335, 714, 1205, 3949]
[3011]
[2334, 2935, 3058, 3179, 4174, 4201]
[2710]
[3703]
[2718]
[2719]
[2205, 2700, 2770]
[2720]
[2722, 2723]
[2722, 2723]
[1115]
[1058, 1298, 2114]
[335]
[2725, 2729]
[2726]
[2727]
[2728]
[2725, 2729]
[2730]
[2745, 2746]
[2745, 2746]
[2747]
[2748]
[405]
[2749]
[2750]
[2751]
[2752]
[2753]
[2754]
[2755]
[1771]
[1513, 1965]
[1078, 1735]
[2757]
[2758]
[2759]
[2760]
[2761]
[2762]
[2763]
[2765]
[2764]
[1110]
[3980]
[149, 307, 560, 594, 669, 890, 1286, 1490, 1602, 2352, 2600, 2601, 2606, 2808, 2853, 2930, 3672, 3821, 3855, 3871, 3927, 4070, 4072, 4317, 4409]
[1097, 1815]
[1602]
[2353, 2699, 3232]
[2331, 2770, 3289, 3573, 4437]
[2770]
[2770]
[407]
[334, 2704]
[355]
[179, 432, 560, 2178, 4330]
[4273]
[326, 1427, 3175]
[436]
[563, 4333]
[563, 4333]
[436]
[436]
[3645]
[777, 778]
[777, 778]
[4444]
[4340]
[4340]
[192, 4327]
[193, 4328]
[192, 4327]
[193, 4328]
[422]
[2784]
[2786]
[2787]
[2788]
[42, 276, 1289, 1668, 2768, 3176, 4091]
[2790]
[50, 51, 1092, 3781]
[2792]
[2793]
[2794]
[561, 879, 889, 1282, 1601, 2203, 2351, 4292, 4305]
[4307]
[1646, 2813, 4071]
[1604, 1606]
[4293]
[2699, 4081]
[2699, 4081]
[891, 1536, 2789, 3573, 3715]
[1582]
[622, 2633, 3712, 3733]
[622, 1086, 2633, 3712, 3733]
[622, 2633, 3712, 3733]
[1575]
[2854]
[578, 3994]
[4057]
[275, 449, 473, 488, 693, 1284, 1409, 1531, 1636, 1646, 1816, 1824, 2352, 2605, 2805, 2810, 2813, 2850, 3173, 3190, 3665, 3708, 4070, 4071, 4169, 4190, 4276, 4294]
[1646, 2813, 4071]
[95, 1010, 1530, 1574]
[890, 4072]
[2811]
[800]
[2814]
[2815]
[2816]
[2817]
[2818]
[2831]
[2832]
[2834]
[2834]
[1451, 1590, 2528, 2835, 3769, 3771, 3773, 4103, 4106, 4485]
[80, 2836, 3234, 3235]
[2837]
[1111]
[2842]
[2843]
[2844, 2845]
[2844, 2845]
[159, 160, 3865, 3866, 3881, 3882]
[159, 160, 3865, 3866, 3881, 3882]
[3859, 3875]
[1366]
[2841]
[2196, 2849]
[2896]
[671, 1260, 1316, 1693, 2181, 2639, 2738]
[309, 1261]
[2628, 4290]
[597, 616, 766, 1283, 2183]
[4057]
[430, 449, 1009, 1097, 1288, 1409, 1578, 1646, 1694, 1815, 2352, 2602, 2813, 3192, 3665, 3708, 4070, 4071, 4169, 4294]
[3665, 4294]
[890, 4072]
[97, 4213]
[2533]
[2859]
[2860]
[2862, 2863]
[2862, 2863]
[2864]
[2864]
[1257]
[2864]
[2864]
[1257]
[2864]
[2864]
[2864]
[2864]
[87]
[425]
[2857]
[2858]
[2857]
[2860]
[1514]
[2872]
[2872]
[2864]
[2864]
[2872]
[2864]
[2864]
[2873]
[2874]
[2875]
[2876]
[2877]
[3760]
[2881]
[2882]
[2883]
[2365, 2366, 2369, 2370]
[2365, 2366, 2369, 2370]
[80, 2836, 3234, 3235]
[513, 3639]
[80, 512, 2113, 2836, 2886, 3234, 3235, 3770, 4280]
[2889, 3907]
[2890, 2894]
[2891]
[3587]
[2890, 2894]
[2906]
[199, 2907]
[227]
[164, 227, 232, 233, 1393, 1394, 1395, 1396, 1616, 2970, 3220, 3271]
[2908]
[2909]
[2910]
[2912]
[2911]
[2913]
[2914]
[2676]
[2916, 2917, 2918]
[2916, 2917, 2918]
[2916, 2917, 2918]
[2923]
[2920]
[2921]
[2922]
[2923]
[1009, 1288, 1578, 2602, 3192]
[44, 595, 695, 1503, 1577, 2809, 3707, 4067, 4084, 4247, 4248, 4249, 4455]
[4057]
[1013, 2063, 2690, 4451]
[2186, 3709, 3870, 4080, 4309, 4310]
[449, 880, 1287, 1409, 1646, 2352, 2468, 2479, 2662, 2813, 3603, 3665, 3708, 3923, 4070, 4071, 4169, 4294, 4452]
[3708]
[4309]
[1011]
[442, 2938, 2954, 3569]
[1219]
[3054]
[270]
[2949]
[3242, 3243, 3245]
[2950]
[1667, 2245]
[2676]
[1152]
[3631, 3632, 3633]
[2953]
[2938, 2954]
[137, 139]
[746]
[747]
[746]
[2958]
[137, 139]
[193, 4328]
[2959]
[2960]
[1347]
[2965]
[2966]
[2965, 2966]
[1667, 2245, 2967]
[2968]
[2969]
[164, 227, 232, 233, 1393, 1394, 1395, 1396, 1616, 2970, 3220, 3271]
[2971]
[2107]
[2972]
[2973]
[2974]
[960]
[3150]
[2983, 2993]
[2985, 2986]
[2985, 2986]
[2984]
[2987]
[2988]
[2989]
[2997]
[2997]
[2998]
[885]
[3001]
[3001]
[2999]
[3277]
[3208, 3223, 4147]
[3144, 4148]
[3047]
[3047]
[3008]
[3009]
[3008]
[3011, 3013, 3629]
[3012]
[3011, 3013, 3629]
[3014]
[3015]
[3016, 3019]
[714]
[3018]
[3047]
[1434, 3021, 3292, 4177]
[3325, 3364, 4165]
[3325, 3364, 4165]
[3023, 3028]
[3325, 3364, 4165]
[3023, 3028]
[3325, 3364, 4165]
[3023, 3028]
[3325, 3364, 4165]
[3325, 3364, 4165]
[3023, 3028]
[3325, 3364, 4165]
[1670]
[891, 2521, 2699, 2700, 2856, 3232, 3732]
[3039]
[3040]
[3041]
[3043]
[3042]
[3044]
[3045]
[3046]
[3047]
[3049]
[3050]
[3071, 3165, 3167]
[1618, 1619, 1620]
[1618, 1619, 1620]
[1622, 3070, 3228, 4008, 4011]
[3072]
[3073, 3074]
[3075]
[3076]
[3077]
[1622, 3070, 3228, 4008, 4011]
[3084]
[3085]
[3086, 3088]
[3087, 3089]
[3090]
[3091]
[3092]
[362, 508, 3093, 3680, 3743, 3748]
[3094]
[1436, 1445]
[368, 3097]
[3100]
[3101]
[3108]
[3108, 3109]
[3109]
[939]
[3108, 3109]
[3106, 3107]
[3106, 3107]
[2865]
[4122, 4124]
[3112]
[3113]
[3114, 3115]
[3114, 3115]
[3114, 3115]
[197]
[135]
[3054]
[2977]
[2980]
[2980]
[2980]
[2976]
[2976]
[2976]
[2976]
[2977]
[2977]
[516]
[2980]
[3134, 3136]
[2978]
[2977]
[2977]
[3145]
[2978]
[3145]
[2980]
[3153]
[3154]
[3155, 3156, 3157, 3158]
[3155, 3156, 3157, 3158]
[3157]
[3155, 3156, 3157, 3158]
[3159]
[52, 67, 69, 82, 1106, 1226, 1227, 1228, 1364, 1750, 1752, 1754, 1756, 1927, 2548, 2952, 3160, 3213, 3887, 3891, 4209]
[3161]
[3162, 3166]
[3071, 3165, 3167]
[3162, 3166]
[3171]
[4125]
[3172]
[584, 634, 1733, 1775, 2669, 4074, 4093]
[404]
[451, 2933]
[42, 1082, 1289, 1668, 2768, 3174, 3176, 4237]
[326, 1427, 3175]
[2634, 2839]
[1813, 3924, 4404]
[3177]
[3182]
[3183]
[3184, 3185]
[3184, 3185]
[3186]
[3187]
[3188]
[611]
[2643, 3191]
[1013, 2690, 2739, 2896, 4451]
[692, 4248]
[1286, 2601, 2808, 2853]
[403, 694, 1287, 1579, 2555, 3975, 4040]
[403, 429, 670, 694, 1579, 1634, 2661, 4067, 4455]
[2770]
[3204]
[3205]
[4147]
[3221]
[4225, 4229]
[3211]
[3212]
[52, 67, 69, 82, 1106, 1226, 1227, 1228, 1364, 1750, 1752, 1754, 1756, 1927, 2548, 2952, 3160, 3213, 3887, 3891, 4209]
[3069, 3214, 4009]
[3071, 3165, 3167]
[3216]
[3217, 3282]
[3226]
[3219, 4224, 4228]
[3220]
[3220]
[1622, 3070, 3228, 4008, 4011]
[3071, 3165, 3167]
[3230]
[1030]
[1603, 4308]
[1532, 2925, 2927, 4073, 4275]
[2855, 4069]
[3703, 4295, 4308]
[1013, 1823, 1959]
[1282, 3703]
[444, 498, 762, 1219, 1730, 1766, 2879, 2939, 3568, 4017]
[3233]
[80, 2836, 3234, 3235]
[80, 2836, 3234, 3235]
[198]
[196]
[196]
[2730]
[3249]
[3250, 3251, 3252]
[3250, 3251, 3252]
[3250, 3251, 3252]
[3253, 3254]
[3253, 3254]
[3255, 3256, 3257, 3265, 3266, 3267]
[3255, 3256, 3257, 3265, 3266, 3267]
[3255, 3256, 3257, 3265, 3266, 3267]
[3253, 3254, 3258, 3259, 3268, 3269]
[3253, 3254, 3258, 3259, 3268, 3269]
[3260]
[3261]
[3262]
[3263, 3264]
[3263, 3264]
[3265, 3266, 3267]
[3265, 3266, 3267]
[3265, 3266, 3267]
[3268, 3269]
[3268, 3269]
[227, 3270]
[2970, 3271]
[3272]
[3273]
[3274]
[3275]
[3276]
[3277]
[3278]
[192, 4327]
[193, 4328]
[1515]
[1515]
[3281]
[3217, 3282]
[2098]
[3283]
[3284, 3285, 3286]
[3284, 3285, 3286]
[3284, 3285, 3286]
[3287]
[149, 594, 1490, 2851, 3821, 3855, 3871, 3925, 4317, 4379, 4405]
[2851, 3925, 4379, 4405]
[2690]
[309, 1261]
[309, 1261, 1637]
[2047]
[2063]
[1011]
[1434, 3021, 3292, 4177]
[2331, 3288, 4437]
[2331, 3288, 3289, 3290, 3291, 4437]
[3291]
[3291]
[3291]
[3291]
[2331, 3288, 3289, 3290, 3291, 4075, 4437]
[3297, 3422, 3458]
[3312, 3317, 3407, 3425, 3443]
[3296, 3332, 3343, 3344, 3498, 3512, 3516, 3522, 3529]
[3315]
[3527]
[3296, 3332, 3343, 3344, 3498, 3512, 3516, 3522, 3529]
[3326, 3509, 3530]
[3470, 3523]
[3293, 3294, 3295, 3313, 3323, 3327, 3334, 3346, 3352, 3409, 3417, 3445, 3454, 3471, 3511]
[3293, 3294, 3295, 3313, 3323, 3327, 3334, 3346, 3352, 3409, 3417, 3445, 3454, 3471, 3511]
[3036, 3038, 3293, 3294, 3297, 3310, 3334, 3367, 3378, 3379, 3392, 3402, 3411, 3417, 3422, 3427, 3448, 3454, 3458, 3480, 3488, 3494, 3496]
[3403, 3431, 3491]
[3367]
[917, 3559]
[918, 3560]
[919, 920, 3561, 3562]
[919, 920, 3561, 3562]
[917, 921, 3559, 3563]
[922, 3564]
[3546]
[3548, 3551]
[3547]
[334, 2704, 3759]
[3548, 3551]
[3547]
[3558]
[3555]
[3552]
[3553]
[3554]
[3555]
[3555]
[3565]
[3755]
[3755]
[3895]
[2938, 3569]
[498, 762, 1210, 1766, 2961, 3568, 4015]
[498, 762, 1210, 1766, 2961, 3568, 4015]
[3949]
[2248]
[2554]
[1030]
[3708]
[1062, 1086, 2700]
[490, 680, 1536, 2331, 2789, 3288, 3289, 3290, 3291, 3573, 4437]
[3588]
[3589]
[3590, 3591]
[3590, 3591]
[3592]
[3593]
[3594]
[3595, 3596]
[3595, 3596]
[3604]
[3605]
[3949]
[3611]
[3607, 3608]
[2082, 3611]
[3611]
[3612]
[2082, 3611]
[2082, 3611]
[2082, 3611]
[1328, 2462]
[880]
[1205]
[3759]
[644, 4445]
[455, 3620]
[1273]
[1116, 1117, 2791, 4193, 4194]
[1205, 2704]
[3904, 3905]
[336, 337, 1556, 2303, 3759]
[73, 3624, 3642]
[3625]
[336]
[337]
[3011, 3013, 3629]
[3011, 3013, 3629]
[3635]
[3636]
[4342]
[3630]
[3630]
[3210, 3225, 4226]
[1434, 1437, 3021, 3292, 3548, 3551, 3663, 4177]
[3632]
[3631, 3632, 3633]
[3634]
[2888, 3638]
[513, 3639]
[337]
[2888, 3638]
[513, 3639]
[336, 337, 2303, 3759]
[73, 3624, 3642]
[3643]
[290, 579, 828, 835]
[3645]
[3646, 3950]
[3618, 3646, 3950]
[1078, 4350]
[3648]
[74, 3649]
[480, 550, 1769, 1770, 2692]
[3652]
[3652]
[3653]
[3654, 3659]
[787]
[3654, 3659]
[3658]
[3654, 3659]
[3660]
[3663]
[1949]
[4306]
[1097, 1815, 3979]
[42, 44, 595, 1082, 1289, 1503, 1649, 1668, 1713, 2768, 3174, 3176, 3978, 4237]
[3980]
[831, 3666]
[309, 1261, 2851, 3925, 4379, 4405]
[502, 503, 1712, 2186, 2247, 2925, 2927, 3674, 4080, 4084]
[857, 858, 1711, 4373]
[503, 4084]
[375, 709, 2698]
[3676]
[3677]
[314, 507, 641, 3679]
[362, 508, 3093, 3680, 3743, 3748]
[3681]
[3598]
[3683]
[363]
[3601]
[3686]
[643, 3687]
[3688]
[314, 507, 641, 3679]
[3691, 3692]
[3691, 3692]
[3693]
[3694, 3695]
[3694, 3695]
[3696]
[3697]
[3698]
[3699]
[561, 613, 879, 2202, 3702, 3704]
[2768]
[308, 830, 2629, 4307]
[619, 1285, 2185, 2631, 2926]
[403, 694, 1579, 2634, 2839, 2854, 4408]
[1083, 1314, 2184, 2928, 2929, 3705, 3706, 3962]
[95, 1010, 1530, 1574]
[428, 430, 451, 697, 1009, 1097, 1288, 1578, 1636, 1637, 1694, 1815, 2602, 2933, 3192, 3730]
[561, 612, 879, 2351, 2634, 2839, 3976]
[859]
[1286, 2601, 2808, 2853]
[4067]
[578, 1488, 3994]
[96, 1012]
[612, 694, 695, 1009, 1013, 1060, 1286, 1287, 1288, 1530, 1532, 1574, 1576, 1577, 1578, 1579, 1637, 1814, 2063, 2186, 2248, 2601, 2602, 2690, 2807, 2808, 2809, 2810, 2853, 2854, 2855, 2927, 3192, 3707, 4057, 4067, 4068, 4069, 4084, 4247, 4248, 4249, 4271, 4291, 4313, 4407, 4455]
[1084, 1259, 1318, 1488, 2812, 4272, 4313]
[3708]
[4309]
[4409]
[3717]
[3728, 3729]
[3728, 3729]
[1096]
[3011, 3013, 3629]
[1554]
[474]
[477, 478]
[2081]
[1023, 1116, 1117, 1553]
[2081]
[3724]
[1327, 3775, 4278]
[3702]
[3728, 3729]
[3728, 3729]
[1286, 2601, 2808, 2853]
[403, 694, 1287, 1579, 2555, 3975, 4040]
[1009, 1288, 1578, 2602, 3192]
[148, 178, 274, 672, 851, 1504, 2179, 2636, 4012, 4377]
[96, 450, 692, 696, 803, 1289, 1732, 2603, 2809, 3176, 3670, 3700, 3707, 4248, 4273, 4296, 4408]
[4073]
[3755]
[4254, 4257, 4429]
[3757]
[3758]
[1681]
[289, 3869, 3885, 4203]
[1681]
[165]
[262]
[3760]
[2962, 2963]
[3762]
[3763]
[3764]
[403, 578, 1074, 1408, 3819, 3994]
[449, 1409, 4169]
[295]
[296]
[289, 3885, 4203]
[453, 454, 3828, 4201]
[453, 454, 3828, 4201]
[297]
[297]
[298, 299, 300]
[298, 299, 300]
[297]
[297]
[298, 299, 300]
[298, 299, 300]
[297]
[1458, 4150]
[3976]
[4277]
[2049]
[307, 669, 2600, 3927]
[2760]
[1078, 1735]
[3859, 3875]
[2692]
[2692]
[2692]
[453, 454, 701, 770, 771, 809, 1500, 1501, 1657, 1658, 1736, 3864, 3876, 3877, 3878, 3879, 4174, 4199, 4323]
[3766]
[3766]
[2857]
[1451, 1590, 2528, 2835, 3769, 3771, 3773, 4103, 4106, 4485]
[3770]
[1451, 1590, 2528, 2835, 3769, 3771, 3773, 4103, 4106, 4485]
[2529, 2536, 3772, 4104, 4107, 4366]
[1451, 1590, 2528, 2835, 3769, 3771, 3773, 4103, 4106, 4485]
[2537, 3774]
[1812]
[1280]
[3981, 4373]
[1329, 1819, 3778]
[1330, 1334, 1821, 3779]
[3780]
[1092]
[1331]
[3783]
[3784, 3785]
[3784, 3785]
[1333]
[1330, 1334, 1821, 3779]
[3786]
[3787, 3788, 3789, 3790]
[3787, 3788, 3789, 3790]
[2748]
[121]
[498, 3568]
[3792]
[3793]
[3794]
[235, 3795, 3797]
[236, 237, 3796, 3798]
[235, 3795, 3797]
[236, 237, 3796, 3798]
[3799, 3801, 3803]
[3800, 3802, 3804]
[3799, 3801, 3803]
[3800, 3802, 3804]
[3799, 3801, 3803]
[3800, 3802, 3804]
[3805]
[3806]
[3807]
[3808]
[3809]
[3813]
[3814]
[324, 3815, 3817]
[325, 3816, 3818]
[324, 3815, 3817]
[325, 3816, 3818]
[325, 3816, 3818]
[1074, 1408, 3819]
[3820]
[149, 594, 1490, 3821, 3855, 3871, 4317]
[3822]
[3823, 3824]
[3823, 3824]
[3825]
[1081, 3826]
[3827]
[3828]
[3829]
[3830, 3831]
[3830, 3831]
[3832]
[3833, 3834]
[3833, 3834]
[2841]
[84]
[3852]
[3854]
[1458, 4150]
[3856]
[3857]
[1079, 1080, 1118, 1119, 1463, 1464, 1830, 1831, 4195, 4196]
[1079, 1080, 1118, 1119, 1463, 1464, 1830, 1831, 4195, 4196]
[3859]
[3858]
[3860, 3861, 3862, 3863, 3864, 4099]
[3860, 3861, 3862, 3863, 3864, 4099]
[1116, 1117, 3860, 3861, 3862, 3863, 3876, 3877, 3878, 3879]
[1118, 1119, 1463, 1464]
[1118, 1119, 1463, 1464]
[3859, 3875]
[1461]
[3867]
[449, 1409, 4169]
[149, 594, 1490, 3821, 3855, 3871, 4317]
[3872]
[3873]
[1079, 1080, 1118, 1119, 1463, 1464, 1830, 1831, 4195, 4196]
[1079, 1080, 1118, 1119, 1463, 1464, 1830, 1831, 4195, 4196]
[3875]
[3874, 4202]
[3876, 3877, 3878, 3879]
[3876, 3877, 3878, 3879]
[3880]
[159, 160, 3865, 3866, 3881, 3882]
[159, 160, 3865, 3866, 3881, 3882]
[3883]
[1499, 3868, 3884, 4324]
[3869]
[3859, 3875]
[52, 67, 69, 82, 1106, 1226, 1227, 1228, 1364, 1750, 1752, 1754, 1756, 1927, 2548, 2952, 3160, 3213, 3887, 3891, 4209]
[3888]
[3889]
[3890]
[52, 67, 69, 82, 1106, 1226, 1227, 1228, 1364, 1750, 1752, 1754, 1756, 1927, 2548, 2952, 3160, 3213, 3887, 3891, 4209]
[3892]
[3894]
[2865, 4076]
[1948]
[3898]
[3899]
[3901]
[3902]
[3903]
[831, 3666]
[1601]
[578, 1083, 1110, 1488, 2184, 2928, 3195, 3776, 3994]
[309, 1261, 2739, 2896, 3854]
[415, 673, 691, 1317, 1573]
[837]
[837]
[3904, 3905]
[80, 925, 2836, 3234, 3235]
[4430]
[84]
[308, 1082, 1282, 3174, 3703, 3777, 4237, 4307]
[1292]
[923]
[161]
[275, 2850]
[3908]
[3909]
[1264, 1266, 1272]
[813, 1525, 1659, 2936, 3721]
[813, 1525, 1659, 2936, 3721]
[2253, 4385]
[3912, 3913]
[3912, 3913]
[3911]
[3914]
[1205]
[1565, 3915]
[3918]
[3919]
[415, 4455]
[1219, 2939]
[3830, 3831]
[3822]
[3920]
[4371, 4373]
[148, 178, 274, 672, 851, 1504, 2179, 2636, 4012, 4377]
[44, 595, 1503]
[1654]
[276, 1519, 2851, 3925, 4379, 4405]
[1097, 1815]
[307, 309, 473, 488, 669, 671, 673, 880, 1097, 1260, 1261, 1316, 1317, 1458, 1531, 1573, 1576, 1637, 1693, 1815, 1816, 2181, 2248, 2600, 2637, 2638, 2639, 2738, 2807, 3927, 4150]
[3928]
[1474, 2630, 2806, 2852]
[336, 3759]
[1205, 2704, 2801]
[3951]
[3915]
[2769]
[3984]
[3984]
[3984]
[4066]
[3984]
[671, 1260, 1316, 1693, 2181, 2639, 2738]
[310, 430, 597, 616, 619, 693, 766, 1009, 1097, 1283, 1284, 1285, 1288, 1474, 1576, 1578, 1694, 1815, 2183, 2185, 2204, 2468, 2469, 2602, 2628, 2630, 2631, 2662, 2805, 2806, 2807, 2852, 2924, 2926, 3190, 3192, 3571, 3603, 4290]
[2719]
[3963]
[3964]
[3965, 3966]
[3965, 3966]
[48]
[159, 160, 1506, 2846, 3865, 3866, 3881, 3882]
[161, 3859]
[578, 1320, 1519, 2634, 2839, 3994, 4273]
[1533]
[561, 879, 3717]
[1114]
[4312]
[403, 694, 1279, 1579, 1710, 3189, 4068]
[450, 1577, 1732, 2809, 3707]
[3982, 3983]
[3982, 3983]
[3982, 3983]
[3982, 3983]
[3982, 3983]
[3982, 3983]
[3982, 3983]
[3982, 3983]
[3982, 3983]
[3982, 3983]
[768, 769]
[3964]
[3963]
[3963]
[3883]
[3260]
[3989]
[3990]
[3991]
[578, 3994]
[3995]
[4337]
[805]
[413, 1461, 3857, 3873]
[4000]
[4001]
[4002, 4003]
[4002, 4003]
[3998]
[199, 2907]
[4265]
[2907]
[133]
[2907]
[133]
[4006, 4007]
[4006, 4007]
[1622, 3070, 3228, 4008, 4011]
[3069, 3214, 4009]
[1622, 3070, 3228, 4008, 4011]
[4010]
[1622, 3070, 3228, 4008, 4011]
[1622, 3070, 3228, 4008, 4011]
[2304, 3917]
[4016]
[4017]
[4018]
[2584, 2585, 2586]
[4021]
[4021]
[4023]
[341]
[4027]
[264]
[2715]
[2715]
[4031]
[375, 709, 2698]
[335]
[1458, 4150]
[149, 594, 1490, 3821, 3855, 3871, 4317]
[4036]
[1290]
[1736]
[452]
[1078, 1735]
[403, 429, 670, 694, 1579, 1634, 2661, 4067, 4455]
[4041]
[3648]
[3648]
[4044]
[4044]
[4045]
[4046]
[4048]
[4049]
[4050]
[4051]
[4052]
[2365, 2366, 2369, 2370]
[2365, 2366, 2369, 2370]
[4263]
[4215]
[4053]
[4054]
[4055, 4056]
[4055, 4056]
[2644]
[4272]
[405, 451, 611, 619, 673, 697, 1285, 1317, 1573, 1636, 1637, 2185, 2631, 2926, 2933, 3668, 3730, 4057]
[1638]
[45, 596, 1655, 1668, 1813, 2895, 3924, 4404]
[584, 634, 1733, 1775, 2669, 4074, 4093]
[880]
[673, 1317, 1573]
[1574]
[275, 449, 473, 488, 693, 1284, 1409, 1531, 1636, 1646, 1816, 1824, 2352, 2605, 2805, 2810, 2813, 2850, 3173, 3190, 3665, 3708, 4070, 4071, 4169, 4190, 4276, 4294]
[430, 890, 1009, 1097, 1288, 1534, 1578, 1694, 1815, 1824, 2602, 3173, 3192, 3668, 4072, 4190, 4274]
[1082, 3174, 4237]
[45, 502, 2247, 2347]
[2644, 4079]
[2896]
[4406]
[1111, 3976]
[1111, 3976]
[309, 679, 1261]
[309, 679, 1261]
[308, 1601]
[308, 1601]
[1602]
[1602]
[4308]
[4308]
[4057]
[3704]
[3704]
[1604]
[1604]
[4096]
[1206, 1769, 1770]
[2448]
[97, 2532, 2534, 4213]
[2533]
[2840]
[4101]
[4102]
[4105, 4108]
[1451, 1590, 2528, 2835, 3769, 3771, 3773, 4103, 4106, 4485]
[2537, 3774]
[4105, 4108]
[1451, 1590, 2528, 2835, 3769, 3771, 3773, 4103, 4106, 4485]
[2529, 2536, 3772, 4104, 4107, 4366]
[4102]
[4109]
[1159]
[4113]
[4113]
[2867, 4076]
[2867]
[4115]
[4116]
[3584, 3585]
[3584, 3585]
[3584, 3585]
[3584, 3585]
[4121]
[4122, 4124]
[4122, 4124]
[4122, 4124]
[2228]
[4127]
[2970, 3271]
[3271]
[4128]
[4128]
[4129]
[4130]
[4131, 4143]
[4132]
[4128]
[4133]
[4262]
[4133]
[4133, 4136, 4141]
[4142]
[4131, 4143]
[2574, 4146]
[4145]
[4144]
[25, 26, 964, 965, 966, 967, 1917, 1920, 1921, 1923, 1924, 1925, 1944, 1945, 1946, 1957, 1958, 1960, 1961, 1962, 1969, 4151, 4152, 4153, 4154, 4155, 4159, 4160, 4161, 4162, 4163]
[4164]
[4165]
[3296, 3312, 3317, 3377, 3407, 3425, 3443, 3461, 3465, 3478, 3506, 4168]
[4167]
[3312, 3317, 3407, 3425, 3443, 3531]
[4167]
[4165]
[3037, 3490, 3502, 3503]
[4187]
[4165]
[3296, 3302, 3304, 3306, 3321, 3389, 3532, 3536, 3542]
[1824, 3173, 4190]
[4170]
[1827]
[2904]
[3825]
[4201]
[1434, 3021, 3292, 4177]
[3332]
[4179]
[3332]
[4181]
[3498]
[3490]
[3310, 3378, 3379]
[3035, 3038, 3349, 3392, 3401, 3487, 3493, 3496]
[3033, 3398, 3406, 3427, 3493, 3500, 4186]
[4187]
[3477, 3500]
[3440, 3498, 4178, 4180, 4182, 4188]
[3464, 3468]
[3314, 3338, 3370, 3371]
[3428]
[504, 2347]
[2063]
[3201, 3202, 3203, 3995]
[3201, 3202, 3203, 3995]
[3823, 3824]
[3823, 3824]
[4100]
[3859, 3875]
[3859, 3875]
[3201, 3202, 3203, 3995]
[4202]
[3874]
[3867]
[3867]
[3869]
[3883]
[3706, 3776]
[4211]
[1678]
[4207]
[4207, 4208]
[546, 1321]
[546, 1321]
[546, 1321]
[2821, 2822, 3728, 3729]
[2821, 2822, 3728, 3729]
[3150]
[2830]
[2830]
[1553]
[736]
[701, 1078, 1735]
[2276, 2277, 2278, 2279, 2280, 2281]
[2974]
[2279]
[2784]
[3068]
[2868, 2869, 2870, 2871]
[2868, 2869, 2870, 2871]
[4218]
[4219]
[4220]
[1617]
[4222]
[4223, 4227]
[3219, 4224, 4228]
[4225, 4229]
[3210]
[4223, 4227]
[3219, 4224, 4228]
[4225, 4229]
[257]
[3220]
[4230]
[4230]
[4231]
[4232]
[2681, 4233]
[4234]
[4235]
[4236]
[803, 3700]
[1327, 3775, 4278]
[2810]
[4455]
[1648, 2182, 2749]
[142, 1249, 1372, 2517, 2680, 2682, 2683, 2684, 4244]
[292]
[4057]
[578, 1320, 1488, 2812, 3994, 4272, 4273, 4313]
[830, 4312]
[1160]
[4252]
[4252]
[418, 1341, 1600, 3048]
[418, 1341, 1600, 3048]
[4474]
[1357]
[4262]
[3568]
[4263]
[902, 903, 904, 905, 906, 907, 1452, 1453, 4268, 4269]
[902, 903, 904, 905, 906, 907, 1452, 1453, 4268, 4269]
[1454, 4266]
[1455, 4267]
[43, 95, 1010]
[3665, 4294]
[2480, 4073, 4080]
[1605]
[405, 451, 611, 619, 673, 697, 1285, 1317, 1573, 1636, 1637, 2185, 2631, 2926, 2933, 3668, 3730, 4057]
[1602, 4409]
[2605, 4276]
[294, 2049, 2739, 4298, 4451]
[1083, 1314, 2184, 2928, 2929, 3705, 3706, 3962]
[1712]
[4279]
[4280]
[4281, 4367]
[714]
[1554]
[3915]
[1554]
[4283, 4284]
[415, 690, 692, 803, 1289, 1574, 2467, 2603, 2638, 2795, 2809, 3176, 3670, 3700, 3707, 4238, 4248]
[843]
[2203]
[619, 1285, 2185, 2631, 2926]
[1576, 2807]
[1286, 2601, 2808, 2853]
[1287]
[276]
[3617]
[1602]
[504, 2925, 2927, 4271]
[504, 1959, 2203, 2347, 2927]
[2347]
[1282, 4293]
[1533]
[3709, 3870, 4084, 4309, 4310]
[95, 1010, 1282, 1601, 1655, 2895, 4295, 4307, 4308, 4311]
[4296]
[427, 3854, 4297, 4298, 4403]
[2810]
[1582]
[1582, 2353]
[4437]
[1582]
[4301]
[4302]
[1601]
[1577, 3777, 4247, 4248]
[503, 1532, 2186, 2925, 4084, 4271, 4291, 4309]
[842, 1532, 2186, 3709, 3870, 4084, 4271, 4291, 4310]
[2351, 3976]
[1282, 1601]
[4306]
[449, 880, 1287, 1409, 1646, 2352, 2468, 2479, 2662, 2813, 3603, 3665, 3708, 3923, 4070, 4071, 4169, 4294, 4452]
[1635]
[1636]
[4316]
[149, 275, 326, 430, 594, 611, 1009, 1097, 1288, 1427, 1490, 1578, 1654, 1694, 1813, 1815, 2047, 2248, 2479, 2602, 2850, 2851, 3175, 3192, 3821, 3855, 3871, 3923, 3924, 3925, 4317, 4379, 4404, 4405, 4452]
[4318]
[4319]
[4320]
[4321]
[4322]
[4323]
[288, 475, 1265, 1271, 1499, 1502, 1512, 1964, 2693, 3198, 3868, 3884, 4157, 4324, 4384]
[4325]
[4326]
[4327]
[4328]
[179, 432, 560, 2178, 4330]
[1812]
[2467, 2795, 4238, 4248]
[596, 690, 2629, 4249]
[4329]
[4312]
[2063]
[1532, 2186, 2927, 4084, 4271, 4291]
[1604, 2202]
[306, 1604, 4274]
[4342]
[4343]
[4344]
[4345, 4347]
[169, 4342, 4419, 4420]
[4342]
[4345, 4347]
[4342]
[3169]
[4342]
[4350]
[1090, 1091]
[4351]
[3911]
[3146]
[1541]
[197]
[886]
[886]
[3152]
[2717]
[3276]
[2748]
[121, 3276]
[4353]
[3922]
[76]
[76]
[587, 3880]
[76]
[76]
[587, 3880]
[2253, 4385]
[1681]
[3113]
[1480]
[149, 307, 560, 594, 669, 890, 1286, 1490, 1602, 2352, 2600, 2601, 2606, 2808, 2853, 2930, 3672, 3821, 3855, 3871, 3927, 4070, 4072, 4317, 4409]
[3181]
[4323]
[1481]
[1482]
[1485, 1486]
[1485, 1486]
[4365]
[1481]
[1482]
[2529, 2536, 3772, 4104, 4107, 4366]
[4281, 4367]
[2107]
[4368]
[1457]
[2638, 2854]
[690]
[690, 2467, 2603, 2795, 3731, 4238, 4248, 4312]
[622, 1017, 1581, 2719, 2931]
[622, 1017, 1581, 2719, 2931]
[1016, 1062, 3715, 3733]
[1016, 1062, 3715, 3733]
[3674]
[2851, 3925, 4379, 4405]
[4315]
[4380]
[2789]
[1826]
[279, 1963, 3720]
[2250, 2251, 2252]
[2250, 2251, 2252]
[2250, 2251, 2252]
[2256]
[3058]
[2479, 3923, 4452]
[1122, 4383]
[3550]
[288, 475, 1265, 1271, 1499, 1502, 1512, 1964, 2693, 3868, 3884, 4157, 4324, 4384]
[2253, 4385]
[504]
[1062, 1583, 3573, 3737, 4331, 4332]
[440]
[925, 2888, 3638, 3906, 4280, 4387, 4388]
[4389]
[4390]
[4391]
[4392]
[4393]
[4394]
[4395]
[4396]
[4397]
[4398]
[917, 921, 3559, 3563]
[918, 3560]
[917, 3559]
[922, 3564]
[4402]
[2047]
[2851, 3925, 4379, 4405]
[286, 611, 698, 2047, 2048, 2049, 2063, 2690, 4191, 4403]
[310, 430, 597, 616, 619, 693, 766, 1009, 1097, 1283, 1284, 1285, 1288, 1474, 1576, 1578, 1694, 1815, 2183, 2185, 2204, 2468, 2469, 2602, 2628, 2630, 2631, 2662, 2805, 2806, 2807, 2852, 2924, 2926, 3190, 3192, 3571, 3603, 4290]
[4066]
[2854]
[2810]
[889]
[143]
[1681]
[2607]
[3568]
[326, 1427, 3175]
[47]
[3867]
[4413]
[4414]
[4415]
[4416]
[4417]
[4418]
[2991]
[4419, 4420]
[4419, 4420]
[4421]
[4422, 4423, 4424, 4425]
[4422, 4423, 4424, 4425]
[4422, 4423, 4424, 4425]
[4422, 4423, 4424, 4425]
[2801]
[451, 2933]
[1014]
[3546]
[2340]
[2704]
[4428]
[310, 2924, 3571, 4455]
[1582]
[1583]
[2935]
[1078, 1735, 2935, 3860, 3861, 3862, 3863, 4099]
[1500, 1501, 1657, 1658, 1736, 3828, 3864, 4199]
[683]
[1500, 1501, 1657, 1658, 1736, 3828, 3864, 4199]
[137, 139]
[746]
[747]
[746]
[137, 139]
[193, 4328]
[2958]
[3731, 4248]
[4437]
[4438]
[4439]
[4440]
[4441]
[4442]
[4444]
[4445]
[1929, 1930]
[1929, 1930]
[211, 220]
[3273, 4140]
[213, 214, 215, 222, 223, 224, 1936, 1937, 1938, 2165, 2166, 2167, 2294, 2295, 2296]
[2047]
[1654]
[597, 616, 766, 1011, 1279, 1283, 2183, 2204, 3189, 4406]
[96, 450, 692, 693, 1012, 1278, 1284, 1575, 1732, 2629, 2769, 2805, 3190, 3731]
[1286, 2601, 2808, 2853]
[1013, 2063, 2690, 4451]
[1533]
[4456]
[4464]
[4462, 4463]
[4462, 4463]
[4460, 4461]
[4460, 4461]
[4466]
[4471]
[4467]
[4468]
[4469]
[4471]
[3208, 3223, 4147]
[3144, 4148]
[4474]
[4475]
[4476]
[4477]
[4477]
[4481]
[4479, 4482]
[1793, 4480]
[4479, 4482]
[4483]
[1480]
[1481]
[1482]
[1485, 1486]
[1485, 1486]
[1451, 1590, 2528, 2835, 3769, 3771, 3773, 4103, 4106, 4485]
[4486]
[1948]
[1948]
[4489]
[4490]
[4491]
[4492]
[4494]
