0.9090909090909091
0.9782608695652174
0.9791666666666666
0.967741935483871
0.967741935483871
1.0
1.0
1.0
1.0
1.0
1.0
1.0
1.0
1.0
1.0
1.0
1.0
1.0
1.0
1.0
1.0
1.0
1.0
1.0
1.0
1.0
1.0
1.0
1.0
1.0
0.9813084112149533
0.9375
0.9411764705882353
0.9375
0.9375
0.9411764705882353
0.9375
0.9615384615384616
0.8235294117647058
0.8235294117647058
0.9722222222222222
0.9722222222222222
0.971830985915493
0.971830985915493
0.971830985915493
0.971830985915493
0.971830985915493
0.971830985915493
0.971830985915493
0.971830985915493
0.971830985915493
0.96875
0.9529411764705882
0.9529411764705882
0.9529411764705882
0.9529411764705882
0.9529411764705882
0.9529411764705882
0.9529411764705882
0.9529411764705882
0.9529411764705882
0.9529411764705882
0.9529411764705882
0.9529411764705882
0.7419354838709677
0.7666666666666666
0.7419354838709677
0.7333333333333334
0.9032258064516129
0.9803921568627451
0.9577464788732395
0.9714285714285714
0.9772727272727273
0.9772727272727273
0.967741935483871
0.9583333333333334
0.9722222222222222
0.9772727272727273
0.9772727272727273
0.967741935483871
0.9583333333333334
0.9583333333333334
0.9565217391304348
0.9565217391304348
1.0
1.0
1.0
1.0
1.0
1.0
1.0
1.0
1.0
1.0
1.0
1.0
1.0
1.0
1.0
1.0
0.9210526315789473
0.9589041095890412
0.90625
0.90625
1.0
1.0
1.0
1.0
1.0
1.0
1.0
0.9545454545454546
1.0
1.0
1.0
1.0
1.0
1.0
1.0
1.0
1.0
1.0
1.0
1.0
1.0
1.0
1.0
1.0
1.0
1.0
1.0
1.0
1.0
1.0
1.0
1.0
1.0
1.0
1.0
1.0
1.0
1.0
1.0
1.0
1.0
1.0
1.0
1.0
1.0
1.0
0.9772727272727273
0.9772727272727273
0.88
0.88
0.88
0.88
0.9642857142857143
0.9642857142857143
0.88
0.92
0.8846153846153846
0.92
1.0
1.0
1.0
1.0
1.0
1.0
1.0
1.0
1.0
1.0
1.0
1.0
1.0
1.0
1.0
1.0
1.0
1.0
1.0
1.0
1.0
1.0
1.0
1.0
1.0
1.0
1.0
1.0
1.0
1.0
1.0
1.0
1.0
1.0
1.0
1.0
1.0
1.0
1.0
1.0
1.0
1.0
1.0
1.0
1.0
1.0
1.0
1.0
1.0
1.0
1.0
1.0
1.0
0.9545454545454546
1.0
1.0
1.0
1.0
1.0
1.0
1.0
1.0
1.0
1.0
1.0
1.0
1.0
1.0
1.0
1.0
1.0
1.0
1.0
1.0
1.0
1.0
1.0
1.0
1.0
1.0
1.0
1.0
1.0
1.0
1.0
1.0
1.0
1.0
1.0
1.0
1.0
1.0
0.9545454545454546
1.0
1.0
1.0
1.0
1.0
1.0
1.0
1.0
0.96875
0.8888888888888888
0.967741935483871
0.9117647058823529
0.96875
0.9666666666666667
0.9066666666666666
0.9066666666666666
0.922077922077922
0.922077922077922
0.8913043478260869
0.8913043478260869
0.9107142857142857
0.9107142857142857
0.9565217391304348
0.9545454545454546
1.0
1.0
1.0
1.0
1.0
1.0
1.0
1.0
1.0
1.0
1.0
1.0
1.0
1.0
1.0
1.0
1.0
1.0
1.0
1.0
1.0
1.0
1.0
1.0
1.0
1.0
1.0
1.0
1.0
1.0
1.0
1.0
1.0
1.0
1.0
1.0
1.0
1.0
1.0
1.0
1.0
1.0
1.0
1.0
1.0
1.0
1.0
1.0
1.0
1.0
1.0
1.0
1.0
1.0
1.0
1.0
1.0
1.0
1.0
1.0
1.0
1.0
1.0
1.0
1.0
1.0
1.0
1.0
1.0
1.0
1.0
1.0
1.0
0.9565217391304348
1.0
1.0
1.0
0.9743589743589743
0.9743589743589743
1.0
1.0
1.0
1.0
1.0
1.0
1.0
1.0
1.0
1.0
1.0
1.0
1.0
1.0
1.0
1.0
1.0
1.0
1.0
0.9452054794520548
0.9452054794520548
0.8421052631578947
0.8421052631578947
0.935064935064935
0.935064935064935
0.8867924528301887
0.8867924528301887
0.8928571428571429
0.8928571428571429
0.9436619718309859
0.9436619718309859
0.961038961038961
0.961038961038961
0.9245283018867925
0.9245283018867925
0.9285714285714286
0.9285714285714286
0.9672131147540983
0.9672131147540983
0.9210526315789473
0.953125
0.953125
0.9473684210526316
0.9210526315789473
0.9375
0.9375
0.9210526315789473
0.9295774647887324
0.9295774647887324
0.948051948051948
0.948051948051948
0.8666666666666667
0.8666666666666667
0.875
0.875
0.8928571428571429
0.8064516129032258
0.98
0.9868421052631579
0.875
1.0
0.88
0.88
0.88
0.88
1.0
1.0
1.0
1.0
1.0
1.0
1.0
1.0
1.0
1.0
1.0
1.0
1.0
1.0
1.0
1.0
0.88
0.88
0.88
0.88
0.9642857142857143
0.9642857142857143
0.92
0.92
0.8461538461538461
0.92
0.8888888888888888
0.8888888888888888
0.896551724137931
0.9863013698630136
0.9863013698630136
0.9863013698630136
0.9863013698630136
0.9857142857142858
0.9857142857142858
0.9491525423728814
0.9545454545454546
1.0
1.0
1.0
1.0
1.0
1.0
1.0
1.0
1.0
1.0
1.0
1.0
1.0
1.0
1.0
1.0
1.0
1.0
1.0
1.0
1.0
1.0
1.0
1.0
1.0
1.0
1.0
1.0
1.0
1.0
1.0
1.0
1.0
1.0
1.0
1.0
1.0
1.0
