1.0000000000000002
1.0000000000000002
1.0000000000000002
1.0000000000000002
1.0000000000000002
1.0000000000000002
1.0000000000000002
1.0000000000000002
1.0000000000000002
0.6694188517266485
0.6694188517266485
1.0000000000000004
0.6694188517266485
0.6694188517266485
0.6694188517266485
0.6694188517266485
0.6694188517266485
0.6694188517266485
1.0
1.0
1.0
0.5031026124151314
0.5031026124151314
1.0
1.0000000000000002
1.0000000000000002
1.0000000000000002
1.0000000000000002
1.0
1.0
1.0
1.0
1.0
1.0
1.0
1.0
