[0]
[15, 296, 297]
[15, 296, 297]
[2]
[3]
[4]
[13]
[6]
[1, 13, 16]
[3]
[1, 4, 16]
[309]
[1, 13, 16]
[3]
[1, 4, 16]
[13]
[1, 13, 16]
[1, 16]
[141]
[141]
[87, 91]
[239, 243]
[241]
[239, 241]
[7, 10, 12, 309]
[7, 10, 309]
[97]
[269]
[300]
[300]
[190]
[141]
[141]
[243, 246]
[77]
[239, 243, 246]
[243, 246]
[148]
[141]
[141]
[95]
[148]
[276, 298]
[148]
[148]
[282, 284]
[148]
[148]
[148]
[148]
[244]
[244]
[244]
[244]
[244]
[244]
[244]
[244]
[244]
[244]
[244]
[244]
[244]
[244]
[244]
[244]
[244]
[244]
[244]
[244]
[244]
[244]
[244]
[244]
[244]
[244]
[244]
[300]
[244]
[244]
[244]
[244]
[93]
[85, 87, 93]
[85, 87, 93]
[87]
[79, 85, 87]
[79, 85, 87, 93]
[87]
[87]
[87]
[85, 87]
[261]
[237, 239, 241, 243, 246]
[239]
[237, 239, 241, 243, 246]
[233, 234, 235, 236]
[238, 240, 247]
[157]
[54]
[54]
[52]
[53]
[54]
[55]
[52]
[269]
[98, 269]
[57]
[251]
[148]
[292]
[148]
[148]
[241]
[80, 84]
[309]
[309, 314]
[309, 314]
[85]
[267]
[292]
[148]
[292]
[148]
[99]
[230, 231]
[230, 231]
[352]
[136]
[237, 239, 241, 243, 246]
[237, 239, 241, 243, 246]
[135]
[97]
[256, 258]
[232]
[241]
[96, 242, 264]
[96, 134, 264, 296, 297]
[269]
[251]
[249]
[256, 258]
[69]
[250]
[251]
[307]
[307]
[307]
[237]
[58, 134, 142, 237, 239, 241, 242, 243, 246, 266]
[251]
[256, 258]
[283]
[251]
[237, 241]
[307]
[246]
[256, 258]
[250]
[269, 307]
[190]
[282, 283, 284, 285]
[17]
[17]
[243, 246, 260]
[243, 246, 260]
[69]
[67, 68]
[67, 68]
[69]
[238]
[309]
[310, 311]
[99]
[284, 285]
[17, 225, 249, 252, 254, 256, 258, 301, 352]
[312]
[148, 269]
[148, 269]
[80, 84]
[309]
[80, 84]
[309]
[148]
[148]
[57]
[50, 263]
[148]
[148]
[73]
[74, 75]
[74, 75]
[76]
[77]
[298]
[77, 81, 85, 87, 91]
[148]
[237, 267]
[148]
[267]
[298]
[267]
[77, 81, 85, 87, 91]
[141, 269]
[77, 81, 85, 87, 91]
[239, 267]
[269]
[77, 81, 85, 87, 91]
[94]
[77]
[316]
[306]
[25, 28, 34, 37, 107, 110, 116, 119, 165, 168, 174, 177, 200, 203, 209, 212, 325, 328, 334, 337]
[286, 287, 288, 289]
[237, 239, 241, 243, 246]
[148]
[139]
[237, 239, 241, 243, 246]
[148]
[139]
[237, 239, 241, 298]
[97]
[98]
[99]
[241]
[243, 246, 260]
[243, 246, 260]
[292]
[291, 294]
[241, 262]
[292]
[292]
[237, 239, 241, 262]
[237, 239, 241]
[292]
[148]
[292]
[148]
[148]
[243, 246, 260]
[243, 246, 260]
[243, 246, 260]
[7, 10]
[7, 10]
[7, 10]
[7, 10]
[309]
[309, 314]
[309, 314]
[135]
[141]
[141]
[148]
[156]
[142]
[148]
[309]
[94]
[132]
[133]
[134]
[135]
[135]
[141]
[141]
[79, 83, 87, 91]
[239, 243]
[137]
[138]
[137]
[290, 291, 294, 295]
[17, 283, 285]
[315]
[18, 19, 29, 30, 100, 101, 111, 112, 158, 159, 169, 170, 193, 194, 204, 205, 226, 318, 319, 329, 330]
[228]
[260]
[99]
[153]
[81, 85, 87, 89, 91, 93, 150, 282, 283]
[142]
[143]
[251]
[252, 253, 254, 255]
[78, 82]
[78, 82]
[77, 81, 85]
[77, 81, 85]
[77, 81, 85]
[77, 81, 85]
[81, 85]
[81, 85]
[81, 85]
[81, 85]
[244]
[269]
[269]
[17]
[17]
[17]
[17]
[17]
[269]
[269]
[283, 285]
[77]
[77]
[141]
[283, 285]
[141]
[135]
[144, 146]
[144, 146]
[282, 283, 284, 285]
[144, 146]
[144, 146]
[282, 283, 284, 285]
[148]
[148]
[274]
[274]
[274]
[17]
[141]
[274]
[274]
[274]
[147]
[141]
[274]
[274]
[274]
[147]
[3]
[260]
[14]
[270]
[309]
[309, 314]
[315]
[260]
[13]
[260]
[309]
[52, 53]
[76, 143, 293, 310]
[17]
[17]
[238, 240, 247]
[238, 240, 247]
[17]
[17]
[17, 283, 285]
[17, 283, 285]
[17, 283, 285]
[17, 283, 285]
[157]
[262]
[148]
[148]
[315]
[262]
[148]
[256, 257, 258, 259]
[148]
[256, 257, 258, 259]
[148]
[292]
[148]
[292]
[228]
[310, 311]
[250, 310]
[269]
[269]
[269]
[269]
[250, 256, 257, 258, 259]
[149, 150]
[262]
[262]
[262]
[262]
[262, 309]
[262, 309]
[63]
[63]
[63]
[226]
[267]
[154]
[154]
[156]
[246, 260]
[78, 80, 81, 82, 84, 85, 86, 88, 90, 92]
[233, 234]
[65, 66]
[65, 66]
[244]
[244]
[244]
[244]
[244]
[244]
[300]
[300]
[17]
[17]
[244]
[244]
[244]
[244]
[244]
[244]
[17]
[18, 19, 29, 30, 100, 101, 111, 112, 158, 159, 169, 170, 193, 194, 204, 205, 318, 319, 329, 330]
[232, 250, 352]
[17, 250]
[232, 250, 352]
[17, 250]
[232, 250, 352]
[232, 250, 352]
[65, 66]
[65, 66]
[244]
[244]
[244]
[244]
[244]
[244]
[300]
[300]
[241]
[241]
[190]
[309]
[237, 246]
[91]
[309]
[309]
[310, 311]
[250, 310]
[269]
[269]
[269]
[269]
[250, 256, 257, 258, 259]
[308]
[308]
[17]
[21, 22, 40, 41, 103, 104, 122, 123, 138, 161, 162, 180, 181, 196, 197, 215, 216, 305, 306, 321, 322, 340, 341]
[21, 22, 40, 41, 103, 104, 122, 123, 138, 161, 162, 180, 181, 196, 197, 215, 216, 305, 306, 321, 322, 340, 341]
[250]
[225]
[226]
[227]
[228]
[229]
[309]
[309]
[99]
[226]
[226]
[309]
[309]
[230, 231]
[230, 231]
[230, 231]
[230, 231]
[230, 231]
[230, 231]
[232]
[232]
[232]
[269]
[252, 256]
[269]
[252]
[258]
[269]
[232]
[232]
[251]
[254]
[255]
[269]
[255]
[269]
[232]
[232]
[257, 259]
[250]
[232]
[232]
[250]
[251]
[252]
[253]
[254]
[255]
[232]
[232]
[252]
[253]
[254]
[255]
[232]
[232]
[260]
[261]
[260]
[261]
[310]
[269]
[265]
[139]
[139]
[17]
[17]
[139]
[139]
[79, 83, 94]
[79, 83, 94]
[284]
[17]
[283, 285]
[239]
[310, 311]
[52]
[52]
[17]
[148]
[275]
[275]
[276]
[277]
[278]
[279]
[280]
[278]
[283, 285]
[283, 285]
[282, 284]
[282, 284]
[294]
[149]
[292]
[293]
[157]
[309]
[309, 314]
[296, 297]
[296, 297]
[298]
[299]
[298]
[299]
[246]
[302, 303]
[302, 303]
[293]
[301]
[87]
[293]
[140]
[304]
[20, 31, 39, 46, 102, 113, 121, 128, 160, 171, 179, 186, 195, 206, 214, 221, 320, 331, 339, 346]
[244]
[98]
[305]
[305, 306]
[307]
[292]
[292]
[157]
[309]
[310]
[311]
[316]
[315]
[314]
[309]
[309]
[309]
[309]
[13, 148]
[238, 240]
[13]
[245]
[241]
[93, 301]
[94]
[300]
[278]
[309]
[309]
[3]
[260]
[227]
[55]
[228]
[55]
[157, 237, 239, 241, 243, 246]
[237, 239, 241, 243, 246]
[237, 239, 241, 243, 246]
[141]
[141]
[156]
[239, 243]
[59, 94]
[300]
[271]
