[0]
[154, 155]
[0]
[2]
[3]
[4]
[135, 137]
[4]
[15]
[8, 11]
[1, 4, 16]
[15]
[8, 11]
[1, 4, 16]
[13]
[15]
[1, 16]
[34]
[109]
[61, 62]
[63, 64, 136, 138, 144, 145]
[34]
[19]
[20]
[21]
[16]
[22]
[23]
[24]
[25]
[26]
[74, 122, 123, 124]
[38, 39, 68, 96, 99, 104, 133, 134]
[68, 96, 104, 133, 134]
[19, 30, 31]
[22, 58]
[17, 42, 44, 46, 48, 50, 52, 54, 56]
[147]
[144, 145]
[34, 135, 136, 137, 138, 142, 143, 144, 145]
[34]
[108]
[110]
[36]
[36]
[60, 127, 128]
[72]
[83]
[70]
[112]
[69, 70]
[68]
[121, 123]
[123]
[29, 32, 33]
[29, 32, 33]
[30, 31]
[67, 68]
[34]
[34]
[34, 142, 143]
[89]
[26]
[37]
[38, 39]
[38, 39]
[40]
[41]
[107]
[41]
[80]
[41]
[30, 31]
[41]
[80]
[41]
[50]
[41]
[52]
[41]
[54]
[41]
[56]
[41]
[58]
[41]
[34]
[34]
[34]
[34]
[38, 39]
[72]
[71]
[73]
[69]
[61, 62]
[129]
[0]
[107]
[110]
[108]
[114]
[22, 58, 107]
[63, 64]
[37]
[82]
[65, 66]
[107]
[83]
[68]
[84, 85]
[84, 85]
[78]
[80]
[84, 85]
[84, 85]
[84, 85]
[84, 85]
[84, 85]
[84, 85]
[84, 85]
[84, 85]
[84, 85]
[89]
[90]
[91]
[92]
[93]
[94]
[58]
[98]
[98]
[61, 62]
[100]
[99]
[75]
[76]
[58]
[68]
[77]
[78]
[78, 79]
[34]
[18, 74]
[101]
[102]
[103]
[104]
[105]
[149, 150]
[0]
[58]
[154, 155]
[68]
[154, 155]
[142, 143, 154]
[58]
[154]
[96]
[107]
[21]
[154, 155]
[108]
[108]
[109]
[110]
[111]
[112]
[69]
[96]
[34, 61, 62, 63, 64, 135, 136, 137, 138]
[116]
[117]
[118]
[119]
[7, 10]
[154]
[124]
[18, 74]
[124]
[18, 74]
[106]
[106]
[125]
[126]
[106]
[106]
[67]
[127, 128]
[127, 128]
[130]
[130]
[129]
[130]
[133, 134]
[139]
[140]
[140]
[147]
[148]
[149]
[150]
[149]
[150]
[153]
[154]
[155]
[51, 53, 55, 57]
[51, 53, 55, 57]
[115]
