[0]
[1, 2]
[1, 2]
[3]
[4]
[5]
[7]
[8]
[4]
[10]
[8, 12, 16]
[4]
[10]
[12]
[4]
[14]
[16]
[4]
[10, 14]
[11]
[16]
[4]
[10, 14]
[310]
[6]
[8, 12, 16]
[17]
[18, 19]
[18, 19]
[20]
[21]
[22]
[23]
[24]
[25]
[598]
[598]
[109]
[109]
[34, 40]
[258]
[124, 179]
[28]
[29]
[30]
[31, 32]
[31, 32]
[33]
[20, 34]
[35]
[36]
[560, 563]
[561, 562]
[561, 562]
[560, 563]
[564]
[43, 48]
[44, 49]
[542, 543]
[363]
[365]
[43, 48]
[44, 49]
[43, 48]
[44, 49]
[50, 51, 55, 56, 57, 59, 60, 61, 66, 67, 71, 73, 75, 78, 79, 80, 81]
[50, 51, 55, 56, 57, 59, 60, 61, 66, 67, 71, 73, 75, 78, 79, 80, 81]
[52, 53, 54, 62, 63, 64, 65, 68, 69, 70, 72]
[52, 53, 54, 62, 63, 64, 65, 68, 69, 70, 72]
[52, 53, 54, 62, 63, 64, 65, 68, 69, 70, 72]
[50, 51, 55, 56, 57, 59, 60, 61, 66, 67, 71, 73, 75, 78, 79, 80, 81]
[50, 51, 55, 56, 57, 59, 60, 61, 66, 67, 71, 73, 75, 78, 79, 80, 81]
[50, 51, 55, 56, 57, 59, 60, 61, 66, 67, 71, 73, 75, 78, 79, 80, 81]
[58]
[50, 51, 55, 56, 57, 59, 60, 61, 66, 67, 71, 73, 75, 78, 79, 80, 81]
[50, 51, 55, 56, 57, 59, 60, 61, 66, 67, 71, 73, 75, 78, 79, 80, 81]
[50, 51, 55, 56, 57, 59, 60, 61, 66, 67, 71, 73, 75, 78, 79, 80, 81]
[52, 53, 54, 62, 63, 64, 65, 68, 69, 70, 72]
[52, 53, 54, 62, 63, 64, 65, 68, 69, 70, 72]
[52, 53, 54, 62, 63, 64, 65, 68, 69, 70, 72]
[52, 53, 54, 62, 63, 64, 65, 68, 69, 70, 72]
[50, 51, 55, 56, 57, 59, 60, 61, 66, 67, 71, 73, 75, 78, 79, 80, 81]
[50, 51, 55, 56, 57, 59, 60, 61, 66, 67, 71, 73, 75, 78, 79, 80, 81]
[52, 53, 54, 62, 63, 64, 65, 68, 69, 70, 72]
[52, 53, 54, 62, 63, 64, 65, 68, 69, 70, 72]
[52, 53, 54, 62, 63, 64, 65, 68, 69, 70, 72]
[50, 51, 55, 56, 57, 59, 60, 61, 66, 67, 71, 73, 75, 78, 79, 80, 81]
[52, 53, 54, 62, 63, 64, 65, 68, 69, 70, 72]
[50, 51, 55, 56, 57, 59, 60, 61, 66, 67, 71, 73, 75, 78, 79, 80, 81]
[74]
[50, 51, 55, 56, 57, 59, 60, 61, 66, 67, 71, 73, 75, 78, 79, 80, 81]
[76]
[77]
[50, 51, 55, 56, 57, 59, 60, 61, 66, 67, 71, 73, 75, 78, 79, 80, 81]
[50, 51, 55, 56, 57, 59, 60, 61, 66, 67, 71, 73, 75, 78, 79, 80, 81]
[50, 51, 55, 56, 57, 59, 60, 61, 66, 67, 71, 73, 75, 78, 79, 80, 81]
[50, 51, 55, 56, 57, 59, 60, 61, 66, 67, 71, 73, 75, 78, 79, 80, 81]
[274]
[28, 258]
[258]
[258]
[258]
[258]
[354, 355]
[354, 355]
[354, 355]
[354, 355]
[354, 355]
[354, 355]
[354, 355]
[354, 355]
[354, 355]
[354, 355]
[354, 355]
[354, 355]
[354, 355]
[354, 355]
[354, 355]
[354, 355]
[354, 355]
[354, 355]
[354, 355]
[354, 355]
[354, 355]
[354, 355]
[354, 355]
[354, 355]
[354, 355]
[354, 355]
[354, 355]
[354, 355]
[86]
[87]
[83, 88]
[84, 89]
[85, 90]
[86, 91]
[82, 87]
[83]
[84]
[85]
[84, 89]
[83, 88]
[82, 87]
[86, 91]
[85, 90]
[84, 88, 89]
[83, 88]
[82, 83, 84, 87, 90, 91]
[91]
[90]
[84, 89]
[85, 90]
[86, 91]
[82, 87]
[83, 86, 88]
[84, 86, 89]
[85, 90]
[86, 91]
[82, 87]
[83, 88]
[82]
[82, 86, 91]
[82, 85, 88, 89, 90]
[84, 89]
[83, 84, 88]
[82, 83, 84, 87]
[86, 91]
[85, 88, 89, 90]
[84, 89]
[83, 88]
[82, 87]
[83, 88]
[84, 89]
[82, 85, 90]
[82, 86, 91]
[82]
[83]
[84]
[85]
[86]
[82, 86, 91]
[82]
[83]
[84]
[85]
[86]
[87]
[88]
[89]
[90]
[533]
[93]
[94]
[95]
[96]
[97]
[98]
[354, 355]
[354, 355]
[88]
[88, 373, 375, 376, 385, 386, 387, 442, 444, 445, 461]
[373, 375, 376, 442, 444, 445]
[373, 375, 376, 442, 444, 445]
[354, 355]
[354, 355]
[385]
[373, 376, 442, 445]
[373, 376, 442, 445]
[373, 376, 442, 445, 461]
[37, 184, 362]
[276]
[20, 34, 40, 266]
[101]
[102]
[258]
[103]
[103]
[258]
[104]
[105]
[174, 175]
[174, 175]
[174, 175]
[223]
[174, 175]
[389]
[223]
[224]
[224]
[108]
[258]
[109]
[43]
[111]
[112]
[112]
[572]
[109]
[588]
[117, 248]
[118, 249]
[125]
[213]
[160]
[161]
[119]
[119]
[349]
[348]
[348, 349]
[348, 349]
[349]
[348, 349]
[377, 446]
[371, 440]
[372, 441]
[373, 442]
[374, 443]
[375, 444]
[376, 445]
[377, 446]
[349]
[348]
[348, 349]
[348, 349]
[349]
[348, 349]
[377, 446]
[371, 440]
[372, 441]
[373, 442]
[374, 443]
[375, 444]
[376, 445]
[377, 446]
[162]
[162]
[354, 355]
[354, 355]
[354, 355]
[354, 355]
[354, 355]
[354, 355]
[354, 355]
[354, 355]
[354, 355]
[354, 355]
[354, 355]
[354, 355]
[354, 355]
[354, 355]
[354, 355]
[354, 355]
[354, 355]
[354, 355]
[354, 355]
[354, 355]
[354, 355]
[354, 355]
[354, 355]
[354, 355]
[354, 355]
[354, 355]
[162]
[162]
[162]
[354, 355]
[354, 355]
[354, 355]
[354, 355]
[354, 355]
[354, 355]
[354, 355]
[354, 355]
[354, 355]
[354, 355]
[354, 355]
[354, 355]
[354, 355]
[354, 355]
[354, 355]
[354, 355]
[354, 355]
[354, 355]
[354, 355]
[354, 355]
[354, 355]
[354, 355]
[354, 355]
[354, 355]
[354, 355]
[354, 355]
[354, 355]
[354, 355]
[163, 164]
[163, 164]
[554]
[604]
[191, 192]
[191, 192]
[317]
[317]
[167]
[167]
[168, 169]
[168, 169]
[167]
[167]
[167]
[167]
[167]
[344]
[345]
[213]
[346, 351]
[346, 351]
[213]
[346, 351]
[346, 351]
[346, 347, 350, 351]
[346, 347, 350, 351]
[346, 347, 350, 351]
[346, 347, 350, 351]
[554, 556]
[346, 351]
[171]
[284, 285, 295, 296]
[284, 285, 295, 296]
[526]
[463]
[172, 247, 458, 594]
[173]
[436]
[437]
[436]
[437]
[436]
[437]
[381]
[382]
[28]
[381, 450, 451]
[586, 592]
[382]
[28]
[28]
[381]
[382]
[28]
[381]
[592]
[382]
[28]
[28]
[174]
[543]
[588]
[175]
[258]
[38, 39]
[205]
[217]
[220, 221]
[221]
[187]
[188]
[189]
[190]
[191, 192]
[191, 192]
[193]
[194]
[195]
[196]
[197]
[198]
[199]
[200]
[201]
[202]
[203]
[195, 201]
[208]
[206]
[195, 201]
[205]
[209]
[210]
[222]
[223]
[224]
[358, 366]
[199]
[199]
[230]
[233]
[234]
[197]
[197, 199]
[199]
[358, 366]
[199]
[199]
[230]
[233]
[230]
[233]
[346, 351]
[125]
[117, 248]
[118, 249]
[250]
[37, 184]
[264, 265]
[264, 265]
[266]
[267]
[415, 449]
[398, 399, 408, 409, 424, 425]
[398, 399, 408, 409, 424, 425]
[305]
[415]
[402, 403, 412, 413, 428, 429]
[402, 403, 412, 413, 428, 429]
[82]
[415]
[400, 401, 410, 411, 426, 427]
[400, 401, 410, 411, 426, 427]
[82, 85, 86, 87, 305, 415]
[415]
[163, 164, 398, 399, 400, 401, 402, 403, 408, 409, 410, 411, 412, 413, 424, 425, 426, 427, 428, 429]
[163, 164, 398, 399, 400, 401, 402, 403, 408, 409, 410, 411, 412, 413, 424, 425, 426, 427, 428, 429]
[415]
[415]
[163, 164, 398, 399]
[163, 164, 398, 399]
[304]
[268]
[269]
[268]
[269]
[273]
[465, 466]
[465, 466]
[126, 127]
[126, 127]
[465, 466]
[465, 466]
[465, 466]
[465, 466]
[128]
[490]
[472, 473, 480, 481, 488, 489, 492, 493, 500, 501, 506, 507]
[472, 473, 480, 481, 488, 489, 492, 493, 500, 501, 506, 507]
[471]
[471, 472, 473, 480, 481, 488, 489, 492, 493, 500, 501, 506, 507]
[93, 94, 95]
[474]
[474]
[128, 346, 347, 350, 351]
[111]
[471, 472, 473, 480, 481, 488, 489, 492, 493, 500, 501, 506, 507]
[471, 472, 473, 480, 481, 488, 489, 492, 493, 500, 501, 506, 507]
[471, 472, 473, 480, 481, 488, 489, 492, 493, 500, 501, 506, 507]
[472, 473, 480, 481, 488, 489, 492, 493, 500, 501, 506, 507]
[93, 94, 95]
[93, 94, 95]
[93, 94, 95]
[93, 94, 95]
[525]
[472, 473, 480, 481, 488, 489, 492, 493, 500, 501, 506, 507]
[472, 473, 480, 481, 488, 489, 492, 493, 500, 501, 506, 507]
[472, 473, 480, 481, 488, 489, 492, 493, 500, 501, 506, 507]
[472, 473, 480, 481, 488, 489, 492, 493, 500, 501, 506, 507]
[176]
[447, 448]
[306]
[93, 94, 95]
[274]
[93, 94, 95]
[93, 94, 95]
[276]
[277]
[278]
[279]
[279]
[280]
[281]
[282]
[282]
[301]
[300]
[300, 449]
[163, 164]
[163, 164]
[415]
[304, 415]
[305, 415]
[300, 301, 449]
[449]
[449]
[163, 164]
[163, 164]
[415]
[415]
[304, 305]
[300, 301]
[414]
[301]
[163, 164]
[163, 164]
[415]
[304, 305]
[415]
[300, 301, 449]
[300]
[300, 301, 449]
[163, 164]
[163, 164]
[305, 415]
[304, 305]
[82]
[299, 300, 301, 449]
[449]
[301]
[163, 164]
[163, 164]
[304]
[305]
[305]
[300]
[449]
[414]
[163, 164]
[163, 164]
[415]
[304, 305]
[415]
[472, 473, 480, 481, 488, 489, 492, 493, 500, 501, 506, 507]
[472, 473, 480, 481, 488, 489, 492, 493, 500, 501, 506, 507]
[449]
[449]
[449]
[163, 164]
[163, 164]
[305, 452]
[305]
[452]
[449]
[449]
[449]
[163, 164]
[163, 164]
[452]
[305]
[305, 415, 452]
[301, 449]
[449]
[449]
[163, 164]
[163, 164]
[304, 415, 452]
[304]
[304, 305, 415, 452]
[449]
[449]
[449]
[163, 164]
[163, 164]
[452]
[82, 83, 84, 85, 86, 87, 88, 89, 90, 91, 452]
[82, 83, 84, 85, 86, 87, 88, 89, 90, 91, 452]
[449]
[449]
[449]
[163, 164]
[163, 164]
[304, 452]
[82]
[304]
[449]
[449]
[449]
[163, 164]
[163, 164]
[452]
[304]
[452]
[283]
[284, 285]
[284, 285]
[286, 287]
[286, 287]
[288, 289]
[288, 289]
[290, 291]
[290, 291]
[292, 293]
[292, 293]
[294]
[295, 296]
[295, 296]
[297, 298]
[297, 298]
[299]
[300]
[301]
[302, 303]
[302, 303]
[304]
[305]
[306]
[449]
[449]
[449]
[163, 164]
[163, 164]
[82, 83, 84, 85, 86, 87, 88, 89, 90, 91]
[304, 305]
[82, 83, 84, 85, 86, 87, 88, 89, 90, 91]
[449]
[300]
[300]
[163, 164]
[163, 164]
[305]
[82]
[305]
[449]
[300, 301, 449]
[300, 449]
[163, 164]
[163, 164]
[82, 83, 84, 85, 86, 87, 88, 89, 90, 91]
[305]
[82, 83, 84, 85, 86, 87, 88, 89, 90, 91]
[317]
[317]
[317]
[317]
[317]
[317]
[213, 309]
[213]
[311, 314]
[312, 315]
[313]
[317]
[311, 314]
[312, 315]
[316]
[317]
[317]
[317]
[317]
[317]
[317]
[317]
[318]
[319, 320, 321, 324, 325, 326, 329, 330, 331]
[319, 320, 321, 324, 325, 326, 329, 330, 331]
[319, 320, 321, 324, 325, 326, 329, 330, 331]
[322]
[323, 328]
[319, 320, 321, 324, 325, 326, 329, 330, 331]
[319, 320, 321, 324, 325, 326, 329, 330, 331]
[319, 320, 321, 324, 325, 326, 329, 330, 331]
[327, 332]
[323, 328]
[319, 320, 321, 324, 325, 326, 329, 330, 331]
[319, 320, 321, 324, 325, 326, 329, 330, 331]
[319, 320, 321, 324, 325, 326, 329, 330, 331]
[327, 332]
[333, 596]
[334, 597]
[335]
[469, 470]
[469, 470]
[447, 448]
[120]
[336]
[337]
[338]
[339]
[339]
[109]
[109]
[308, 309]
[308]
[163, 164]
[163, 164]
[163, 164]
[163, 164]
[346, 347, 350, 351]
[347, 350]
[346, 347, 350, 351]
[348, 349]
[349]
[348, 349]
[346, 347, 350, 351]
[347, 350]
[346, 347, 350, 351]
[356]
[357]
[358]
[359]
[360]
[361]
[362]
[363]
[364]
[365]
[366]
[367]
[368]
[123, 369]
[371, 440]
[372, 441]
[373, 442]
[374, 443]
[375, 444]
[376, 445]
[377, 446]
[346, 351]
[346, 351]
[383]
[384]
[390]
[391]
[360]
[560, 563]
[560, 563]
[392]
[529]
[92]
[528]
[92]
[393]
[354, 355]
[354, 355]
[120]
[120]
[394]
[395]
[278]
[394]
[434]
[162]
[434]
[250]
[406, 407, 422, 423]
[406, 407, 422, 423]
[412, 413, 428, 429]
[412, 413, 428, 429]
[408, 409, 424, 425]
[408, 409, 424, 425]
[408, 409, 424, 425]
[408, 409, 424, 425]
[430, 431]
[430, 431]
[406, 407, 422, 423]
[406, 407, 422, 423]
[408, 409, 424, 425]
[408, 409, 424, 425]
[410, 411, 426, 427]
[410, 411, 426, 427]
[412, 413, 428, 429]
[412, 413, 428, 429]
[430, 431]
[430, 431]
[339]
[174]
[174]
[174]
[174]
[258]
[396, 397]
[396, 397]
[402, 403]
[402, 403]
[398, 399]
[398, 399]
[398, 399]
[398, 399]
[414]
[415]
[396, 397]
[396, 397]
[398, 399]
[398, 399]
[400, 401]
[400, 401]
[402, 403]
[402, 403]
[414]
[415]
[406, 407]
[406, 407]
[412, 413]
[412, 413]
[408, 409]
[408, 409]
[408, 409]
[408, 409]
[404, 405, 430, 431]
[404, 405, 430, 431]
[406, 407]
[406, 407]
[408, 409]
[408, 409]
[410, 411]
[410, 411]
[412, 413]
[412, 413]
[404, 405, 430, 431]
[404, 405, 430, 431]
[82, 88, 89]
[88, 89, 90, 91]
[85, 86, 87]
[94]
[82, 90, 91]
[82, 83, 84]
[93, 94, 95, 415]
[85, 86, 87]
[94]
[93, 94, 95, 415]
[259]
[259]
[432]
[433]
[261]
[263]
[262, 263]
[436]
[437]
[438]
[439]
[371, 440]
[372, 441]
[373, 442]
[374, 443]
[375, 444]
[376, 445]
[377, 446]
[251, 252]
[251, 252]
[253]
[254, 607]
[255]
[256]
[308]
[449]
[450, 451]
[450, 451]
[452]
[449]
[450, 451]
[450, 451]
[452]
[449]
[450, 451]
[450, 451]
[452]
[515, 516]
[515, 516]
[517, 518]
[517, 518]
[519, 520]
[519, 520]
[521, 522]
[521, 522]
[453]
[282]
[454]
[457]
[454]
[455]
[456]
[457]
[458, 595]
[28]
[28]
[515, 516]
[515, 516]
[517, 518]
[517, 518]
[519, 520]
[519, 520]
[521, 522]
[521, 522]
[515, 516]
[515, 516]
[517, 518]
[517, 518]
[519, 520]
[519, 520]
[521, 522]
[521, 522]
[460]
[461]
[462]
[187, 433, 589]
[465, 466]
[465, 466]
[467, 468]
[467, 468]
[469, 470]
[469, 470]
[471]
[471]
[472, 473, 480, 481, 488, 489, 492, 493, 500, 501, 506, 507]
[472, 473, 480, 481, 488, 489, 492, 493, 500, 501, 506, 507]
[482]
[483]
[484, 486]
[474]
[484, 486]
[472, 473, 480, 481, 488, 489, 492, 493, 500, 501, 506, 507]
[472, 473, 480, 481, 488, 489, 492, 493, 500, 501, 506, 507]
[474]
[472, 473, 480, 481, 488, 489, 492, 493, 500, 501, 506, 507]
[472, 473, 480, 481, 488, 489, 492, 493, 500, 501, 506, 507]
[474]
[495]
[496]
[497]
[498]
[499]
[472, 473, 480, 481, 488, 489, 492, 493, 500, 501, 506, 507]
[472, 473, 480, 481, 488, 489, 492, 493, 500, 501, 506, 507]
[502]
[503]
[504]
[505]
[472, 473, 480, 481, 488, 489, 492, 493, 500, 501, 506, 507]
[472, 473, 480, 481, 488, 489, 492, 493, 500, 501, 506, 507]
[43, 48]
[44, 49]
[576, 577]
[578, 579]
[546]
[134, 152]
[578]
[589]
[140, 151]
[157]
[149]
[310]
[209]
[339, 391, 542, 543]
[140]
[109, 211, 310, 311, 314]
[40]
[134, 152]
[145, 151, 154]
[134, 152, 258]
[494]
[120]
[310]
[508]
[509]
[37, 184, 362]
[195, 201]
[20, 34, 40, 266]
[512]
[513]
[514]
[385]
[515, 516]
[515, 516]
[385, 387, 526]
[449]
[286, 287, 288, 289, 297, 298, 302, 303, 515, 516, 599, 600, 604]
[286, 287, 288, 289, 297, 298, 302, 303, 515, 516, 599, 600, 604]
[526]
[385]
[163, 164]
[163, 164]
[385]
[449]
[163, 164]
[163, 164]
[385]
[300, 385]
[515, 516]
[515, 516]
[385, 387, 526]
[300]
[286, 287, 288, 289, 297, 298, 302, 303, 515, 516, 599, 600, 604]
[286, 287, 288, 289, 297, 298, 302, 303, 515, 516, 599, 600, 604]
[526]
[385]
[386]
[387]
[388]
[515, 516]
[515, 516]
[517, 518]
[517, 518]
[519, 520]
[519, 520]
[521, 522]
[521, 522]
[526]
[527]
[528]
[529]
[532]
[532]
[532]
[534]
[535]
[366]
[536]
[537]
[538]
[37]
[539]
[186]
[186]
[308, 309, 525, 541]
[175]
[20, 34, 266]
[348, 349, 415]
[410, 411, 426, 427]
[410, 411, 426, 427]
[349]
[348, 349, 415]
[410, 411, 412, 413, 426, 427, 428, 429]
[410, 411, 412, 413, 426, 427, 428, 429]
[348]
[348, 349]
[412, 413]
[412, 413]
[385, 387, 526, 529]
[348, 349, 415]
[410, 411]
[410, 411]
[526]
[526]
[286, 287, 297, 298]
[286, 287, 297, 298]
[526]
[529]
[286, 287, 297, 298]
[286, 287, 297, 298]
[529]
[540]
[541]
[542]
[543]
[300]
[297, 298, 302, 303]
[297, 298, 302, 303]
[385, 387, 526]
[300]
[297, 298, 302, 303]
[297, 298, 302, 303]
[526]
[300]
[297, 298, 302, 303]
[297, 298, 302, 303]
[385, 387, 526]
[300]
[297, 298, 302, 303]
[297, 298, 302, 303]
[526]
[300, 301]
[297, 298, 302, 303]
[297, 298, 302, 303]
[385]
[300, 301]
[297, 298, 302, 303]
[297, 298, 302, 303]
[385]
[544]
[435]
[348, 354, 355]
[400, 401, 402, 403, 410, 411, 412, 413, 426, 427, 428, 429]
[400, 401, 402, 403, 410, 411, 412, 413, 426, 427, 428, 429]
[348, 349]
[354, 355]
[402, 403, 412, 413, 428, 429]
[402, 403, 412, 413, 428, 429]
[348, 349]
[354, 355]
[402, 403, 412, 413]
[402, 403, 412, 413]
[385]
[348, 354, 355]
[348]
[526]
[286, 287, 297, 298]
[286, 287, 297, 298]
[526]
[529]
[529]
[415]
[410, 411, 412, 413, 426, 427, 428, 429]
[410, 411, 412, 413, 426, 427, 428, 429]
[349]
[415]
[410, 411, 412, 413, 426, 427, 428, 429]
[410, 411, 412, 413, 426, 427, 428, 429]
[348]
[349, 354, 355, 415]
[412, 413]
[412, 413]
[348, 385, 387, 526, 529]
[410, 411]
[410, 411]
[526]
[163, 164, 284, 285, 288, 289, 295, 296, 302, 303]
[163, 164, 284, 285, 288, 289, 295, 296, 302, 303]
[526]
[284, 285, 288, 289, 295, 296, 302, 303]
[284, 285, 288, 289, 295, 296, 302, 303]
[348, 415]
[398, 399, 402, 403, 412, 413]
[398, 399, 402, 403, 412, 413]
[348, 349]
[415]
[402, 403, 412, 413]
[402, 403, 412, 413]
[348]
[348, 349, 354, 355, 415]
[402, 403]
[402, 403]
[348]
[400, 401, 402, 403]
[400, 401, 402, 403]
[526]
[163, 164]
[163, 164]
[526]
[163, 164, 284, 285, 288, 289, 292, 293, 295, 296, 302, 303]
[163, 164, 284, 285, 288, 289, 292, 293, 295, 296, 302, 303]
[545]
[546]
[547]
[548]
[37, 184, 362, 364]
[549]
[550]
[551, 552]
[551, 552]
[553]
[554]
[556]
[556]
[556]
[556]
[556]
[556]
[556]
[556]
[381]
[382]
[557]
[558]
[559]
[30]
[567]
[566]
[274]
[566]
[566]
[274]
[566]
[274]
[566]
[565]
[377, 446]
[567]
[566]
[567]
[566]
[566]
[310]
[569]
[570]
[571]
[574]
[575]
[576]
[577]
[577]
[576]
[575]
[577]
[576]
[579]
[578]
[354, 355]
[354, 355]
[354, 355]
[354, 355]
[354, 355]
[354, 355]
[354, 355]
[354, 355]
[354, 355]
[354, 355]
[354, 355]
[354, 355]
[354, 355]
[354, 355]
[354, 355]
[354, 355]
[258]
[585]
[586]
[593]
[587]
[588]
[433]
[589]
[590]
[591]
[592]
[322]
[378]
[378]
[378]
[598]
[599]
[600]
[601]
[602]
[603]
[604]
[600]
[601]
[602]
[604]
[18, 19, 264, 265]
[18, 19, 264, 265]
[20, 34, 40, 266]
[21, 267]
[213]
[213]
[213]
[211]
[212]
[306]
[610]
[610]
[310]
[611]
