[0]
[1]
[2, 3]
[2, 3]
[4]
[5]
[55]
[55]
[7]
[8, 15]
[9]
[10, 13]
[11]
[9]
[13]
[11, 15]
[9]
[13]
[15]
[9]
[10, 13]
[15]
[9]
[10, 13]
[8, 11, 15]
[9]
[10, 13]
[8]
[9]
[10]
[11]
[9]
[13]
[14]
[11]
[16]
[145]
[144]
[145]
[146]
[45]
[46]
[87]
[87]
[175, 179]
[175, 176, 179, 180]
[148]
[129, 130]
[129, 130]
[130]
[130]
[129]
[129, 130]
[130]
[130]
[72, 74, 76, 78]
[51]
[148]
[18]
[17, 19, 40, 55, 83, 118]
[20]
[21]
[22]
[23]
[24]
[25]
[26]
[27]
[28, 29]
[32]
[32]
[28, 29]
[86]
[37]
[85]
[84]
[85]
[37]
[33]
[34]
[35]
[35, 36]
[37]
[148]
[38]
[39]
[148]
[17]
[148]
[148]
[47]
[49, 53]
[50]
[51]
[51]
[53]
[52]
[49]
[53]
[55, 81, 154, 155]
[40, 155]
[17, 40, 154, 155]
[55, 155]
[54]
[148]
[148]
[148]
[148]
[148]
[153]
[18]
[148]
[181, 182]
[69]
[186]
[65]
[184, 186]
[65]
[184, 186]
[65, 67]
[184, 186]
[63, 67]
[184, 186]
[181, 182]
[183]
[184, 186]
[183]
[184, 186]
[181, 182]
[183]
[184, 186]
[183]
[186]
[55]
[149]
[56]
[58]
[59]
[60, 61]
[60, 61]
[62]
[63]
[64]
[65]
[66]
[67]
[68]
[69]
[70]
[71]
[72]
[73]
[74]
[75]
[76]
[77]
[78]
[79]
[80]
[81]
[82]
[84]
[85]
[86]
[87]
[87]
[113]
[87, 113]
[87]
[87]
[88]
[89]
[90]
[91]
[92]
[93, 94]
[93, 94]
[95]
[96]
[97]
[98]
[99]
[100]
[39]
[101]
[102]
[103]
[148]
[148]
[148]
[148]
[104]
[148]
[140]
[152]
[148]
[148]
[148]
[148]
[148]
[148]
[106]
[107]
[108]
[109]
[110]
[111]
[149, 150]
[149, 150, 203]
[148]
[130]
[129, 130]
[130]
[129]
[129]
[129, 130]
[129]
[129]
[129]
[129]
[112]
[114]
[115]
[116]
[116]
[116]
[116]
[116]
[113]
[148]
[148]
[148]
[119]
[120, 125, 127]
[121]
[122, 124]
[120]
[121]
[122]
[124]
[125, 127]
[126]
[125, 127]
[128]
[129]
[130]
[131]
[132]
[133]
[134]
[135]
[136]
[137]
[138, 139]
[138, 139]
[140]
[141]
[142]
[147]
[149]
[150]
[151]
[152]
[153]
[154]
[155]
[156]
[157]
[158]
[159]
[57]
[33]
[160, 162]
[161]
[160, 162]
[163]
[164, 165]
[164, 165]
[166, 167]
[166, 167]
[168]
[169, 170]
[169, 170]
[171, 172]
[171, 172]
[173]
[181, 182]
[183]
[186]
[65]
[186]
[67]
[184]
[69]
[184, 186]
[69]
[184, 186]
[181, 182]
[183]
[184, 186]
[183]
[184, 186]
[181, 182]
[183]
[184]
[183]
[186]
[181, 182]
[65]
[184, 186]
[67]
[184, 186]
[63, 65, 67, 69]
[184, 186]
[67]
[184, 186]
[65]
[184, 186]
[181, 182]
[183]
[184]
[183]
[186]
[181, 182]
[183]
[184, 186]
[183]
[186]
[174]
[176, 180]
[179]
[177]
[129, 130]
[178]
[176]
[175, 176, 179, 180]
[187]
[188]
[189]
[190]
[191]
[192]
[193]
[194]
[195]
[196]
[197]
[198]
[199]
[129, 130, 149]
[200]
[52]
[52]
[52]
[52]
[52]
[201]
[106]
[148]
[148]
[148]
[148]
[148]
[148]
[148]
[148]
[148]
[148]
[148]
[148]
[148]
[148]
[148]
[148]
[148]
[148]
[148]
[148]
[148]
[148]
[148]
[148]
[148]
[148]
[148]
[148]
[148]
[148]
[148]
[148]
[148]
[148]
[148]
[148]
[204]
