[0]
[3]
[188, 189]
[188, 189]
[4]
[5]
[14]
[7]
[8]
[4]
[10]
[8, 15]
[9]
[10, 13]
[14]
[15]
[16]
[39, 89]
[39, 170]
[39, 89]
[22]
[23]
[24]
[26]
[27]
[28]
[24]
[27]
[27]
[27]
[14]
[14, 53]
[27]
[30]
[31]
[32]
[33]
[37]
[60, 142]
[31]
[39]
[41]
[43, 44]
[43, 44]
[42]
[45]
[46]
[52]
[53]
[58]
[54, 55]
[56]
[57]
[58]
[59]
[170]
[61]
[62]
[63]
[66]
[64, 65]
[64, 65]
[77, 79, 81]
[68]
[69, 77]
[68]
[69]
[70, 72]
[71, 73]
[74]
[75]
[76]
[77]
[78]
[77, 79, 81]
[80]
[77, 79, 81]
[82]
[77, 79, 81]
[84]
[75, 83, 85]
[39]
[88]
[89]
[92]
[91]
[93]
[134]
[96]
[102]
[158, 179]
[103]
[107]
[107]
[107]
[130]
[105]
[104]
[106]
[107]
[131]
[38]
[109]
[13]
[129]
[56]
[130]
[131]
[108]
[134]
[133]
[134]
[135]
[136]
[31]
[139]
[140]
[141]
[86, 89]
[144]
[132]
[146]
[163]
[132]
[145]
[132]
[146]
[132]
[92, 147]
[158]
[158]
[149]
[150]
[151, 156]
[152]
[153]
[152, 154]
[155]
[157]
[157]
[158]
[159]
[161]
[162]
[163]
[164]
[165]
[167]
[90]
[158]
[56]
[158]
[158]
[169]
[39]
[39]
[171]
[172]
[173]
[174]
[101]
[175]
[101]
[176]
[180]
[180]
[179]
[179]
[209]
[53, 178, 180]
[53, 178, 180]
[132]
[132]
[209]
[57]
[181, 185]
[182]
[183]
[184]
[181, 185]
[185, 186]
[188, 189]
[188, 189]
[192]
[193]
[192]
[193]
[194]
[195]
[196]
[197]
[198]
[199]
[200]
[201]
[202]
[203]
[204]
[205]
[206]
[207, 208]
[208]
[158]
[158]
[209]
