[0]
[1, 2]
[1, 2]
[3]
[4]
[5]
[6]
[92, 1287]
[13]
[11, 14]
[15]
[92]
[16, 20]
[17]
[22]
[92, 1287]
[10, 13]
[11]
[12, 15, 18]
[92, 1287]
[10]
[11]
[12]
[1287]
[92, 1287]
[7]
[8, 14]
[9]
[92]
[7, 10]
[8, 21]
[12]
[10, 13, 16]
[8, 11, 14, 17, 21]
[12, 18]
[92, 1287]
[10]
[11]
[12]
[10, 25]
[11, 14, 21]
[12]
[13, 16, 20]
[17, 21]
[18]
[13, 16, 20]
[17, 21]
[18]
[20]
[17, 21]
[18, 22]
[20]
[21]
[9, 22]
[16]
[8, 17, 21]
[18, 22]
[10]
[11]
[12]
[7, 10, 13, 16, 20, 25]
[8, 11, 14, 17, 21]
[9, 12, 15, 18, 22]
[24]
[24]
[7, 10, 13, 16, 20]
[26]
[27, 28, 454, 455]
[27, 28, 454, 455]
[29, 48, 456]
[30, 457]
[27, 28, 454, 455]
[27, 28, 454, 455]
[29, 48, 212, 456]
[30, 457]
[31]
[32]
[714]
[50]
[714]
[50]
[35, 36]
[35, 36]
[37]
[38]
[39]
[40, 215]
[41]
[42]
[43, 73]
[45, 46]
[45, 46]
[47]
[48]
[49]
[50]
[51, 54]
[52, 53]
[52, 53]
[51]
[55]
[233, 977]
[978]
[58]
[754, 756]
[756]
[59, 237]
[752, 756]
[406]
[407]
[977]
[978]
[977]
[978]
[61, 63]
[62, 64]
[65, 66, 70, 71, 72, 74, 75, 76, 81, 82, 86, 88, 90, 93, 94, 95, 96]
[65, 66, 70, 71, 72, 74, 75, 76, 81, 82, 86, 88, 90, 93, 94, 95, 96]
[67, 68, 69, 77, 78, 79, 80, 83, 84, 85, 87]
[67, 68, 69, 77, 78, 79, 80, 83, 84, 85, 87]
[67, 68, 69, 77, 78, 79, 80, 83, 84, 85, 87]
[65, 66, 70, 71, 72, 74, 75, 76, 81, 82, 86, 88, 90, 93, 94, 95, 96]
[65, 66, 70, 71, 72, 74, 75, 76, 81, 82, 86, 88, 90, 93, 94, 95, 96]
[65, 66, 70, 71, 72, 74, 75, 76, 81, 82, 86, 88, 90, 93, 94, 95, 96]
[73]
[65, 66, 70, 71, 72, 74, 75, 76, 81, 82, 86, 88, 90, 93, 94, 95, 96]
[65, 66, 70, 71, 72, 74, 75, 76, 81, 82, 86, 88, 90, 93, 94, 95, 96]
[65, 66, 70, 71, 72, 74, 75, 76, 81, 82, 86, 88, 90, 93, 94, 95, 96]
[67, 68, 69, 77, 78, 79, 80, 83, 84, 85, 87]
[67, 68, 69, 77, 78, 79, 80, 83, 84, 85, 87]
[67, 68, 69, 77, 78, 79, 80, 83, 84, 85, 87]
[67, 68, 69, 77, 78, 79, 80, 83, 84, 85, 87]
[65, 66, 70, 71, 72, 74, 75, 76, 81, 82, 86, 88, 90, 93, 94, 95, 96]
[65, 66, 70, 71, 72, 74, 75, 76, 81, 82, 86, 88, 90, 93, 94, 95, 96]
[67, 68, 69, 77, 78, 79, 80, 83, 84, 85, 87]
[67, 68, 69, 77, 78, 79, 80, 83, 84, 85, 87]
[67, 68, 69, 77, 78, 79, 80, 83, 84, 85, 87]
[65, 66, 70, 71, 72, 74, 75, 76, 81, 82, 86, 88, 90, 93, 94, 95, 96]
[67, 68, 69, 77, 78, 79, 80, 83, 84, 85, 87]
[65, 66, 70, 71, 72, 74, 75, 76, 81, 82, 86, 88, 90, 93, 94, 95, 96]
[89]
[65, 66, 70, 71, 72, 74, 75, 76, 81, 82, 86, 88, 90, 93, 94, 95, 96]
[91]
[92]
[65, 66, 70, 71, 72, 74, 75, 76, 81, 82, 86, 88, 90, 93, 94, 95, 96]
[65, 66, 70, 71, 72, 74, 75, 76, 81, 82, 86, 88, 90, 93, 94, 95, 96]
[65, 66, 70, 71, 72, 74, 75, 76, 81, 82, 86, 88, 90, 93, 94, 95, 96]
[65, 66, 70, 71, 72, 74, 75, 76, 81, 82, 86, 88, 90, 93, 94, 95, 96]
[97]
[100]
[99]
[100]
[101]
[102]
[103, 104]
[103, 104]
[105, 106]
[105, 106]
[107, 108]
[107, 108]
[109, 110]
[109, 110]
[111, 112]
[111, 112]
[113, 114]
[113, 114]
[115, 116]
[115, 116]
[117, 118]
[117, 118]
[119, 120]
[119, 120]
[121, 122]
[121, 122]
[123, 124]
[123, 124]
[125, 126]
[125, 126]
[127, 128]
[127, 128]
[129, 130]
[129, 130]
[191]
[192]
[193]
[194]
[195]
[196]
[197]
[1048, 1049, 1050]
[1048, 1049, 1050]
[773]
[1048, 1049, 1050]
[1048, 1049, 1050]
[773]
[198, 199]
[198, 199]
[200]
[201]
[202]
[203]
[204, 205]
[204, 205]
[206]
[207]
[208]
[209]
[210]
[211]
[212]
[213]
[214]
[40, 215]
[216]
[217]
[218]
[219]
[220]
[221, 223]
[222, 225]
[221, 223]
[222, 225]
[226]
[224]
[227]
[228]
[229]
[230]
[231, 399, 1250]
[232]
[233]
[234]
[235, 236]
[235, 236]
[237]
[238]
[239]
[240]
[241]
[242]
[243]
[244]
[245]
[246]
[247]
[249, 253, 263, 267]
[248, 250, 262, 264]
[251, 265]
[252, 266]
[248, 249, 250, 253, 262, 263, 264, 267]
[253, 267]
[254, 268]
[255, 269]
[256, 270]
[257, 271]
[258, 272]
[259, 273]
[260, 274]
[261, 275]
[249, 253, 263, 267]
[248, 250, 262, 264]
[251, 265]
[252, 266]
[248, 249, 250, 253, 262, 263, 264, 267]
[253, 267]
[254, 268]
[255, 269]
[256, 270]
[257, 271]
[258, 272]
[259, 273]
[260, 274]
[261, 275]
[276, 277]
[276, 277]
[278, 279]
[278, 279]
[280, 281]
[280, 281]
[286, 287, 290, 291, 298, 299, 300, 301]
[286, 287, 290, 291, 298, 299, 300, 301]
[282, 283, 292, 293, 302, 303]
[282, 283, 292, 293, 302, 303]
[284, 285, 294, 295, 302, 303]
[284, 285, 294, 295, 302, 303]
[286, 287, 290, 291, 296, 297]
[286, 287, 290, 291, 296, 297]
[288, 289, 298, 299]
[288, 289, 298, 299]
[290, 291, 296, 297, 300, 301]
[290, 291, 296, 297, 300, 301]
[282, 283, 284, 285, 292, 293, 302, 303]
[282, 283, 284, 285, 292, 293, 302, 303]
[284, 285]
[284, 285]
[282, 283, 284, 285, 286, 287, 288, 289, 296, 297, 300, 301]
[282, 283, 284, 285, 286, 287, 288, 289, 296, 297, 300, 301]
[282, 283, 284, 285, 288, 289, 290, 291, 298, 299]
[282, 283, 284, 285, 288, 289, 290, 291, 298, 299]
[282, 283, 284, 285, 290, 291, 300, 301]
[282, 283, 284, 285, 290, 291, 300, 301]
[304, 305, 306]
[304, 305, 306]
[304, 305, 306]
[307, 308, 309]
[307, 308, 309]
[307, 308, 309]
[310, 311, 312]
[310, 311, 312]
[310, 311, 312]
[317, 318, 321, 322, 329, 330, 331, 332]
[317, 318, 321, 322, 329, 330, 331, 332]
[313, 314, 323, 324, 333, 334]
[313, 314, 323, 324, 333, 334]
[315, 316, 325, 326, 333, 334]
[315, 316, 325, 326, 333, 334]
[317, 318, 321, 322, 327, 328]
[317, 318, 321, 322, 327, 328]
[319, 320, 329, 330]
[319, 320, 329, 330]
[321, 322, 327, 328, 331, 332]
[321, 322, 327, 328, 331, 332]
[313, 314, 315, 316, 323, 324, 333, 334]
[313, 314, 315, 316, 323, 324, 333, 334]
[315, 316]
[315, 316]
[313, 314, 315, 316, 317, 318, 319, 320, 327, 328, 331, 332]
[313, 314, 315, 316, 317, 318, 319, 320, 327, 328, 331, 332]
[313, 314, 315, 316, 319, 320, 321, 322, 329, 330]
[313, 314, 315, 316, 319, 320, 321, 322, 329, 330]
[313, 314, 315, 316, 321, 322, 331, 332]
[313, 314, 315, 316, 321, 322, 331, 332]
[335, 336]
[335, 336]
[337]
[338]
[339, 340]
[339, 340]
[341]
[342]
[343, 344]
[343]
[344]
[347]
[348]
[345, 346]
[345, 346]
[347]
[348]
[345, 346]
[345, 346]
[347]
[348]
[345, 346]
[345, 346]
[347]
[348]
[345, 346]
[345, 346]
[347]
[347]
[1050]
[1048, 1049, 1050]
[1048, 1049, 1050]
[352]
[353]
[354]
[355, 358]
[356, 359]
[357]
[355, 358]
[356, 359]
[360, 361, 362, 363]
[360, 361, 362, 363]
[360, 361, 362, 363]
[360, 361, 362, 363]
[364]
[365, 448, 765]
[366]
[367, 368]
[367, 368]
[369]
[372]
[373]
[374]
[375, 377]
[376, 378]
[375, 377]
[376, 378]
[392]
[384, 392]
[922]
[384]
[385]
[386, 394]
[384, 385]
[384, 392]
[922]
[385]
[386]
[384, 385, 392]
[384, 392]
[385, 393]
[386, 394]
[384, 392]
[392]
[392]
[394]
[392]
[393]
[394]
[384, 385, 392]
[384, 392]
[384, 392]
[393]
[381, 392, 394]
[384]
[384]
[384, 392]
[384, 392]
[384]
[395]
[396]
[397]
[398]
[231, 399, 1250]
[401, 425]
[401]
[402]
[403]
[404]
[405]
[406]
[407]
[408]
[409, 410]
[409, 410]
[411]
[412]
[413]
[212, 1004]
[749, 1002, 1057]
[416]
[751, 1057]
[420]
[419]
[418, 420]
[1004]
[425]
[1004]
[424]
[422]
[212, 1004]
[427]
[428]
[429]
[430]
[431]
[432, 441]
[433, 434, 442, 443]
[433, 434, 442, 443]
[435]
[436]
[437]
[438]
[440]
[440]
[432, 441]
[433, 434, 442, 443]
[433, 434, 442, 443]
[418, 420, 424]
[424]
[424]
[424]
[420]
[418, 420, 424]
[415, 438]
[433, 434, 442, 443]
[415, 714]
[417]
[714]
[417, 433, 434, 442, 443]
[446]
[447]
[446]
[447]
[365, 448, 765]
[449]
[450]
[451]
[453]
[454, 455]
[454, 455]
[456]
[457]
[458]
[459, 460]
[459, 460]
[461]
[462]
[463, 464]
[463, 464]
[465]
[466]
[467, 468]
[467, 468]
[469]
[470]
[471, 472]
[471, 472]
[473]
[474]
[475, 476]
[475, 476]
[477]
[478]
[479]
[480]
[481]
[482]
[483, 484]
[483, 484]
[485, 486]
[485, 486]
[487, 488]
[487, 488]
[489, 490]
[489, 490]
[491]
[492]
[493, 494]
[493, 494]
[495]
[496]
[497]
[498]
[499]
[500]
[501]
[502, 503]
[502, 503]
[504]
[505]
[506, 507]
[506, 507]
[508, 509]
[508, 509]
[510]
[511, 512, 513, 514]
[511, 512, 513, 514]
[511, 512, 513, 514]
[511, 512, 513, 514]
[515]
[516]
[517]
[518]
[519]
[520]
[521]
[522]
[523]
[524]
[525]
[526]
[527]
[528]
[528]
[530]
[530]
[579, 580]
[579, 580]
[533]
[533]
[533]
[534, 535]
[534, 535]
[538]
[537]
[538, 545]
[533, 539]
[541]
[541]
[542, 543]
[542, 543]
[546]
[545]
[546]
[547]
[549]
[549]
[550, 551]
[550, 551]
[554]
[553]
[552, 554]
[555, 563]
[563]
[557]
[558, 559]
[558, 559]
[560]
[568]
[569]
[563]
[564]
[565]
[566, 567]
[566, 567]
[568]
[569]
[570]
[540, 564]
[573]
[557]
[656, 657, 672, 673]
[656, 657, 672, 673]
[667, 668]
[659, 675]
[576]
[579, 580]
[579, 580]
[581]
[582, 589]
[583]
[584, 585]
[584, 585]
[586]
[587, 659]
[588, 595]
[589]
[590]
[591]
[592, 593]
[592, 593]
[594]
[595]
[596]
[597]
[599]
[598, 599]
[600, 601]
[600, 601]
[602, 604]
[603]
[602]
[607]
[606, 607, 613]
[606, 607]
[608, 609]
[608, 609]
[610, 612]
[610]
[610, 612, 619]
[613]
[614, 615]
[614, 615]
[616, 617]
[616, 617]
[618, 620]
[619]
[618, 620]
[621]
[623]
[598]
[624, 625]
[624, 625]
[626, 628]
[627]
[626]
[629]
[630, 631]
[630, 631]
[632, 633]
[632, 633]
[634, 635]
[634, 635]
[636, 637]
[636, 637]
[638, 639]
[638, 639]
[640]
[641, 642]
[641, 642]
[643, 644]
[643, 644]
[645]
[646]
[647]
[648, 649]
[648, 649]
[650]
[651]
[652]
[541, 669]
[670, 671]
[671]
[656, 657, 672, 673]
[656, 657, 672, 673]
[660, 674, 676]
[675]
[676]
[661]
[662, 663]
[662, 663]
[664, 665]
[664, 665]
[668]
[667]
[668]
[541]
[654, 655, 670, 671]
[655, 670, 671]
[656, 657, 672, 673]
[656, 657, 672, 673]
[676]
[659, 675]
[660, 676]
[677, 688, 692, 694, 697, 698]
[678, 681]
[679, 682]
[680]
[678, 681]
[679, 682]
[683]
[684]
[685, 689]
[686, 690]
[687]
[677, 688, 692, 694, 697, 698]
[685, 689]
[686, 690]
[691]
[677, 688, 692, 694, 697, 698]
[693]
[677, 688, 692, 694, 697, 698]
[695]
[696]
[677, 688, 692, 694, 697, 698]
[677, 688, 692, 694, 697, 698]
[714]
[715]
[716]
[717, 718]
[717, 718]
[719]
[720]
[721]
[722]
[723]
[724, 725]
[724, 725]
[726, 727]
[726, 727]
[728, 1061]
[729]
[730, 731]
[730, 731]
[732, 733]
[732, 733]
[734, 742]
[735, 741]
[736, 740]
[737]
[737, 738]
[738, 739]
[736, 740]
[735, 741]
[734, 742]
[743]
[744]
[745]
[746]
[747]
[748]
[749]
[59]
[749]
[750]
[751]
[752]
[753]
[754]
[755]
[756]
[757, 878]
[758, 879]
[759, 880]
[760, 881]
[761, 882]
[762, 883]
[763, 884]
[764]
[365, 448, 765]
[766]
[767]
[768]
[769]
[770]
[771]
[772]
[773]
[774]
[775]
[776]
[777]
[97]
[1205, 1208, 1210]
[778]
[779, 780]
[779, 780]
[781, 782]
[781, 782]
[783]
[783]
[784]
[785]
[786]
[787]
[788]
[789]
[790]
[791, 792]
[791, 792]
[793, 794, 807, 808]
[793, 794, 807, 808]
[795, 796]
[795, 796]
[797, 798]
[797, 798]
[799, 800]
[799, 800]
[801, 802]
[801, 802]
[797, 798, 803, 804]
[797, 798, 803, 804]
[805, 806]
[805, 806]
[807, 808]
[807, 808]
[809, 810]
[809, 810]
[724, 725, 811]
[812]
[814, 815]
[814, 815]
[814, 815]
[816]
[817, 818, 837, 838]
[817, 818, 837, 838]
[819, 820, 833, 834, 839, 840, 853, 854]
[819, 820, 833, 834, 839, 840, 853, 854]
[821, 822, 841, 842]
[821, 822, 841, 842]
[823, 824, 843, 844]
[823, 824, 843, 844]
[825, 835]
[826]
[827, 828, 847, 848]
[827, 828, 847, 848]
[823, 824, 829, 830, 843, 844, 849, 850]
[823, 824, 829, 830, 843, 844, 849, 850]
[831, 832, 851, 852]
[831, 832, 851, 852]
[833, 834, 853, 854]
[833, 834, 853, 854]
[825, 835]
[836]
[817, 818, 837, 838]
[817, 818, 837, 838]
[819, 820, 833, 834, 839, 840, 853, 854]
[819, 820, 833, 834, 839, 840, 853, 854]
[821, 822, 841, 842]
[821, 822, 841, 842]
[823, 824, 843, 844]
[823, 824, 843, 844]
[845, 846]
[845, 846]
[827, 828, 847, 848]
[827, 828, 847, 848]
[823, 824, 829, 830, 843, 844, 849, 850]
[823, 824, 829, 830, 843, 844, 849, 850]
[831, 832, 851, 852]
[831, 832, 851, 852]
[833, 834, 853, 854]
[833, 834, 853, 854]
[855, 856]
[855, 856]
[522]
[1048, 1049, 1050]
[1048, 1049, 1050]
[1049]
[1044]
[1044]
[1044]
[1044]
[1045]
[1044]
[1044]
[1033]
[1034, 1044]
[1005]
[1050]
[1048, 1049, 1050]
[1048, 1049, 1050]
[867]
[868]
[1048, 1049, 1050]
[1048]
[1048]
[1050]
[1048]
[1048, 1049, 1050]
[869]
[870]
[1048]
[1050]
[1048, 1049, 1050]
[871]
[868]
[868]
[868]
[868]
[868]
[1049]
[1049]
[1049]
[874]
[875]
[876]
[877]
[757, 878]
[758, 879]
[759, 880]
[760, 881]
[761, 882]
[762, 883]
[763, 884]
[1182]
[750]
[1182]
[750]
[888]
[888]
[889]
[890]
[891]
[357]
[360, 361, 362, 363]
[892]
[893, 894]
[893, 894]
[895]
[896]
[897, 898]
[897, 898]
[899]
[900]
[901, 902]
[901, 902]
[903]
[904, 905]
[904, 905]
[906, 907, 908, 909]
[906, 907, 908, 909]
[908, 909]
[908, 909]
[910, 911]
[910, 911]
[912]
[913]
[914]
[915]
[916]
[917]
[918]
[919]
[921]
[922]
[923, 924]
[923, 924]
[925, 926, 927, 928]
[925, 926, 927, 928]
[927, 928]
[927, 928]
[929, 930]
[929, 930]
[931, 932]
[931, 932]
[933, 934, 935, 936]
[933, 934, 935, 936]
[935, 936]
[935, 936]
[937, 938]
[937, 938]
[939]
[940]
[941]
[942]
[942]
[942]
[977]
[978]
[977]
[978]
[977]
[978]
[977]
[978]
[979]
[980]
[981]
[982, 994]
[982, 994]
[995]
[996]
[997]
[998]
[999]
[983]
[984]
[987]
[988]
[989]
[990]
[991]
[992]
[993]
[985]
[986]
[1000]
[1001]
[1002]
[1003]
[1004]
[1005]
[1006]
[1007]
[1008]
[1009, 1010, 1025, 1026]
[1009, 1010, 1025, 1026]
[1011]
[1012]
[1013, 1014, 1029, 1030]
[1013, 1014, 1029, 1030]
[1015]
[1016]
[1017, 1018]
[1017, 1018]
[1019]
[1020]
[1021, 1022]
[1021, 1022]
[1023]
[1024]
[1009, 1010, 1025, 1026]
[1009, 1010, 1025, 1026]
[1027]
[1028]
[1013, 1014, 1029, 1030]
[1013, 1014, 1029, 1030]
[1031]
[1032]
[1033]
[1034]
[1035]
[1036, 1037]
[1036, 1037]
[1038, 1039, 1040, 1041]
[1038, 1039, 1040, 1041]
[1040, 1041]
[1040, 1041]
[1042, 1043]
[1042, 1043]
[1044]
[1045]
[1046]
[1047]
[1048]
[1049]
[1050]
[1051]
[1052]
[1054]
[1053]
[1055]
[1056]
[1057]
[1058]
[1059]
[1060]
[1089, 1090]
[191]
[728, 1061]
[395, 1062]
[1063]
[1081, 1082]
[1081, 1082]
[1085, 1086]
[1085, 1086]
[1081, 1082]
[1081, 1082]
[1085, 1086]
[1085, 1086]
[1081, 1082]
[1081, 1082]
[1085, 1086]
[1085, 1086]
[1088]
[1089]
[1090]
[1091]
[522]
[1092]
[1093, 1094, 1101, 1102]
[1093, 1094, 1101, 1102]
[1095]
[1096]
[1097, 1098, 1105, 1106]
[1097, 1098, 1105, 1106]
[1099]
[1100]
[1093, 1094, 1101, 1102]
[1093, 1094, 1101, 1102]
[1103]
[1104]
[1097, 1098, 1105, 1106]
[1097, 1098, 1105, 1106]
[1107]
[1108]
[1109, 1110]
[1109, 1110]
[1111]
[1112]
[1113, 1114]
[1113, 1114]
[1115]
[1116]
[920, 1117]
[1178]
[1179]
[1180]
[1223]
[1182]
[766, 876]
[767, 877]
[766, 876]
[767, 877]
[766, 876]
[767, 877]
[766, 876]
[767, 877]
[1185, 1186]
[1185, 1186]
[1187]
[1188]
[1189, 1191, 1193, 1195]
[1191]
[1192]
[1193]
[1194]
[1189, 1191, 1193, 1195]
[1190, 1192, 1194, 1196]
[1190, 1192, 1194, 1196]
[1197]
[1198]
[1199]
[1200]
[1201]
[1202]
[1203, 1214, 1216]
[1204, 1215, 1217, 1218]
[1205]
[1206, 1207]
[1206, 1207]
[1208]
[1209]
[1210]
[1211]
[1212]
[1213]
[1203, 1214, 1216]
[1204, 1215, 1217, 1218]
[1203, 1214, 1216]
[1204, 1215, 1217, 1218]
[1204, 1215, 1217, 1218]
[1219]
[1220]
[1221]
[1222]
[1181, 1223]
[1224]
[1225]
[1226]
[1227, 1230]
[1229]
[1228, 1231]
[1227, 1230]
[1228, 1231]
[1232]
[1233]
[280, 281, 310, 311, 312]
[280, 281, 310, 311, 312]
[280, 281, 310, 311, 312]
[280, 281, 310, 311, 312]
[280, 281, 310, 311, 312]
[280, 281, 310, 311, 312]
[280, 281, 310, 311, 312]
[280, 281, 310, 311, 312]
[280, 281, 310, 311, 312]
[280, 281, 310, 311, 312]
[280, 281, 310, 311, 312]
[280, 281, 310, 311, 312]
[280, 281, 310, 311, 312]
[280, 281, 310, 311, 312]
[280, 281, 310, 311, 312]
[280, 281, 310, 311, 312]
[280, 281, 310, 311, 312]
[280, 281, 310, 311, 312]
[280, 281, 310, 311, 312]
[280, 281, 310, 311, 312]
[280, 281, 310, 311, 312]
[280, 281, 310, 311, 312]
[280, 281, 310, 311, 312]
[280, 281, 310, 311, 312]
[280, 281, 310, 311, 312]
[280, 281, 310, 311, 312]
[280, 281, 310, 311, 312]
[280, 281, 310, 311, 312]
[280, 281, 310, 311, 312]
[280, 281, 310, 311, 312]
[280, 281, 310, 311, 312]
[280, 281, 310, 311, 312]
[280, 281, 310, 311, 312]
[280, 281, 310, 311, 312]
[280, 281, 310, 311, 312]
[280, 281, 310, 311, 312]
[280, 281, 310, 311, 312]
[280, 281, 310, 311, 312]
[280, 281, 310, 311, 312]
[280, 281, 310, 311, 312]
[280, 281]
[280, 281]
[280, 281]
[280, 281]
[280, 281]
[280, 281]
[280, 281]
[280, 281]
[280, 281]
[280, 281]
[280, 281]
[280, 281]
[280, 281]
[280, 281]
[280, 281]
[280, 281]
[280, 281]
[280, 281]
[280, 281]
[280, 281]
[280, 281, 310, 311, 312]
[280, 281, 310, 311, 312]
[280, 281, 310, 311, 312]
[280, 281, 310, 311, 312]
[280, 281, 310, 311, 312]
[280, 281, 310, 311, 312]
[280, 281]
[280, 281]
[280, 281]
[280, 281]
[280, 281]
[280, 281]
[280, 281]
[280, 281]
[280, 281]
[280, 281]
[280, 281]
[280, 281]
[280, 281]
[280, 281]
[280, 281, 310, 311, 312]
[280, 281, 310, 311, 312]
[280, 281, 310, 311, 312]
[280, 281, 310, 311, 312]
[280, 281, 310, 311, 312]
[280, 281, 310, 311, 312]
[280, 281]
[280, 281]
[280, 281]
[280, 281]
[280, 281, 310, 311, 312]
[280, 281, 310, 311, 312]
[280, 281, 310, 311, 312]
[280, 281, 310, 311, 312]
[280, 281, 310, 311, 312]
[280, 281, 310, 311, 312]
[280, 281]
[280, 281]
[280, 281]
[280, 281]
[280, 281, 310, 311, 312]
[280, 281, 310, 311, 312]
[280, 281, 310, 311, 312]
[280, 281, 310, 311, 312]
[280, 281, 310, 311, 312]
[280, 281, 310, 311, 312]
[280, 281, 310, 311, 312]
[280, 281, 310, 311, 312]
[280, 281, 310, 311, 312]
[280, 281, 310, 311, 312]
[310, 311, 312]
[310, 311, 312]
[310, 311, 312]
[310, 311, 312]
[310, 311, 312]
[310, 311, 312]
[280, 281, 310, 311, 312]
[280, 281, 310, 311, 312]
[280, 281, 310, 311, 312]
[280, 281, 310, 311, 312]
[280, 281, 310, 311, 312]
[280, 281, 310, 311, 312]
[280, 281, 310, 311, 312]
[280, 281, 310, 311, 312]
[280, 281, 310, 311, 312]
[280, 281, 310, 311, 312]
[280, 281, 310, 311, 312]
[280, 281, 310, 311, 312]
[280, 281, 310, 311, 312]
[280, 281, 310, 311, 312]
[280, 281, 310, 311, 312]
[280, 281, 310, 311, 312]
[280, 281, 310, 311, 312]
[280, 281, 310, 311, 312]
[280, 281, 310, 311, 312]
[280, 281, 310, 311, 312]
[280, 281, 310, 311, 312]
[280, 281, 310, 311, 312]
[280, 281, 310, 311, 312]
[280, 281, 310, 311, 312]
[280, 281, 310, 311, 312]
[280, 281, 310, 311, 312]
[280, 281, 310, 311, 312]
[280, 281, 310, 311, 312]
[280, 281, 310, 311, 312]
[280, 281, 310, 311, 312]
[280, 281]
[280, 281]
[280, 281]
[280, 281]
[103, 104, 280, 281, 310, 311, 312]
[103, 104, 280, 281, 310, 311, 312]
[103, 104, 280, 281, 310, 311, 312]
[103, 104, 280, 281, 310, 311, 312]
[103, 104, 280, 281, 310, 311, 312]
[103, 104, 280, 281, 310, 311, 312]
[280, 281, 310, 311, 312]
[280, 281, 310, 311, 312]
[280, 281, 310, 311, 312]
[280, 281, 310, 311, 312]
[310, 311, 312]
[310, 311, 312]
[310, 311, 312]
[310, 311, 312]
[310, 311, 312]
[310, 311, 312]
[280, 281, 310, 311, 312]
[280, 281, 310, 311, 312]
[280, 281, 310, 311, 312]
[280, 281, 310, 311, 312]
[105, 106, 280, 281, 310, 311, 312]
[105, 106, 280, 281, 310, 311, 312]
[105, 106, 280, 281, 310, 311, 312]
[105, 106, 280, 281, 310, 311, 312]
[105, 106, 280, 281, 310, 311, 312]
[105, 106, 280, 281, 310, 311, 312]
[280, 281, 310, 311, 312]
[280, 281, 310, 311, 312]
[280, 281, 310, 311, 312]
[280, 281, 310, 311, 312]
[280, 281, 310, 311, 312]
[280, 281, 310, 311, 312]
[280, 281, 310, 311, 312]
[280, 281, 310, 311, 312]
[280, 281, 310, 311, 312]
[280, 281, 310, 311, 312]
[280, 281, 310, 311, 312]
[280, 281, 310, 311, 312]
[231, 399, 1250]
[1251]
[1252]
[1251]
[1252]
[1251]
[1252]
[1251]
[1252]
[1253]
[1254]
[1255]
[1256]
[1257]
[1258]
[1259]
[1260]
[1283]
[1262]
[1263]
[1264]
[1265]
[1266]
[1267]
[1268]
[1269]
[1270]
[1271]
[1272]
[1273]
[1274]
[1275]
[1276, 1277]
[1276, 1277]
[1278]
[1279]
[1280]
[1281]
[1282]
[1283]
[1284]
[1285]
[1286]
[1287]
[1288]
[1289]
