[0]
[1, 2]
[1, 2]
[3, 4]
[3, 4]
[5]
[5]
[0]
[740, 741]
[8]
[9]
[740, 741]
[11]
[33, 740, 741]
[13, 14, 39, 40, 59, 60]
[13, 14, 39, 40, 59, 60]
[1155, 1156, 1157, 1158, 1159]
[1155, 1156, 1157, 1158, 1159]
[1155, 1156, 1157, 1158, 1159]
[1155, 1156, 1157, 1158, 1159]
[1155, 1156, 1157, 1158, 1159]
[1155, 1156, 1157, 1158, 1159]
[21, 22, 67, 68]
[21, 22, 67, 68]
[23, 24, 49, 50, 69, 70]
[23, 24, 49, 50, 69, 70]
[1155, 1156, 1157, 1158, 1159]
[1155, 1156, 1157, 1158, 1159]
[1155, 1156, 1157, 1158, 1159]
[1155, 1156, 1157, 1158, 1159]
[1155, 1156, 1157, 1158, 1159]
[1155, 1156, 1157, 1158, 1159]
[31, 32, 77, 78]
[31, 32, 77, 78]
[686]
[34]
[34]
[34]
[34]
[213, 226, 339, 493, 494, 499, 501, 506, 547, 556, 634, 684, 775, 810, 898, 953, 956, 1273]
[13, 14, 39, 40, 59, 60]
[13, 14, 39, 40, 59, 60]
[1155, 1156, 1157, 1158, 1159]
[1155, 1156, 1157, 1158, 1159]
[1155, 1156, 1157, 1158, 1159]
[1155, 1156, 1157, 1158, 1159]
[1155, 1156, 1157, 1158, 1159]
[1155, 1156, 1157, 1158, 1159]
[31, 32, 77, 78]
[48]
[23, 24, 49, 50, 69, 70]
[23, 24, 49, 50, 69, 70]
[1155, 1156, 1157, 1158, 1159]
[1155, 1156, 1157, 1158, 1159]
[1155, 1156, 1157, 1158, 1159]
[1155, 1156, 1157, 1158, 1159]
[1155, 1156, 1157, 1158, 1159]
[1155, 1156, 1157, 1158, 1159]
[31, 32, 77, 78]
[1155, 1156, 1157, 1158, 1159]
[13, 14, 39, 40, 59, 60]
[13, 14, 39, 40, 59, 60]
[1155, 1156, 1157, 1158, 1159]
[1155, 1156, 1157, 1158, 1159]
[1155, 1156, 1157, 1158, 1159]
[1155, 1156, 1157, 1158, 1159]
[1155, 1156, 1157, 1158, 1159]
[1155, 1156, 1157, 1158, 1159]
[21, 22, 67, 68]
[21, 22, 67, 68]
[23, 24, 49, 50, 69, 70]
[23, 24, 49, 50, 69, 70]
[1155, 1156, 1157, 1158, 1159]
[1155, 1156, 1157, 1158, 1159]
[1155, 1156, 1157, 1158, 1159]
[1155, 1156, 1157, 1158, 1159]
[1155, 1156, 1157, 1158, 1159]
[1155, 1156, 1157, 1158, 1159]
[31, 32, 77, 78]
[31, 32, 77, 78]
[574, 575]
[79, 700]
[80, 81]
[80, 81]
[82, 83]
[82, 83]
[84]
[85, 246, 247, 522]
[86]
[87, 90]
[88, 89]
[88, 89]
[87, 90]
[95, 97]
[91]
[92]
[93]
[94]
[95, 97]
[96]
[95, 97]
[98, 99]
[98, 99]
[100, 101, 102, 103]
[100, 101, 102, 103]
[100, 101, 102, 103]
[100, 101, 102, 103]
[104, 105]
[104, 105]
[106, 239, 383, 681, 935, 976]
[107, 174, 206, 227, 338, 400, 404, 658, 687, 722, 918]
[108, 109]
[108, 109]
[110]
[80, 81, 82, 83, 84, 111, 112, 113, 114, 115, 116, 130, 131, 132, 133, 134, 135, 642, 654, 655, 656, 657, 1279, 1280, 1281]
[80, 81, 82, 83, 84, 111, 112, 113, 114, 115, 116, 130, 131, 132, 133, 134, 135, 642, 654, 655, 656, 657, 1279, 1280, 1281]
[80, 81, 82, 83, 84, 111, 112, 113, 114, 115, 116, 130, 131, 132, 133, 134, 135, 642, 654, 655, 656, 657, 1279, 1280, 1281]
[80, 81, 82, 83, 84, 111, 112, 113, 114, 115, 116, 130, 131, 132, 133, 134, 135, 642, 654, 655, 656, 657, 1279, 1280, 1281]
[80, 81, 82, 83, 84, 111, 112, 113, 114, 115, 116, 130, 131, 132, 133, 134, 135, 642, 654, 655, 656, 657, 1279, 1280, 1281]
[80, 81, 82, 83, 84, 111, 112, 113, 114, 115, 116, 130, 131, 132, 133, 134, 135, 642, 654, 655, 656, 657, 1279, 1280, 1281]
[117, 136]
[118, 137]
[119, 138]
[120, 139]
[121, 140]
[122, 141]
[123, 142]
[124, 143]
[125, 392, 650, 971]
[126]
[127]
[128]
[129]
[80, 81, 82, 83, 84, 111, 112, 113, 114, 115, 116, 130, 131, 132, 133, 134, 135, 642, 654, 655, 656, 657, 1279, 1280, 1281]
[80, 81, 82, 83, 84, 111, 112, 113, 114, 115, 116, 130, 131, 132, 133, 134, 135, 642, 654, 655, 656, 657, 1279, 1280, 1281]
[80, 81, 82, 83, 84, 111, 112, 113, 114, 115, 116, 130, 131, 132, 133, 134, 135, 642, 654, 655, 656, 657, 1279, 1280, 1281]
[80, 81, 82, 83, 84, 111, 112, 113, 114, 115, 116, 130, 131, 132, 133, 134, 135, 642, 654, 655, 656, 657, 1279, 1280, 1281]
[80, 81, 82, 83, 84, 111, 112, 113, 114, 115, 116, 130, 131, 132, 133, 134, 135, 642, 654, 655, 656, 657, 1279, 1280, 1281]
[80, 81, 82, 83, 84, 111, 112, 113, 114, 115, 116, 130, 131, 132, 133, 134, 135, 642, 654, 655, 656, 657, 1279, 1280, 1281]
[117, 136]
[118, 137]
[119, 138]
[120, 139]
[121, 140]
[122, 141]
[123, 142]
[124, 143]
[144, 145]
[144, 145]
[146, 147]
[146, 147]
[148, 149]
[148, 149]
[205]
[205]
[205]
[205]
[205]
[205]
[205]
[205]
[205]
[205]
[205]
[205]
[205]
[205]
[205]
[205]
[205]
[205]
[205]
[205]
[205]
[205]
[172, 350]
[173, 176, 216, 309, 403, 405, 430, 512, 513, 573, 651, 668, 746, 747, 806, 1093, 1106]
[107, 174, 206, 227, 338, 400, 404, 658, 687, 722, 918]
[175]
[173, 176, 216, 309, 403, 405, 430, 512, 513, 573, 651, 668, 746, 747, 806, 1093, 1106]
[556, 557, 558, 559, 560, 963, 964]
[178]
[179, 240]
[180]
[181, 182]
[181, 182]
[183, 184]
[183, 184]
[185]
[186, 187]
[186, 187]
[193, 382]
[194, 195, 1149, 1150]
[194, 195, 1149, 1150]
[196, 197, 1151, 1152]
[196, 197, 1151, 1152]
[198]
[199]
[200]
[201, 202, 1153, 1154]
[201, 202, 1153, 1154]
[203]
[204]
[205]
[107, 174, 206, 227, 338, 400, 404, 658, 687, 722, 918]
[207]
[208, 507]
[209, 212]
[210]
[211]
[209, 212]
[213, 226, 339, 493, 494, 499, 501, 506, 547, 556, 634, 684, 775, 810, 898, 953, 956, 1273]
[214]
[215]
[173, 176, 216, 309, 403, 405, 430, 512, 513, 573, 651, 668, 746, 747, 806, 1093, 1106]
[217]
[218]
[224, 1083]
[225]
[213, 226, 339, 493, 494, 499, 501, 506, 547, 556, 634, 684, 775, 810, 898, 953, 956, 1273]
[107, 174, 206, 227, 338, 400, 404, 658, 687, 722, 918]
[842]
[843]
[548, 549]
[229]
[173, 176, 216, 309, 403, 405, 430, 512, 513, 573, 651, 668, 746, 747, 806, 1093, 1106]
[173, 176, 216, 309, 403, 405, 430, 512, 513, 573, 651, 668, 746, 747, 806, 1093, 1106]
[975]
[975]
[213, 226, 339, 493, 494, 499, 501, 506, 547, 556, 634, 684, 775, 810, 898, 953, 956, 1273]
[685, 705, 734, 921, 1041]
[685, 705, 734, 921]
[213, 226, 339, 493, 494, 499, 501, 506, 547, 556, 634, 684, 775, 810, 898, 953, 956, 1273]
[1033, 1034, 1038, 1041, 1042, 1046]
[235]
[236, 959]
[237, 960]
[238]
[106, 239, 383, 681, 935, 976]
[179, 240]
[7, 743, 1272]
[830]
[244]
[245]
[85, 246, 247, 522]
[85, 246, 247, 522]
[243, 248, 652, 653, 829]
[173, 176, 216, 309, 403, 405, 430, 512, 513, 573, 651, 668, 746, 747, 806, 1093, 1106]
[310]
[311]
[312, 313]
[312, 313]
[314]
[315]
[93]
[93]
[92, 93]
[80, 81, 82, 83, 84, 111, 112, 113, 114, 115, 116, 130, 131, 132, 133, 134, 135, 642, 654, 655, 656, 657, 1279, 1280, 1281]
[80, 81, 82, 83, 84, 111, 112, 113, 114, 115, 116, 130, 131, 132, 133, 134, 135, 642, 654, 655, 656, 657, 1279, 1280, 1281]
[80, 81, 82, 83, 84, 111, 112, 113, 114, 115, 116, 130, 131, 132, 133, 134, 135, 642, 654, 655, 656, 657, 1279, 1280, 1281]
[80, 81, 82, 83, 84, 111, 112, 113, 114, 115, 116, 130, 131, 132, 133, 134, 135, 642, 654, 655, 656, 657, 1279, 1280, 1281]
[80, 81, 82, 83, 84, 111, 112, 113, 114, 115, 116, 130, 131, 132, 133, 134, 135, 642, 654, 655, 656, 657, 1279, 1280, 1281]
[80, 81, 82, 83, 84, 111, 112, 113, 114, 115, 116, 130, 131, 132, 133, 134, 135, 642, 654, 655, 656, 657, 1279, 1280, 1281]
[80, 81, 82, 83, 84, 111, 112, 113, 114, 115, 116, 130, 131, 132, 133, 134, 135, 642, 654, 655, 656, 657, 1279, 1280, 1281]
[80, 81, 82, 83, 84, 111, 112, 113, 114, 115, 116, 130, 131, 132, 133, 134, 135, 642, 654, 655, 656, 657, 1279, 1280, 1281]
[80, 81, 82, 83, 84, 111, 112, 113, 114, 115, 116, 130, 131, 132, 133, 134, 135, 642, 654, 655, 656, 657, 1279, 1280, 1281]
[80, 81, 82, 83, 84, 111, 112, 113, 114, 115, 116, 130, 131, 132, 133, 134, 135, 642, 654, 655, 656, 657, 1279, 1280, 1281]
[91, 92, 93]
[91, 92, 93]
[91, 92, 93]
[326]
[327]
[91, 92, 93]
[91, 92, 93]
[91, 92, 93]
[91, 92, 93]
[91, 92, 93]
[91, 92, 93]
[328]
[328]
[91, 92, 93]
[91, 92, 93]
[91, 92, 93]
[330]
[243, 248, 327, 652, 653, 829]
[243, 248, 327, 652, 653, 829]
[243, 248, 327, 652, 653, 829]
[243, 248, 327, 652, 653, 829]
[243, 248, 327, 652, 653, 829]
[91, 92, 93]
[91, 92, 93]
[91, 92, 93]
[333, 334]
[333, 334]
[335]
[336, 337]
[336, 337]
[107, 174, 206, 227, 338, 400, 404, 658, 687, 722, 918]
[339]
[340]
[341, 904]
[342, 906]
[343, 671]
[344, 672]
[345, 673]
[346, 674]
[347, 675]
[348, 676]
[349, 677]
[172, 350]
[351, 352, 353]
[351, 352, 353]
[351, 352, 353]
[354, 355, 356]
[354, 355, 356]
[354, 355, 356]
[357, 358, 359]
[357, 358, 359]
[357, 358, 359]
[333, 334]
[333, 334]
[333, 334]
[333, 334]
[333, 334]
[333, 334]
[333, 334]
[333, 334]
[333, 334]
[333, 334]
[333, 334]
[333, 334]
[333, 334]
[333, 334]
[333, 334]
[333, 334]
[333, 334]
[333, 334]
[333, 334]
[333, 334]
[333, 334]
[333, 334]
[193, 382]
[106, 239, 383, 681, 935, 976]
[384]
[385]
[386]
[387]
[388]
[389]
[390]
[391, 649, 970]
[125, 392, 650, 971]
[393]
[394]
[395]
[396]
[397]
[398]
[399]
[107, 174, 206, 227, 338, 400, 404, 658, 687, 722, 918]
[401]
[514]
[173, 176, 216, 309, 403, 405, 430, 512, 513, 573, 651, 668, 746, 747, 806, 1093, 1106]
[107, 174, 206, 227, 338, 400, 404, 658, 687, 722, 918]
[173, 176, 216, 309, 403, 405, 430, 512, 513, 573, 651, 668, 746, 747, 806, 1093, 1106]
[406, 407]
[406, 407]
[408]
[409]
[410]
[411, 412]
[411, 412]
[413]
[414]
[415, 416]
[415, 416]
[417]
[418]
[419, 420]
[419, 420]
[421]
[422]
[423, 424]
[423, 424]
[425]
[426]
[427, 428]
[427, 428]
[429]
[173, 176, 216, 309, 403, 405, 430, 512, 513, 573, 651, 668, 746, 747, 806, 1093, 1106]
[431]
[432, 433, 440, 441, 448, 449]
[432, 433, 440, 441, 448, 449]
[434]
[435]
[436, 437, 444, 445, 452, 453]
[436, 437, 444, 445, 452, 453]
[438]
[439]
[432, 433, 440, 441, 448, 449]
[432, 433, 440, 441, 448, 449]
[442]
[443]
[436, 437, 444, 445, 452, 453]
[436, 437, 444, 445, 452, 453]
[446]
[447]
[432, 433, 440, 441, 448, 449]
[432, 433, 440, 441, 448, 449]
[450]
[451]
[436, 437, 444, 445, 452, 453]
[436, 437, 444, 445, 452, 453]
[454]
[742]
[742]
[217, 455, 456, 870]
[217, 455, 456, 870]
[455, 456]
[455, 456]
[217, 395, 455, 456]
[217, 395, 455, 456]
[457]
[458, 459, 474, 475]
[458, 459, 474, 475]
[460]
[461]
[462, 463, 478, 479]
[462, 463, 478, 479]
[464]
[465]
[466, 467]
[466, 467]
[468]
[469]
[470, 471]
[470, 471]
[472]
[473]
[458, 459, 474, 475]
[458, 459, 474, 475]
[476]
[477]
[462, 463, 478, 479]
[462, 463, 478, 479]
[480]
[481]
[482]
[483, 484]
[483, 484]
[485, 486, 487, 488]
[485, 486, 487, 488]
[485, 486, 487, 488]
[485, 486, 487, 488]
[489, 490]
[489, 490]
[491]
[492]
[493, 494, 499, 501, 506]
[493, 494, 499, 501, 506]
[493, 494, 499, 501, 506]
[507]
[508]
[509]
[510]
[511]
[495]
[496]
[493, 494, 499, 501, 506]
[500]
[493, 494, 499, 501, 506]
[502]
[503]
[504]
[505]
[497]
[498]
[173, 176, 216, 309, 403, 405, 430, 512, 513, 573, 651, 668, 746, 747, 806, 1093, 1106]
[173, 176, 216, 309, 403, 405, 430, 512, 513, 573, 651, 668, 746, 747, 806, 1093, 1106]
[514]
[515]
[516]
[517]
[518]
[519, 642]
[520]
[213, 226, 339, 493, 494, 499, 501, 506, 547, 556, 634, 684, 775, 810, 898, 953, 956, 1273]
[85, 246, 247, 522]
[523]
[524]
[525]
[526, 527]
[526, 527]
[528]
[529]
[530, 532, 534, 536]
[532]
[533]
[534]
[535]
[530, 532, 534, 536]
[529]
[529]
[538, 539]
[538, 539]
[540, 541]
[540, 541]
[542, 543]
[542, 543]
[544, 545]
[544, 545]
[546]
[547]
[548, 549]
[548, 549]
[550, 551]
[550, 551]
[552]
[553]
[554]
[555]
[556]
[557, 558]
[557, 558]
[559, 560]
[559, 560]
[561, 562, 563, 564]
[561, 562, 563, 564]
[561, 562, 563, 564]
[561, 562, 563, 564]
[565]
[566, 567, 568, 569]
[566, 567, 568, 569]
[566, 567, 568, 569]
[566, 567, 568, 569]
[570]
[571]
[572]
[173, 176, 216, 309, 403, 405, 430, 512, 513, 573, 651, 668, 746, 747, 806, 1093, 1106]
[921]
[574, 575]
[921]
[574, 575]
[574, 575]
[577]
[578]
[576, 579]
[95, 97]
[712, 814, 1082]
[712, 814, 1082]
[774]
[213, 226, 339, 493, 494, 499, 501, 506, 547, 556, 634, 684, 774, 775, 810, 898, 953, 956, 1273]
[774]
[95, 97]
[712, 814, 1082]
[712, 814, 1082]
[999, 1000, 1004]
[245, 587, 595]
[213, 226, 339, 493, 494, 499, 501, 506, 547, 556, 634, 684, 774, 775, 810, 898, 953, 956, 1273]
[774]
[590]
[590]
[774]
[95, 97]
[712, 814, 1082]
[712, 814, 1082]
[593]
[213, 226, 339, 493, 494, 499, 501, 506, 547, 556, 634, 684, 774, 775, 810, 898, 953, 956, 1273]
[518]
[95, 97]
[712, 814, 1082]
[712, 814, 1082]
[1272]
[1272]
[213, 226, 339, 493, 494, 499, 501, 506, 547, 556, 634, 684, 774, 775, 810, 898, 953, 956, 1273]
[250, 251, 254, 255]
[774]
[774]
[250, 251, 254, 255]
[596]
[597]
[632]
[633]
[213, 226, 339, 493, 494, 499, 501, 506, 547, 556, 634, 684, 775, 810, 898, 953, 956, 1273]
[576, 579]
[1010, 1011, 1018, 1019]
[213, 226, 339, 493, 494, 499, 501, 506, 547, 556, 634, 684, 775, 810, 898, 953, 956, 1273]
[429, 1009, 1013, 1014, 1017, 1021, 1022]
[429, 1009, 1013, 1014, 1017, 1021, 1022]
[641]
[642]
[645]
[1081]
[647]
[635]
[213, 226, 339, 493, 494, 499, 501, 506, 547, 556, 634, 684, 775, 810, 898, 953, 956, 1273]
[648]
[391, 649, 970]
[125, 392, 650, 971]
[173, 176, 216, 309, 403, 405, 430, 512, 513, 573, 651, 668, 746, 747, 806, 1093, 1106]
[312, 313, 526, 527, 776, 777, 811, 812]
[312, 313, 526, 527, 776, 777, 811, 812]
[]
[312, 313, 526, 527, 776, 777, 811, 812]
[312, 313, 526, 527, 776, 777, 811, 812]
[]
[654, 655]
[654, 655]
[656, 657]
[656, 657]
[107, 174, 206, 227, 338, 400, 404, 658, 687, 722, 918]
[661, 662]
[659]
[661, 662]
[663, 664, 819]
[1160, 1161]
[663, 664]
[663, 664]
[666]
[1160, 1161]
[666]
[666]
[646]
[1160, 1161]
[660, 661, 662]
[660, 661, 662]
[660, 661, 662]
[1160, 1161]
[660, 661, 662]
[660, 661, 662]
[660, 661, 662]
[660, 661, 662]
[91, 92, 93]
[91, 92, 93]
[91, 92, 93]
[173, 176, 216, 309, 403, 405, 430, 512, 513, 573, 651, 668, 746, 747, 806, 1093, 1106]
[669]
[670]
[343, 671]
[344, 672]
[345, 673]
[346, 674]
[347, 675]
[348, 676]
[349, 677]
[685]
[685]
[680]
[106, 239, 383, 681, 935, 976]
[682]
[683]
[213, 226, 339, 493, 494, 499, 501, 506, 547, 556, 634, 684, 775, 810, 898, 953, 956, 1273]
[850]
[954]
[685, 705, 734, 921]
[954]
[851]
[954]
[783]
[954]
[107, 174, 206, 227, 338, 400, 404, 658, 687, 722, 918]
[556]
[556]
[1117]
[967]
[556]
[556]
[556, 557, 558, 559, 560, 963, 964]
[967]
[692, 694]
[693, 695]
[713, 919, 920]
[713, 919, 920]
[713, 919, 920]
[713, 919, 920]
[696, 697]
[696, 697]
[698, 699]
[698, 699]
[79, 700]
[701]
[204, 800, 803, 805, 861, 869]
[839]
[702]
[703, 704]
[703, 704]
[705]
[585, 795]
[712]
[713]
[714]
[715]
[716]
[552, 561, 562, 563, 564, 781, 788, 790, 793, 951]
[718]
[719, 720]
[719, 720]
[107, 174, 206, 227, 338, 400, 404, 658, 687, 722, 918]
[723, 724]
[723, 724]
[725]
[726]
[727]
[728]
[729]
[730]
[731]
[732]
[733]
[735]
[734]
[736]
[678, 679]
[678, 679]
[87, 88, 89, 90, 739]
[95, 97]
[95, 97]
[213, 226, 339, 493, 494, 499, 501, 506, 547, 556, 634, 684, 775, 810, 898, 953, 956, 1273]
[213, 226, 339, 493, 494, 499, 501, 506, 547, 556, 634, 684, 775, 810, 898, 953, 956, 1273]
[742]
[743, 1272]
[744]
[594]
[173, 176, 216, 309, 403, 405, 430, 512, 513, 573, 651, 668, 746, 747, 806, 1093, 1106]
[173, 176, 216, 309, 403, 405, 430, 512, 513, 573, 651, 668, 746, 747, 806, 1093, 1106]
[748]
[749]
[750]
[751]
[1155, 1156, 1157, 1158, 1159]
[1155, 1156, 1157, 1158, 1159]
[754]
[755, 756]
[755, 756]
[757]
[758]
[759]
[760]
[761, 762]
[761, 762]
[763]
[764]
[765]
[766]
[767]
[768]
[769]
[770]
[771]
[772]
[773]
[774]
[775]
[776, 777]
[776, 777]
[778]
[779]
[1160, 1161]
[533]
[921]
[921]
[705, 921]
[787]
[532]
[921]
[533]
[532]
[533]
[921]
[1160, 1161]
[533]
[794]
[779]
[796]
[797]
[798]
[799, 802, 804]
[801]
[800, 803, 805]
[799, 802, 804]
[800, 803, 805]
[799, 802, 804]
[800, 803, 805]
[173, 176, 216, 309, 403, 405, 430, 512, 513, 573, 651, 668, 746, 747, 806, 1093, 1106]
[807]
[808]
[809]
[810]
[811, 812]
[811, 812]
[813]
[814]
[815]
[816]
[395]
[817]
[814, 834]
[817, 835]
[395]
[811, 812]
[814, 834]
[1023]
[395]
[811, 812]
[814, 834]
[811, 812]
[497, 605, 606, 607, 613, 614, 616, 617, 624, 625, 630, 631]
[811, 812]
[814, 834]
[1033, 1039]
[395]
[395]
[811, 812]
[814, 834]
[811, 812]
[516]
[811, 812]
[814, 834]
[811, 812]
[811, 812]
[814, 834]
[37]
[395]
[820, 823]
[821]
[820]
[825]
[814, 834]
[825]
[823, 826]
[814, 834]
[823, 826]
[426, 429]
[814, 834]
[426, 429]
[646]
[814, 834]
[646]
[830]
[831]
[830]
[826]
[814, 834]
[826, 830]
[811, 812]
[814, 834]
[811, 812]
[811, 812]
[814, 834]
[811, 812]
[604, 606, 607]
[814, 834]
[1049]
[811, 812]
[837]
[838]
[839]
[840]
[841]
[842]
[843]
[844, 853]
[845, 846, 854, 855]
[845, 846, 854, 855]
[847]
[848, 849]
[848, 849]
[845, 846, 850, 851, 852, 854, 855]
[787]
[845, 846, 850, 851, 852, 854, 855]
[844, 853]
[845, 846, 854, 855]
[845, 846, 854, 855]
[921]
[907]
[713, 919, 920]
[713, 919, 920]
[713, 919, 920]
[713, 919, 920]
[782, 784, 845, 846, 850, 851, 852, 854, 855]
[782, 784, 845, 846, 850, 851, 852, 854, 855]
[921]
[921]
[713, 919, 920]
[713, 919, 920]
[858]
[859]
[858]
[859]
[860]
[860]
[860]
[204, 800, 803, 805, 861, 869]
[839]
[863, 867]
[864]
[865]
[866]
[863, 867]
[839]
[204, 800, 803, 805, 861, 869]
[870]
[871, 873]
[870]
[871, 873]
[872]
[871, 873]
[264, 265, 284, 285, 304, 305, 654, 655, 891, 892]
[264, 265, 284, 285, 304, 305, 654, 655, 891, 892]
[287, 288, 307, 308, 656, 657, 895, 896]
[287, 288, 307, 308, 656, 657, 895, 896]
[264, 265, 284, 285, 304, 305, 654, 655, 891, 892]
[264, 265, 284, 285, 304, 305, 654, 655, 891, 892]
[287, 288, 307, 308, 656, 657, 895, 896]
[287, 288, 307, 308, 656, 657, 895, 896]
[264, 265, 284, 285, 304, 305, 654, 655, 891, 892]
[264, 265, 284, 285, 304, 305, 654, 655, 891, 892]
[287, 288, 307, 308, 656, 657, 895, 896]
[287, 288, 307, 308, 656, 657, 895, 896]
[898]
[899]
[839]
[728]
[902]
[903]
[341, 904]
[342, 906]
[907]
[905]
[908]
[909]
[910]
[911]
[128, 912, 914, 916]
[129, 913, 915, 917]
[128, 912, 914, 916]
[129, 913, 915, 917]
[916]
[917]
[107, 174, 206, 227, 338, 400, 404, 658, 687, 722, 918]
[919, 920]
[919, 920]
[921]
[922]
[923]
[924]
[925, 926, 928, 929]
[925, 926, 928, 929]
[927]
[925, 926, 928, 929]
[925, 926, 928, 929]
[930, 931, 932, 933]
[930, 931, 932, 933]
[930, 931, 932, 933]
[930, 931, 932, 933]
[934]
[106, 239, 383, 681, 935, 976]
[936]
[937, 938]
[937, 938]
[939]
[940]
[941, 942]
[941, 942]
[943]
[944]
[945, 946]
[945, 946]
[947]
[948]
[949]
[561, 562, 563, 564, 950]
[951]
[952]
[213, 226, 339, 493, 494, 499, 501, 506, 547, 556, 634, 684, 775, 810, 898, 953, 956, 1273]
[954]
[955]
[213, 226, 339, 493, 494, 499, 501, 506, 547, 556, 634, 684, 775, 810, 898, 953, 956, 1273]
[957]
[958]
[236, 959]
[237, 960]
[961]
[962]
[556, 557, 558]
[556, 557, 558]
[965, 968]
[557, 558]
[967]
[965, 968]
[969]
[391, 649, 970]
[125, 392, 650, 971]
[972]
[973]
[974]
[975]
[106, 239, 383, 681, 935, 976]
[977]
[978]
[979]
[980]
[980]
[981, 982]
[981, 982]
[752, 753]
[752, 753]
[585]
[984, 990, 991, 997]
[984, 990, 992, 998]
[984, 990]
[984, 990]
[984, 990, 992, 998]
[984, 985, 988, 990]
[984, 990, 991, 997]
[984, 990, 993, 996]
[984, 990, 999, 1000, 1004]
[984, 990]
[984, 990]
[984, 990]
[984, 990, 999, 1005]
[984, 990, 993, 996]
[984, 990]
[1006]
[1000, 1001, 1004, 1006]
[1002, 1003, 1026, 1027, 1052, 1053, 1076, 1077]
[1000, 1006]
[1000, 1006]
[1000, 1006]
[1002, 1003]
[1001, 1004]
[1008, 1009, 1012, 1014]
[17, 18, 19, 20]
[25, 26]
[1008, 1014]
[1008, 1014]
[25, 26]
[17, 18, 19, 20, 25, 26]
[17, 18, 19, 20]
[1008, 1014, 1017, 1020]
[1008, 1014]
[17, 18, 19, 20, 25, 26]
[1008, 1014]
[1008, 1014]
[1008, 1014]
[17, 18, 19, 20, 25, 26]
[17, 18, 19, 20, 25, 26]
[1030]
[80, 81, 542, 543]
[80, 81, 542, 543]
[80, 81, 542, 543]
[80, 81, 542, 543]
[80, 81, 542, 543]
[80, 81, 542, 543]
[80, 81, 542, 543]
[752, 753]
[752, 753]
[1034, 1035, 1038, 1040]
[1034, 1040, 1041, 1047]
[1034, 1040, 1042, 1048]
[1034, 1040]
[1034, 1040]
[1034, 1040, 1042, 1048]
[1034, 1035, 1038, 1040]
[1034, 1040, 1041, 1047]
[1034, 1040, 1043, 1046]
[1034, 1040]
[1034, 1040, 1049, 1055]
[1034, 1040]
[1034, 1040]
[1034, 1040]
[58]
[58]
[1056]
[1050, 1051, 1054, 1056]
[1002, 1003, 1026, 1027, 1052, 1053, 1076, 1077]
[1050, 1056]
[1050, 1056]
[1050, 1056]
[1052, 1053]
[1051, 1054]
[1058, 1059, 1062, 1064]
[1058, 1064, 1065, 1071]
[1058, 1064, 1066, 1072]
[1058, 1064]
[1058, 1064]
[1058, 1064, 1066, 1072]
[1058, 1059, 1062, 1064]
[1058, 1064, 1065, 1071]
[1058, 1064, 1067, 1070]
[1058, 1064, 1073, 1074, 1078]
[1058, 1064]
[1058, 1064]
[1058, 1064]
[1058, 1064, 1073, 1079]
[1058, 1064, 1067, 1070]
[1058, 1064]
[1080]
[1074, 1075, 1078, 1080]
[1002, 1003, 1026, 1027, 1052, 1053, 1076, 1077]
[1074, 1080]
[1074, 1080]
[1074, 1080]
[1076, 1077]
[1075, 1078]
[1081]
[1082]
[224, 1083]
[1084]
[1085]
[1086]
[1087]
[642]
[80, 81, 82, 83, 84, 111, 112, 113, 114, 115, 116, 130, 131, 132, 133, 134, 135, 642, 654, 655, 656, 657, 1279, 1280, 1281]
[1088]
[1089]
[1090]
[1091]
[1092]
[173, 176, 216, 309, 403, 405, 430, 512, 513, 573, 651, 668, 746, 747, 806, 1093, 1106]
[179, 180, 240, 1094]
[85, 246, 247, 522]
[85, 246, 247, 522]
[1095]
[1096]
[1097]
[1098]
[1099]
[1100]
[1101]
[1102]
[1103]
[1104]
[1105]
[173, 176, 216, 309, 403, 405, 430, 512, 513, 573, 651, 668, 746, 747, 806, 1093, 1106]
[1284, 1285, 1286, 1287]
[196, 197, 1151, 1152]
[1125]
[1125]
[1125]
[196, 197, 1151, 1152]
[1125]
[1125]
[639, 640]
[875, 876, 879, 880, 883, 884, 887, 888]
[1117, 1122, 1125]
[1118, 1119]
[1118, 1119]
[875, 876, 879, 880, 883, 884, 887, 888]
[1118, 1119]
[1117, 1122, 1125]
[875, 876, 879, 880, 883, 884, 887, 888]
[427, 428]
[1125]
[1125]
[1125]
[196, 197, 1151, 1152]
[1125]
[1125]
[48]
[48]
[1155, 1156, 1157, 1158, 1159]
[1155, 1156, 1157, 1158, 1159]
[1103]
[1103]
[972]
[972]
[1155, 1156, 1157, 1158, 1159]
[1155, 1156, 1157, 1158, 1159]
[1155, 1156, 1157, 1158, 1159]
[1155, 1156, 1157, 1158, 1159]
[1100]
[1100]
[1155, 1156, 1157, 1158, 1159]
[1155, 1156, 1157, 1158, 1159]
[1155, 1156, 1157, 1158, 1159]
[1155, 1156, 1157, 1158, 1159]
[1105]
[1105]
[1155, 1156, 1157, 1158, 1159]
[1155, 1156, 1157, 1158, 1159]
[1155, 1156, 1157, 1158, 1159]
[1155, 1156, 1157, 1158, 1159]
[1155, 1156, 1157, 1158, 1159]
[1155, 1156, 1157, 1158, 1159]
[1155, 1156, 1157, 1158, 1159]
[1155, 1156, 1157, 1158, 1159]
[1155, 1156, 1157, 1158, 1159]
[1155, 1156, 1157, 1158, 1159]
[1155, 1156, 1157, 1158, 1159]
[1155, 1156, 1157, 1158, 1159]
[1155, 1156, 1157, 1158, 1159]
[1155, 1156, 1157, 1158, 1159]
[1155, 1156, 1157, 1158, 1159]
[1155, 1156, 1157, 1158, 1159]
[1155, 1156, 1157, 1158, 1159]
[1155, 1156, 1157, 1158, 1159]
[1155, 1156, 1157, 1158, 1159]
[1155, 1156, 1157, 1158, 1159]
[1155, 1156, 1157, 1158, 1159]
[1155, 1156, 1157, 1158, 1159]
[1155, 1156, 1157, 1158, 1159]
[1155, 1156, 1157, 1158, 1159]
[1155, 1156, 1157, 1158, 1159]
[1155, 1156, 1157, 1158, 1159]
[1155, 1156, 1157, 1158, 1159]
[1155, 1156, 1157, 1158, 1159]
[1155, 1156, 1157, 1158, 1159]
[1155, 1156, 1157, 1158, 1159]
[1155, 1156, 1157, 1158, 1159]
[1155, 1156, 1157, 1158, 1159]
[1155, 1156, 1157, 1158, 1159]
[1155, 1156, 1157, 1158, 1159]
[1155, 1156, 1157, 1158, 1159]
[1155, 1156, 1157, 1158, 1159]
[1155, 1156, 1157, 1158, 1159]
[1155, 1156, 1157, 1158, 1159]
[1155, 1156, 1157, 1158, 1159]
[1155, 1156, 1157, 1158, 1159]
[1155, 1156, 1157, 1158, 1159]
[1155, 1156, 1157, 1158, 1159]
[1155, 1156, 1157, 1158, 1159]
[1155, 1156, 1157, 1158, 1159]
[1155, 1156, 1157, 1158, 1159]
[1155, 1156, 1157, 1158, 1159]
[1155, 1156, 1157, 1158, 1159]
[1155, 1156, 1157, 1158, 1159]
[1155, 1156, 1157, 1158, 1159]
[1155, 1156, 1157, 1158, 1159]
[1155, 1156, 1157, 1158, 1159]
[1155, 1156, 1157, 1158, 1159]
[1155, 1156, 1157, 1158, 1159]
[1155, 1156, 1157, 1158, 1159]
[1155, 1156, 1157, 1158, 1159]
[1155, 1156, 1157, 1158, 1159]
[1155, 1156, 1157, 1158, 1159]
[1155, 1156, 1157, 1158, 1159]
[1155, 1156, 1157, 1158, 1159]
[1155, 1156, 1157, 1158, 1159]
[1155, 1156, 1157, 1158, 1159]
[1155, 1156, 1157, 1158, 1159]
[1155, 1156, 1157, 1158, 1159]
[1155, 1156, 1157, 1158, 1159]
[1155, 1156, 1157, 1158, 1159]
[1155, 1156, 1157, 1158, 1159]
[1155, 1156, 1157, 1158, 1159]
[1155, 1156, 1157, 1158, 1159]
[1155, 1156, 1157, 1158, 1159]
[1155, 1156, 1157, 1158, 1159]
[1155, 1156, 1157, 1158, 1159]
[1155, 1156, 1157, 1158, 1159]
[1155, 1156, 1157, 1158, 1159]
[1155, 1156, 1157, 1158, 1159]
[1155, 1156, 1157, 1158, 1159]
[1155, 1156, 1157, 1158, 1159]
[1155, 1156, 1157, 1158, 1159]
[1155, 1156, 1157, 1158, 1159]
[1155, 1156, 1157, 1158, 1159]
[1155, 1156, 1157, 1158, 1159]
[1155, 1156, 1157, 1158, 1159]
[1155, 1156, 1157, 1158, 1159]
[1155, 1156, 1157, 1158, 1159]
[1155, 1156, 1157, 1158, 1159]
[1155, 1156, 1157, 1158, 1159]
[1155, 1156, 1157, 1158, 1159]
[1155, 1156, 1157, 1158, 1159]
[1155, 1156, 1157, 1158, 1159]
[1155, 1156, 1157, 1158, 1159]
[1155, 1156, 1157, 1158, 1159]
[1155, 1156, 1157, 1158, 1159]
[1155, 1156, 1157, 1158, 1159]
[1155, 1156, 1157, 1158, 1159]
[1155, 1156, 1157, 1158, 1159]
[1155, 1156, 1157, 1158, 1159]
[1155, 1156, 1157, 1158, 1159]
[1155, 1156, 1157, 1158, 1159]
[1155, 1156, 1157, 1158, 1159]
[1155, 1156, 1157, 1158, 1159]
[1155, 1156, 1157, 1158, 1159]
[1155, 1156, 1157, 1158, 1159]
[1155, 1156, 1157, 1158, 1159]
[1155, 1156, 1157, 1158, 1159]
[1155, 1156, 1157, 1158, 1159]
[1155, 1156, 1157, 1158, 1159]
[1155, 1156, 1157, 1158, 1159]
[1155, 1156, 1157, 1158, 1159]
[1155, 1156, 1157, 1158, 1159]
[1155, 1156, 1157, 1158, 1159]
[1155, 1156, 1157, 1158, 1159]
[1155, 1156, 1157, 1158, 1159]
[1155, 1156, 1157, 1158, 1159]
[1155, 1156, 1157, 1158, 1159]
[1155, 1156, 1157, 1158, 1159]
[1155, 1156, 1157, 1158, 1159]
[1155, 1156, 1157, 1158, 1159]
[1155, 1156, 1157, 1158, 1159]
[1155, 1156, 1157, 1158, 1159]
[1155, 1156, 1157, 1158, 1159]
[1155, 1156, 1157, 1158, 1159]
[1155, 1156, 1157, 1158, 1159]
[1155, 1156, 1157, 1158, 1159]
[1155, 1156, 1157, 1158, 1159]
[1155, 1156, 1157, 1158, 1159]
[1155, 1156, 1157, 1158, 1159]
[1155, 1156, 1157, 1158, 1159]
[1155, 1156, 1157, 1158, 1159]
[1155, 1156, 1157, 1158, 1159]
[1155, 1156, 1157, 1158, 1159]
[1155, 1156, 1157, 1158, 1159]
[1155, 1156, 1157, 1158, 1159]
[1155, 1156, 1157, 1158, 1159]
[1155, 1156, 1157, 1158, 1159]
[1155, 1156, 1157, 1158, 1159]
[1155, 1156, 1157, 1158, 1159]
[1155, 1156, 1157, 1158, 1159]
[1155, 1156, 1157, 1158, 1159]
[1155, 1156, 1157, 1158, 1159]
[1155, 1156, 1157, 1158, 1159]
[1155, 1156, 1157, 1158, 1159]
[1155, 1156, 1157, 1158, 1159]
[1155, 1156, 1157, 1158, 1159]
[1155, 1156, 1157, 1158, 1159]
[1155, 1156, 1157, 1158, 1159]
[1155, 1156, 1157, 1158, 1159]
[1155, 1156, 1157, 1158, 1159]
[1155, 1156, 1157, 1158, 1159]
[1155, 1156, 1157, 1158, 1159]
[1155, 1156, 1157, 1158, 1159]
[1155, 1156, 1157, 1158, 1159]
[1155, 1156, 1157, 1158, 1159]
[1155, 1156, 1157, 1158, 1159]
[1155, 1156, 1157, 1158, 1159]
[1155, 1156, 1157, 1158, 1159]
[1155, 1156, 1157, 1158, 1159]
[1155, 1156, 1157, 1158, 1159]
[1155, 1156, 1157, 1158, 1159]
[1155, 1156, 1157, 1158, 1159]
[1155, 1156, 1157, 1158, 1159]
[1155, 1156, 1157, 1158, 1159]
[1155, 1156, 1157, 1158, 1159]
[1155, 1156, 1157, 1158, 1159]
[1155, 1156, 1157, 1158, 1159]
[1155, 1156, 1157, 1158, 1159]
[1155, 1156, 1157, 1158, 1159]
[1155, 1156, 1157, 1158, 1159]
[1155, 1156, 1157, 1158, 1159]
[1155, 1156, 1157, 1158, 1159]
[791]
[1148]
[194, 195, 1149, 1150]
[194, 195, 1149, 1150]
[196, 197, 1151, 1152]
[196, 197, 1151, 1152]
[201, 202, 1153, 1154]
[201, 202, 1153, 1154]
[1155, 1156, 1157, 1158, 1159]
[1155, 1156, 1157, 1158, 1159]
[1155, 1156, 1157, 1158, 1159]
[1155, 1156, 1157, 1158, 1159]
[1155, 1156, 1157, 1158, 1159]
[1160, 1161]
[1160, 1161]
[1162]
[1163]
[1164, 1165]
[1164, 1165]
[1166, 1167, 1168, 1169]
[1166, 1167, 1168, 1169]
[1166, 1167, 1168, 1169]
[1166, 1167, 1168, 1169]
[1170, 1171]
[1170, 1171]
[82, 83]
[82, 83]
[82, 83]
[82, 83]
[82, 83]
[82, 83]
[82, 83]
[82, 83]
[82, 83]
[82, 83]
[82, 83]
[82, 83]
[82, 83]
[82, 83]
[82, 83]
[82, 83]
[82, 83]
[82, 83]
[82, 83]
[82, 83]
[82, 83]
[82, 83]
[82, 83]
[82, 83]
[82, 83]
[82, 83]
[82, 83]
[82, 83]
[1261]
[1264]
[1264]
[1260]
[1260]
[1265]
[1266]
[1267, 1268]
[1267, 1268]
[1269]
[1270]
[1271]
[743, 1272]
[213, 226, 339, 493, 494, 499, 501, 506, 547, 556, 634, 684, 775, 810, 898, 953, 956, 1273]
[94, 96, 217, 218, 844, 853, 919, 920]
[94, 96, 217, 218, 844, 853, 919, 920]
[850]
[850]
[850]
[850]
[1276]
[1277]
[1278]
[1279, 1280, 1281]
[1279, 1280, 1281]
[1279, 1280, 1281]
[1282, 1283]
[1282, 1283]
[1284, 1285, 1286, 1287]
[1284, 1285, 1286, 1287]
[1284, 1285, 1286, 1287]
[1284, 1285, 1286, 1287]
[1288, 1289]
[1288, 1289]
