[0]
[40, 43, 504]
[40, 43, 504]
[564]
[564]
[1]
[0]
[252]
[167, 187, 277]
[163, 164]
[0]
[281]
[]
[3, 4, 13, 14, 29, 30]
[3, 4, 13, 14, 29, 30]
[574, 575, 576, 577, 578]
[574, 575, 576, 577, 578]
[574, 575, 576, 577, 578]
[574, 575, 576, 577, 578]
[574, 575, 576, 577, 578]
[574, 575, 576, 577, 578]
[11, 12, 37, 38]
[11, 12, 37, 38]
[3, 4, 13, 14, 29, 30]
[3, 4, 13, 14, 29, 30]
[574, 575, 576, 577, 578]
[574, 575, 576, 577, 578]
[574, 575, 576, 577, 578]
[574, 575, 576, 577, 578]
[574, 575, 576, 577, 578]
[574, 575, 576, 577, 578]
[11, 12, 37, 38]
[11, 12, 37, 38]
[]
[27, 28, 385, 598]
[385]
[27, 28, 385, 598]
[27, 28, 385, 598]
[132, 169, 296, 397, 429, 492]
[3, 4, 13, 14, 29, 30]
[3, 4, 13, 14, 29, 30]
[574, 575, 576, 577, 578]
[574, 575, 576, 577, 578]
[574, 575, 576, 577, 578]
[574, 575, 576, 577, 578]
[574, 575, 576, 577, 578]
[574, 575, 576, 577, 578]
[11, 12, 37, 38]
[574, 575, 576, 577, 578]
[3, 4, 13, 14, 29, 30]
[3, 4, 13, 14, 29, 30]
[574, 575, 576, 577, 578]
[574, 575, 576, 577, 578]
[574, 575, 576, 577, 578]
[574, 575, 576, 577, 578]
[574, 575, 576, 577, 578]
[574, 575, 576, 577, 578]
[11, 12, 37, 38]
[574, 575, 576, 577, 578]
[3, 4, 13, 14, 29, 30]
[3, 4, 13, 14, 29, 30]
[574, 575, 576, 577, 578]
[574, 575, 576, 577, 578]
[574, 575, 576, 577, 578]
[574, 575, 576, 577, 578]
[574, 575, 576, 577, 578]
[574, 575, 576, 577, 578]
[11, 12, 37, 38]
[11, 12, 37, 38]
[3, 4, 13, 14, 29, 30]
[3, 4, 13, 14, 29, 30]
[574, 575, 576, 577, 578]
[574, 575, 576, 577, 578]
[574, 575, 576, 577, 578]
[574, 575, 576, 577, 578]
[574, 575, 576, 577, 578]
[574, 575, 576, 577, 578]
[11, 12, 37, 38]
[11, 12, 37, 38]
[161]
[39, 298, 299, 300, 301, 561, 562, 563]
[39, 298, 299, 300, 301, 561, 562, 563]
[39, 298, 299, 300, 301, 561, 562, 563]
[39, 298, 299, 300, 301, 561, 562, 563]
[39, 298, 299, 300, 301, 561, 562, 563]
[]
[60]
[40, 43]
[41, 42]
[41, 42]
[40, 43]
[45]
[45]
[45]
[53]
[54, 56, 457, 460, 461, 464, 466, 556, 558]
[55]
[54, 56, 457, 460, 461, 464, 466, 556, 558]
[604, 605]
[604, 605]
[606, 607, 608, 609]
[606, 607, 608, 609]
[606, 607, 608, 609]
[606, 607, 608, 609]
[610, 611]
[610, 611]
[161]
[57, 67, 127, 146, 168, 196, 201, 304, 326, 364, 498]
[58, 59]
[58, 59]
[60]
[39, 298, 299, 300, 301, 561, 562, 563]
[39, 298, 299, 300, 301, 561, 562, 563]
[39, 298, 299, 300, 301, 561, 562, 563]
[39, 298, 299, 300, 301, 561, 562, 563]
[39, 298, 299, 300, 301, 561, 562, 563]
[39, 298, 299, 300, 301, 561, 562, 563]
[177, 320]
[171, 314]
[172, 315]
[173, 316]
[174, 317]
[175, 318]
[176, 319]
[177, 320]
[523]
[524]
[523]
[63]
[64]
[39, 298, 299, 300, 301, 561, 562, 563]
[39, 298, 299, 300, 301, 561, 562, 563]
[39, 298, 299, 300, 301, 561, 562, 563]
[39, 298, 299, 300, 301, 561, 562, 563]
[39, 298, 299, 300, 301, 561, 562, 563]
[39, 298, 299, 300, 301, 561, 562, 563]
[177, 320]
[171, 314]
[172, 315]
[173, 316]
[174, 317]
[175, 318]
[176, 319]
[177, 320]
[180]
[180]
[126]
[126]
[126]
[126]
[126]
[126]
[126]
[126]
[126]
[126]
[126]
[126]
[126]
[126]
[126]
[126]
[126]
[126]
[126]
[126]
[126]
[126]
[126]
[126]
[126]
[126]
[65, 179]
[66, 70, 135, 158, 200, 202, 207, 211, 212, 226, 294, 311, 386, 387, 428, 547, 555]
[57, 67, 127, 146, 168, 196, 201, 304, 326, 364, 498]
[511]
[66, 70, 135, 158, 200, 202, 207, 211, 212, 226, 294, 311, 386, 387, 428, 547, 555]
[183, 516, 517]
[71]
[40, 41, 42, 43, 339, 341, 379]
[278, 279]
[574, 575, 576, 577, 578]
[574, 575, 576, 577, 578]
[574, 575, 576, 577, 578]
[574, 575, 576, 577, 578]
[107]
[108, 109]
[108, 109]
[110, 344]
[111, 112, 113, 139, 140, 141, 345, 346, 347]
[111, 112, 113, 139, 140, 141, 345, 346, 347]
[111, 112, 113, 139, 140, 141, 345, 346, 347]
[114, 348]
[161]
[115, 116, 568, 569]
[115, 116, 568, 569]
[117, 118, 570, 571]
[117, 118, 570, 571]
[119]
[120]
[121]
[122, 123, 572, 573]
[122, 123, 572, 573]
[124]
[125]
[126]
[57, 67, 127, 146, 168, 196, 201, 304, 326, 364, 498]
[134]
[214]
[129, 131, 307, 325]
[159, 160]
[130]
[129, 131, 307, 325]
[132, 169, 296, 397, 429, 492]
[133]
[197]
[66, 70, 135, 158, 200, 202, 207, 211, 212, 226, 294, 311, 386, 387, 428, 547, 555]
[136]
[137]
[138]
[111, 112, 113, 139, 140, 141, 345, 346, 347]
[111, 112, 113, 139, 140, 141, 345, 346, 347]
[111, 112, 113, 139, 140, 141, 345, 346, 347]
[142]
[143, 542]
[145]
[132, 169, 296, 397, 429, 492]
[57, 67, 127, 146, 168, 196, 201, 304, 326, 364, 498]
[147]
[148]
[132, 169, 296, 397, 429, 492]
[411, 414]
[411, 414]
[132, 169, 296, 397, 429, 492]
[]
[132, 169, 296, 397, 429, 492]
[154, 512]
[155, 513]
[156]
[161]
[40, 41, 42, 43, 339, 341, 379]
[27, 28, 385, 598]
[]
[44, 52, 61, 62, 106, 157, 165, 193, 210, 286, 295, 391, 440]
[396]
[69]
[]
[]
[44, 52, 61, 62, 106, 157, 165, 193, 210, 286, 295, 391, 440]
[574, 575, 576, 577, 578]
[574, 575, 576, 577, 578]
[574, 575, 576, 577, 578]
[574, 575, 576, 577, 578]
[574, 575, 576, 577, 578]
[574, 575, 576, 577, 578]
[574, 575, 576, 577, 578]
[574, 575, 576, 577, 578]
[574, 575, 576, 577, 578]
[574, 575, 576, 577, 578]
[574, 575, 576, 577, 578]
[574, 575, 576, 577, 578]
[574, 575, 576, 577, 578]
[574, 575, 576, 577, 578]
[298, 299]
[298, 299]
[298, 299]
[298, 299]
[300, 301]
[300, 301]
[574, 575, 576, 577, 578]
[574, 575, 576, 577, 578]
[574, 575, 576, 577, 578]
[574, 575, 576, 577, 578]
[574, 575, 576, 577, 578]
[574, 575, 576, 577, 578]
[574, 575, 576, 577, 578]
[574, 575, 576, 577, 578]
[574, 575, 576, 577, 578]
[574, 575, 576, 577, 578]
[574, 575, 576, 577, 578]
[574, 575, 576, 577, 578]
[574, 575, 576, 577, 578]
[574, 575, 576, 577, 578]
[298, 299]
[298, 299]
[298, 299]
[298, 299]
[300, 301]
[300, 301]
[574, 575, 576, 577, 578]
[574, 575, 576, 577, 578]
[574, 575, 576, 577, 578]
[574, 575, 576, 577, 578]
[574, 575, 576, 577, 578]
[574, 575, 576, 577, 578]
[574, 575, 576, 577, 578]
[574, 575, 576, 577, 578]
[574, 575, 576, 577, 578]
[574, 575, 576, 577, 578]
[574, 575, 576, 577, 578]
[574, 575, 576, 577, 578]
[574, 575, 576, 577, 578]
[574, 575, 576, 577, 578]
[298, 299]
[298, 299]
[298, 299]
[298, 299]
[300, 301]
[300, 301]
[66, 70, 135, 158, 200, 202, 207, 211, 212, 226, 294, 311, 386, 387, 428, 547, 555]
[]
[162]
[217, 218, 282, 283, 398, 399, 430, 431]
[217, 218, 282, 283, 398, 399, 430, 431]
[215]
[85]
[39, 298, 299, 300, 301, 561, 562, 563]
[39, 298, 299, 300, 301, 561, 562, 563]
[39, 298, 299, 300, 301, 561, 562, 563]
[39, 298, 299, 300, 301, 561, 562, 563]
[39, 298, 299, 300, 301, 561, 562, 563]
[39, 298, 299, 300, 301, 561, 562, 563]
[39, 298, 299, 300, 301, 561, 562, 563]
[39, 298, 299, 300, 301, 561, 562, 563]
[173, 316]
[174, 317]
[284]
[180]
[159, 160]
[159, 160]
[181]
[84]
[84]
[574, 575, 576, 577, 578]
[574, 575, 576, 577, 578]
[162]
[163, 164]
[163, 164]
[57, 67, 127, 146, 168, 196, 201, 304, 326, 364, 498]
[169]
[170]
[27, 28, 385, 598]
[27, 28, 385, 598]
[171, 314]
[172, 315]
[173, 316]
[174, 317]
[175, 318]
[176, 319]
[177, 320]
[65, 179]
[180, 478, 479]
[180, 478, 479]
[180, 478, 479]
[478, 479]
[478, 479]
[478, 479]
[478, 479]
[478, 479]
[478, 479]
[478, 479]
[478, 479]
[478, 479]
[478, 479]
[478, 479]
[478, 479]
[478, 479]
[478, 479]
[478, 479]
[478, 479]
[478, 479]
[478, 479]
[478, 479]
[478, 479]
[478, 479]
[478, 479]
[478, 479]
[478, 479]
[478, 479]
[478, 479]
[478, 479]
[478, 479]
[161]
[161]
[161]
[186]
[188]
[188]
[188]
[297]
[297]
[524]
[523]
[189]
[190]
[411, 414]
[191]
[192]
[194]
[195]
[57, 67, 127, 146, 168, 196, 201, 304, 326, 364, 498]
[199]
[402]
[66, 70, 135, 158, 200, 202, 207, 211, 212, 226, 294, 311, 386, 387, 428, 547, 555]
[57, 67, 127, 146, 168, 196, 201, 304, 326, 364, 498]
[66, 70, 135, 158, 200, 202, 207, 211, 212, 226, 294, 311, 386, 387, 428, 547, 555]
[203, 204]
[203, 204]
[205]
[206]
[574, 575, 576, 577, 578]
[574, 575, 576, 577, 578]
[574, 575, 576, 577, 578]
[574, 575, 576, 577, 578]
[574, 575, 576, 577, 578]
[574, 575, 576, 577, 578]
[574, 575, 576, 577, 578]
[122, 123, 572, 573]
[574, 575, 576, 577, 578]
[117, 118, 570, 571]
[117, 118, 570, 571]
[115, 116, 568, 569]
[574, 575, 576, 577, 578]
[117, 118, 570, 571]
[117, 118, 570, 571]
[574, 575, 576, 577, 578]
[5, 6]
[117, 118, 570, 571]
[117, 118, 570, 571]
[5, 6]
[66, 70, 135, 158, 200, 202, 207, 211, 212, 226, 294, 311, 386, 387, 428, 547, 555]
[574, 575, 576, 577, 578]
[574, 575, 576, 577, 578]
[574, 575, 576, 577, 578]
[574, 575, 576, 577, 578]
[574, 575, 576, 577, 578]
[574, 575, 576, 577, 578]
[574, 575, 576, 577, 578]
[278, 279]
[574, 575, 576, 577, 578]
[574, 575, 576, 577, 578]
[574, 575, 576, 577, 578]
[501]
[574, 575, 576, 577, 578]
[574, 575, 576, 577, 578]
[574, 575, 576, 577, 578]
[501, 504]
[122, 123, 572, 573]
[574, 575, 576, 577, 578]
[574, 575, 576, 577, 578]
[122, 123, 572, 573]
[122, 123, 572, 573]
[574, 575, 576, 577, 578]
[574, 575, 576, 577, 578]
[122, 123, 572, 573]
[136, 489]
[136, 489]
[501, 504, 583, 584, 585, 586, 587, 588, 589, 590, 591, 592]
[501, 504]
[501, 504]
[501, 504, 583, 584, 585, 586, 587, 588, 589, 590, 591, 592]
[501, 504]
[501, 504]
[501, 504]
[501, 504]
[501, 504]
[501, 504]
[501, 504]
[122, 123, 572, 573]
[501, 504]
[501, 504]
[501, 504]
[122, 123, 572, 573]
[501, 504]
[501, 504]
[501, 504]
[501, 504]
[278, 279]
[501, 504]
[501, 504]
[278, 279]
[221, 222, 538]
[540]
[604, 605]
[604, 605]
[606, 607, 608, 609]
[606, 607, 608, 609]
[606, 607, 608, 609]
[606, 607, 608, 609]
[610, 611]
[610, 611]
[]
[449]
[132, 169, 296, 397, 429, 492]
[132, 169, 296, 397, 429, 492]
[363]
[85]
[335, 403, 410, 412, 415]
[183, 516, 517]
[132, 169, 296, 397, 429, 492]
[52]
[132, 169, 296, 397, 429, 492]
[365]
[327, 328]
[97]
[128]
[132, 169, 296, 397, 429, 492]
[214]
[368]
[368]
[85]
[99]
[66, 70, 135, 158, 200, 202, 207, 211, 212, 226, 294, 311, 386, 387, 428, 547, 555]
[66, 70, 135, 158, 200, 202, 207, 211, 212, 226, 294, 311, 386, 387, 428, 547, 555]
[395]
[491]
[150]
[]
[167]
[574, 575, 576, 577, 578]
[213]
[132, 169, 296, 397, 429, 492]
[]
[411]
[216]
[161]
[217, 218]
[217, 218]
[219]
[220]
[220]
[220]
[221]
[222]
[220]
[220]
[220]
[220]
[574, 575, 576, 577, 578]
[574, 575, 576, 577, 578]
[606, 607, 608, 609]
[606, 607, 608, 609]
[574, 575, 576, 577, 578]
[574, 575, 576, 577, 578]
[574, 575, 576, 577, 578]
[574, 575, 576, 577, 578]
[74, 182, 357, 359]
[80, 82, 95, 98]
[57, 67, 127, 146, 168, 196, 201, 304, 326, 364, 498]
[57, 67, 127, 146, 168, 196, 201, 304, 326, 364, 498]
[74, 182, 357, 359]
[74, 182, 357, 359]
[83]
[74, 182, 357, 359]
[74, 182, 357, 359]
[183, 516, 517]
[516, 517]
[52]
[52]
[183, 516, 517]
[183, 516, 517]
[84]
[84]
[84]
[84]
[183, 516, 517]
[188]
[188]
[188]
[188]
[363]
[363]
[225]
[66, 70, 135, 158, 200, 202, 207, 211, 212, 226, 294, 311, 386, 387, 428, 547, 555]
[525, 526, 579, 580]
[525, 526, 579, 580]
[380]
[363, 525, 526, 579, 580]
[529, 582]
[380]
[287, 290]
[248]
[248]
[416]
[417]
[417]
[396]
[69]
[287, 290]
[84]
[396]
[287, 290]
[84]
[396]
[396]
[69]
[524]
[523]
[546]
[546]
[72, 73, 227, 228, 229, 230]
[72, 73, 227, 228, 229, 230]
[231, 232]
[231, 232]
[233, 546]
[233]
[546]
[546]
[244]
[245]
[275]
[238]
[238]
[]
[]
[85]
[]
[]
[85]
[257]
[258, 264]
[259, 265]
[260, 266]
[261, 267]
[]
[]
[258, 264]
[259, 265]
[260, 266]
[261, 267]
[]
[]
[270]
[271]
[132, 169, 296, 397, 429, 492]
[411, 414]
[129, 131, 307, 325]
[276]
[187, 277]
[574, 575, 576, 577, 578]
[574, 575, 576, 577, 578]
[280]
[39, 298, 299, 300, 301, 561, 562, 563]
[214]
[132, 169, 296, 397, 429, 492]
[258, 259, 260, 261]
[444]
[274]
[281]
[524]
[523]
[66, 70, 135, 158, 200, 202, 207, 211, 212, 226, 294, 311, 386, 387, 428, 547, 555]
[295]
[44, 52, 61, 62, 106, 157, 165, 193, 210, 286, 295, 391, 440]
[298, 299]
[298, 299]
[300, 301]
[300, 301]
[57, 67, 127, 146, 168, 196, 201, 304, 326, 364, 498]
[307]
[310]
[308, 309]
[308, 309]
[310]
[208, 209]
[157]
[157, 440]
[157]
[66, 70, 135, 158, 200, 202, 207, 211, 212, 226, 294, 311, 386, 387, 428, 547, 555]
[312]
[313]
[171, 314]
[172, 315]
[173, 316]
[174, 317]
[175, 318]
[176, 319]
[177, 320]
[46, 361, 377, 378]
[46, 361, 377, 378]
[187, 277]
[161]
[161]
[323]
[132, 169, 296, 397, 429, 492]
[411, 414]
[340]
[57, 67, 127, 146, 168, 196, 201, 304, 326, 364, 498]
[87]
[87]
[511]
[87]
[333]
[334]
[331, 333]
[332, 334]
[106]
[106]
[285]
[285]
[161]
[342]
[524]
[523]
[523]
[46, 361]
[110, 344]
[111, 112, 113, 139, 140, 141, 345, 346, 347]
[111, 112, 113, 139, 140, 141, 345, 346, 347]
[111, 112, 113, 139, 140, 141, 345, 346, 347]
[114, 348]
[97]
[349]
[352, 499, 500, 593, 594]
[447]
[448]
[47, 48]
[84]
[289]
[292, 293]
[292, 293]
[363]
[57, 67, 127, 146, 168, 196, 201, 304, 326, 364, 498]
[197]
[197]
[366]
[367]
[355, 356]
[80, 82, 95, 98]
[148]
[370]
[371]
[372]
[373]
[53]
[374]
[376]
[411, 414]
[411, 414]
[40, 41, 42, 43, 339, 341, 379]
[132, 169, 296, 397, 429, 492]
[132, 169, 296, 397, 429, 492]
[380]
[27, 28, 385, 598]
[40, 41, 42, 43, 339, 341, 379]
[396]
[66, 70, 135, 158, 200, 202, 207, 211, 212, 226, 294, 311, 386, 387, 428, 547, 555]
[66, 70, 135, 158, 200, 202, 207, 211, 212, 226, 294, 311, 386, 387, 428, 547, 555]
[478]
[388]
[389]
[390]
[574, 575, 576, 577, 578]
[574, 575, 576, 577, 578]
[39, 298, 299, 300, 301, 561, 562, 563]
[606, 607, 608, 609]
[606, 607, 608, 609]
[197]
[197]
[197]
[197]
[606, 607, 608, 609]
[606, 607, 608, 609]
[197]
[197]
[197]
[197]
[392]
[203, 204, 396]
[396]
[132, 169, 296, 397, 429, 492]
[396]
[394]
[395]
[396]
[397]
[398, 399]
[398, 399]
[400]
[401]
[402]
[403, 410, 412, 415]
[404]
[405]
[406]
[407]
[408]
[409]
[403, 410, 412, 415]
[402]
[403, 410, 412, 415]
[404, 406]
[402, 408]
[403, 410, 412, 415]
[416]
[417]
[418]
[419]
[420]
[420]
[419]
[418]
[420]
[419]
[420]
[419]
[66, 70, 135, 158, 200, 202, 207, 211, 212, 226, 294, 311, 386, 387, 428, 547, 555]
[144]
[144]
[161]
[429]
[430, 431]
[430, 431]
[432]
[433]
[434]
[436]
[437]
[438]
[439]
[430, 431]
[433]
[440]
[441]
[442]
[441]
[430, 431]
[258, 259]
[430, 431]
[44, 52, 61, 62, 106, 157, 165, 193, 210, 286, 295, 391, 440]
[430, 431]
[433]
[430, 431]
[183, 516, 517]
[433]
[22]
[430, 431]
[353, 447]
[148, 354, 448, 596]
[449]
[450]
[451]
[452]
[453]
[454]
[83]
[83]
[358, 360]
[358, 360]
[358, 360]
[362]
[83]
[83]
[454]
[83]
[83]
[472]
[473]
[83]
[83]
[159, 160, 518, 521]
[125, 476, 481]
[449]
[368]
[125]
[124]
[478, 479]
[368]
[449]
[125, 476, 481]
[487]
[488, 490]
[489]
[488, 490]
[125]
[125]
[125]
[125]
[125]
[125]
[125]
[125]
[125]
[125]
[125]
[125]
[125]
[125]
[125]
[125]
[298, 299]
[298, 299]
[298, 299]
[298, 299]
[300, 301]
[300, 301]
[300, 301]
[300, 301]
[492]
[493]
[449]
[74, 182, 357, 359]
[363]
[494]
[27, 28, 385, 598]
[58, 59]
[27, 28, 385, 598]
[411, 414]
[58, 59]
[440]
[60]
[497]
[63]
[64]
[63]
[64]
[63]
[64]
[57, 67, 127, 146, 168, 196, 201, 304, 326, 364, 498]
[499, 500, 593, 594]
[499, 500, 593, 594]
[411, 414]
[350]
[511]
[186]
[]
[]
[186]
[]
[]
[186]
[186]
[186]
[186]
[]
[161]
[501]
[502, 503]
[502, 503]
[501]
[501, 504]
[502, 503]
[502, 503]
[501, 504]
[278, 279]
[502, 503]
[502, 503]
[501, 504]
[518, 521]
[516, 517]
[491]
[507]
[508]
[132, 169, 296, 397, 429, 492]
[509, 510]
[509, 510]
[132, 169, 296, 397, 429, 492]
[509, 510]
[203, 204, 511]
[154, 512]
[155, 513]
[514]
[515]
[516, 517]
[516, 517]
[518, 521]
[52]
[520]
[518, 521]
[522]
[524]
[523]
[531]
[532]
[533]
[534]
[161]
[214]
[231, 232]
[536]
[537]
[538]
[538]
[22]
[22]
[574, 575, 576, 577, 578]
[15, 16]
[15, 16]
[22]
[574, 575, 576, 577, 578]
[574, 575, 576, 577, 578]
[22]
[22]
[574, 575, 576, 577, 578]
[15, 16]
[15, 16]
[22]
[574, 575, 576, 577, 578]
[574, 575, 576, 577, 578]
[31, 32]
[31, 32]
[574, 575, 576, 577, 578]
[31, 32]
[31, 32]
[31, 32]
[574, 575, 576, 577, 578]
[31, 32]
[574, 575, 576, 577, 578]
[574, 575, 576, 577, 578]
[574, 575, 576, 577, 578]
[574, 575, 576, 577, 578]
[574, 575, 576, 577, 578]
[574, 575, 576, 577, 578]
[574, 575, 576, 577, 578]
[574, 575, 576, 577, 578]
[574, 575, 576, 577, 578]
[574, 575, 576, 577, 578]
[574, 575, 576, 577, 578]
[574, 575, 576, 577, 578]
[574, 575, 576, 577, 578]
[574, 575, 576, 577, 578]
[574, 575, 576, 577, 578]
[574, 575, 576, 577, 578]
[574, 575, 576, 577, 578]
[574, 575, 576, 577, 578]
[574, 575, 576, 577, 578]
[574, 575, 576, 577, 578]
[574, 575, 576, 577, 578]
[574, 575, 576, 577, 578]
[574, 575, 576, 577, 578]
[574, 575, 576, 577, 578]
[214]
[214]
[574, 575, 576, 577, 578]
[574, 575, 576, 577, 578]
[574, 575, 576, 577, 578]
[574, 575, 576, 577, 578]
[574, 575, 576, 577, 578]
[574, 575, 576, 577, 578]
[574, 575, 576, 577, 578]
[574, 575, 576, 577, 578]
[574, 575, 576, 577, 578]
[574, 575, 576, 577, 578]
[574, 575, 576, 577, 578]
[574, 575, 576, 577, 578]
[574, 575, 576, 577, 578]
[574, 575, 576, 577, 578]
[574, 575, 576, 577, 578]
[574, 575, 576, 577, 578]
[574, 575, 576, 577, 578]
[574, 575, 576, 577, 578]
[574, 575, 576, 577, 578]
[574, 575, 576, 577, 578]
[574, 575, 576, 577, 578]
[574, 575, 576, 577, 578]
[574, 575, 576, 577, 578]
[574, 575, 576, 577, 578]
[574, 575, 576, 577, 578]
[574, 575, 576, 577, 578]
[574, 575, 576, 577, 578]
[574, 575, 576, 577, 578]
[574, 575, 576, 577, 578]
[574, 575, 576, 577, 578]
[574, 575, 576, 577, 578]
[574, 575, 576, 577, 578]
[574, 575, 576, 577, 578]
[574, 575, 576, 577, 578]
[574, 575, 576, 577, 578]
[574, 575, 576, 577, 578]
[574, 575, 576, 577, 578]
[574, 575, 576, 577, 578]
[574, 575, 576, 577, 578]
[574, 575, 576, 577, 578]
[574, 575, 576, 577, 578]
[574, 575, 576, 577, 578]
[574, 575, 576, 577, 578]
[574, 575, 576, 577, 578]
[574, 575, 576, 577, 578]
[574, 575, 576, 577, 578]
[574, 575, 576, 577, 578]
[574, 575, 576, 577, 578]
[539]
[541]
[143, 542]
[574, 575, 576, 577, 578]
[11, 12, 37, 38]
[574, 575, 576, 577, 578]
[11, 12, 37, 38]
[223, 224, 455, 456, 469, 470, 471, 543]
[544]
[545]
[546]
[546]
[66, 70, 135, 158, 200, 202, 207, 211, 212, 226, 294, 311, 386, 387, 428, 547, 555]
[156, 566]
[548]
[549]
[550]
[551]
[552]
[553]
[554]
[548]
[548]
[548]
[548]
[66, 70, 135, 158, 200, 202, 207, 211, 212, 226, 294, 311, 386, 387, 428, 547, 555]
[501, 504, 583, 584, 585, 586, 587, 588, 589, 590, 591, 592]
[117, 118, 570, 571]
[117, 118, 570, 571]
[501, 504]
[501, 504]
[117, 118, 570, 571]
[501, 504, 583, 584, 585, 586, 587, 588, 589, 590, 591, 592]
[117, 118, 570, 571]
[501, 504]
[501, 504]
[278, 279]
[501, 504]
[501, 504]
[278, 279]
[501, 504]
[501, 504]
[501, 504]
[117, 118, 570, 571]
[117, 118, 570, 571]
[501, 504]
[501, 504]
[117, 118, 570, 571]
[501, 504]
[117, 118, 570, 571]
[574, 575, 576, 577, 578]
[574, 575, 576, 577, 578]
[574, 575, 576, 577, 578]
[574, 575, 576, 577, 578]
[574, 575, 576, 577, 578]
[574, 575, 576, 577, 578]
[574, 575, 576, 577, 578]
[574, 575, 576, 577, 578]
[574, 575, 576, 577, 578]
[574, 575, 576, 577, 578]
[574, 575, 576, 577, 578]
[574, 575, 576, 577, 578]
[574, 575, 576, 577, 578]
[574, 575, 576, 577, 578]
[574, 575, 576, 577, 578]
[574, 575, 576, 577, 578]
[250, 251, 254, 255, 262, 263, 268, 269]
[280, 375]
[115, 116, 568, 569]
[115, 116, 568, 569]
[117, 118, 570, 571]
[117, 118, 570, 571]
[122, 123, 572, 573]
[122, 123, 572, 573]
[574, 575, 576, 577, 578]
[574, 575, 576, 577, 578]
[574, 575, 576, 577, 578]
[574, 575, 576, 577, 578]
[574, 575, 576, 577, 578]
[2]
[2]
[501]
[2]
[604, 605]
[604, 605]
[606, 607, 608, 609]
[606, 607, 608, 609]
[606, 607, 608, 609]
[606, 607, 608, 609]
[610, 611]
[610, 611]
[574, 575, 576, 577, 578]
[574, 575, 576, 577, 578]
[574, 575, 576, 577, 578]
[574, 575, 576, 577, 578]
[574, 575, 576, 577, 578]
[574, 575, 576, 577, 578]
[574, 575, 576, 577, 578]
[574, 575, 576, 577, 578]
[574, 575, 576, 577, 578]
[574, 575, 576, 577, 578]
[574, 575, 576, 577, 578]
[574, 575, 576, 577, 578]
[574, 575, 576, 577, 578]
[574, 575, 576, 577, 578]
[574, 575, 576, 577, 578]
[574, 575, 576, 577, 578]
[574, 575, 576, 577, 578]
[574, 575, 576, 577, 578]
[574, 575, 576, 577, 578]
[574, 575, 576, 577, 578]
[574, 575, 576, 577, 578]
[574, 575, 576, 577, 578]
[574, 575, 576, 577, 578]
[574, 575, 576, 577, 578]
[574, 575, 576, 577, 578]
[574, 575, 576, 577, 578]
[574, 575, 576, 577, 578]
[574, 575, 576, 577, 578]
[39, 298, 299, 300, 301, 561, 562, 563]
[39, 298, 299, 300, 301, 561, 562, 563]
[39, 298, 299, 300, 301, 561, 562, 563]
[39, 298, 299, 300, 301, 561, 562, 563]
[39, 298, 299, 300, 301, 561, 562, 563]
[39, 298, 299, 300, 301, 561, 562, 563]
[39, 298, 299, 300, 301, 561, 562, 563]
[39, 298, 299, 300, 301, 561, 562, 563]
[39, 298, 299, 300, 301, 561, 562, 563]
[39, 298, 299, 300, 301, 561, 562, 563]
[39, 298, 299, 300, 301, 561, 562, 563]
[39, 298, 299, 300, 301, 561, 562, 563]
[39, 298, 299, 300, 301, 561, 562, 563]
[39, 298, 299, 300, 301, 561, 562, 563]
[39, 298, 299, 300, 301, 561, 562, 563]
[39, 298, 299, 300, 301, 561, 562, 563]
[39, 298, 299, 300, 301, 561, 562, 563]
[39, 298, 299, 300, 301, 561, 562, 563]
[39, 298, 299, 300, 301, 561, 562, 563]
[39, 298, 299, 300, 301, 561, 562, 563]
[39, 298, 299, 300, 301, 561, 562, 563]
[39, 298, 299, 300, 301, 561, 562, 563]
[39, 298, 299, 300, 301, 561, 562, 563]
[39, 298, 299, 300, 301, 561, 562, 563]
[39, 298, 299, 300, 301, 561, 562, 563]
[39, 298, 299, 300, 301, 561, 562, 563]
[39, 298, 299, 300, 301, 561, 562, 563]
[39, 298, 299, 300, 301, 561, 562, 563]
[39, 298, 299, 300, 301, 561, 562, 563]
[39, 298, 299, 300, 301, 561, 562, 563]
[39, 298, 299, 300, 301, 561, 562, 563]
[39, 298, 299, 300, 301, 561, 562, 563]
[39, 298, 299, 300, 301, 561, 562, 563]
[39, 298, 299, 300, 301, 561, 562, 563]
[39, 298, 299, 300, 301, 561, 562, 563]
[39, 298, 299, 300, 301, 561, 562, 563]
[39, 298, 299, 300, 301, 561, 562, 563]
[39, 298, 299, 300, 301, 561, 562, 563]
[39, 298, 299, 300, 301, 561, 562, 563]
[39, 298, 299, 300, 301, 561, 562, 563]
[39, 298, 299, 300, 301, 561, 562, 563]
[39, 298, 299, 300, 301, 561, 562, 563]
[39, 298, 299, 300, 301, 561, 562, 563]
[39, 298, 299, 300, 301, 561, 562, 563]
[39, 298, 299, 300, 301, 561, 562, 563]
[39, 298, 299, 300, 301, 561, 562, 563]
[39, 298, 299, 300, 301, 561, 562, 563]
[39, 298, 299, 300, 301, 561, 562, 563]
[39, 298, 299, 300, 301, 561, 562, 563]
[39, 298, 299, 300, 301, 561, 562, 563]
[39, 298, 299, 300, 301, 561, 562, 563]
[39, 298, 299, 300, 301, 561, 562, 563]
[39, 298, 299, 300, 301, 561, 562, 563]
[39, 298, 299, 300, 301, 561, 562, 563]
[39, 298, 299, 300, 301, 561, 562, 563]
[39, 298, 299, 300, 301, 561, 562, 563]
[39, 298, 299, 300, 301, 561, 562, 563]
[39, 298, 299, 300, 301, 561, 562, 563]
[39, 298, 299, 300, 301, 561, 562, 563]
[39, 298, 299, 300, 301, 561, 562, 563]
[97]
[447, 448]
[71, 105, 482, 483, 484, 485]
[128]
[128]
[595]
[596]
[574, 575, 576, 577, 578]
[574, 575, 576, 577, 578]
[217, 218, 282, 283, 398, 399, 430, 431]
[85]
[597]
[27, 28, 385, 598]
[132, 169, 296, 397, 429, 492]
[411]
[411]
[80, 82, 95, 98]
[85]
[560]
[561, 562, 563]
[561, 562, 563]
[561, 562, 563]
[604, 605]
[604, 605]
[606, 607, 608, 609]
[606, 607, 608, 609]
[606, 607, 608, 609]
[606, 607, 608, 609]
[610, 611]
[610, 611]
