[334]
[143]
[334]
[162]
[162]
[]
[]
[291, 292]
[291, 292]
[]
[]
[337]
[337]
[162]
[162]
[]
[]
[291, 292]
[291, 292]
[]
[]
[337]
[]
[]
[]
[]
[]
[]
[]
[162]
[162]
[]
[]
[291, 292]
[291, 292]
[]
[]
[337]
[337]
[239]
[3, 4, 5, 6, 11, 12, 190, 191, 352]
[3, 4, 5, 6, 11, 12, 190, 191, 352]
[3, 4, 5, 6, 11, 12, 190, 191, 352]
[3, 4, 5, 6, 11, 12, 190, 191, 352]
[271]
[195]
[51, 236]
[84, 243, 274, 295]
[84, 243, 274, 295]
[]
[51, 236]
[84, 243, 274, 295]
[3, 4]
[174]
[183]
[184]
[183]
[198]
[8]
[8]
[10]
[3, 4]
[271]
[256, 257, 260, 261]
[256, 257, 260, 261]
[10]
[283]
[198]
[183]
[183]
[283]
[348, 349]
[131, 132, 165, 166]
[131, 132, 165, 166]
[167]
[198]
[84, 243, 274, 295]
[84, 243, 274, 295]
[198]
[167, 178, 179, 186, 187, 188, 189]
[84, 243, 274, 295]
[198]
[84, 243, 274, 295]
[51, 236]
[51, 236]
[51, 236]
[198]
[84, 243, 274, 295]
[84, 243, 274, 295]
[198]
[150, 151]
[198]
[51, 236]
[51, 236]
[51, 236]
[84, 243, 274, 295]
[198]
[198]
[84, 243, 274, 295]
[286]
[198]
[334]
[167]
[84, 243, 274, 295]
[84, 243, 274, 295]
[150, 151]
[271]
[10]
[183]
[183]
[84, 243, 274, 295]
[248, 249, 252, 253]
[248, 249, 252, 253]
[248, 249, 252, 253]
[50]
[248, 249, 252, 253]
[248, 249, 252, 253]
[]
[]
[]
[273]
[272]
[]
[]
[272]
[273]
[]
[198]
[]
[258, 259, 262, 263]
[84, 243, 274, 295]
[258, 259, 262, 263]
[84, 243, 274, 295]
[258, 259, 262, 263]
[45, 124, 161]
[283]
[184]
[184]
[51, 236]
[248, 249, 252, 253]
[248, 249, 252, 253]
[248, 249, 252, 253]
[273]
[10]
[46]
[48]
[198]
[199]
[199]
[84, 243, 274, 295]
[51, 236]
[51, 236]
[]
[]
[49, 50, 338]
[339]
[3, 4, 5, 6, 11, 12, 190, 191, 352]
[271]
[283]
[84, 243, 274, 295]
[84, 243, 274, 295]
[51]
[48]
[239]
[239]
[271]
[]
[143]
[198]
[84]
[85]
[239]
[239]
[49, 50, 239, 338]
[49, 50, 239, 338]
[49, 50, 239, 338]
[49, 50, 239, 338]
[49, 50, 239, 338]
[337]
[10]
[199]
[118]
[119]
[119]
[199]
[199]
[51, 236]
[272]
[286]
[122]
[123]
[45, 124, 161]
[]
[271]
[183]
[183]
[198]
[239]
[347]
[10]
[283]
[198]
[283]
[84, 243, 274, 295]
[84, 243, 274, 295]
[283]
[84, 243, 274, 295]
[283]
[84, 243, 274, 295]
[84, 243, 274, 295]
[271]
[283]
[283]
[183]
[84, 243, 274, 295]
[345]
[84, 243, 274, 295]
[125, 126]
[125, 126]
[127]
[125, 126]
[125, 126]
[125, 126]
[334]
[334]
[183]
[283]
[131, 132, 165, 166]
[131, 132, 165, 166]
[131, 132, 165, 166]
[131, 132, 165, 166]
[131, 132, 165, 166]
[131, 132, 165, 166]
[133]
[]
[]
[154, 158]
[283]
[51, 156, 160, 236]
[153, 157]
[155, 159]
[51, 236]
[]
[]
[138, 140, 142, 144, 147, 152]
[155, 159]
[156, 160]
[51, 236]
[156, 160]
[51, 236]
[]
[]
[84, 243, 274, 295]
[150, 151]
[]
[]
[150, 151]
[138, 140, 142, 144, 147, 152]
[153, 157]
[154, 158]
[155, 159]
[156, 160]
[]
[]
[153, 157]
[154, 158]
[155, 159]
[156, 160]
[]
[]
[184]
[11, 12, 190, 191]
[169]
[169]
[84, 243, 274, 295]
[258, 259, 262, 263]
[84, 243, 274, 295]
[]
[]
[]
[45, 124, 161]
[273]
[47]
[47]
[163]
[164]
[271, 272, 273]
[84, 243, 274, 295]
[84, 243, 274, 295]
[199]
[84, 243, 274, 295]
[84, 243, 274, 295]
[199]
[199]
[283]
[271]
[84, 243, 274, 295]
[241]
[239]
[239]
[239]
[239]
[272]
[51, 236]
[198]
[]
[]
[168, 170, 171]
[168, 170, 171]
[168, 170, 171]
[168, 170, 171]
[283]
[272]
[272]
[239]
[239]
[49, 50, 239, 338]
[49, 50, 239, 338]
[49, 50, 239, 338]
[49, 50, 239, 338]
[49, 50, 239, 338]
[51, 236]
[51, 236]
[272]
[51, 236]
[258, 259, 262, 263]
[198]
[84, 243, 274, 295]
[84, 243, 274, 295]
[286]
[84, 243, 274, 295]
[337]
[337]
[337]
[337]
[241]
[334]
[241]
[334]
[3, 4, 5, 6, 11, 12, 190, 191, 352]
[199]
[3, 4, 5, 6, 11, 12, 190, 191, 352]
[180]
[10, 272]
[84, 243, 274, 295]
[248, 249, 252, 253]
[248, 249, 252, 253]
[248, 249, 252, 253]
[50]
[183]
[]
[]
[51, 236]
[283]
[283]
[84, 243, 274, 295]
[84, 243, 274, 295]
[198]
[337]
[198]
[337]
[51, 236]
[51, 236]
[]
[198]
[241]
[181, 334]
[182, 337]
[181]
[182]
[239]
[10]
[192]
[193]
[194]
[195]
[196, 272]
[51, 236]
[51, 236]
[3, 4, 5, 6, 11, 12, 190, 191, 352]
[84, 243, 274, 295]
[]
[]
[]
[]
[]
[283]
[283]
[232]
[233]
[234]
[271]
[238]
[239]
[240]
[241]
[242]
[243]
[244, 245]
[244, 245]
[246]
[244, 245]
[84, 243, 274, 295]
[]
[51, 236]
[51, 236]
[51, 236]
[51, 236]
[84, 243, 274, 295]
[51, 236]
[]
[51, 236]
[]
[51, 236]
[51, 236]
[]
[264]
[244, 245]
[266]
[267, 269]
[268, 270]
[267, 269]
[272]
[271]
[337]
[337]
[337]
[337]
[283]
[274]
[275, 290]
[275, 290]
[276]
[277]
[278]
[277, 287]
[280]
[275, 290]
[277, 287]
[275, 290]
[271]
[275, 290]
[277, 287]
[275, 290]
[277, 287]
[275, 290]
[275, 290]
[199]
[199]
[272]
[291, 292]
[291, 292]
[183]
[183]
[183]
[334]
[334]
[183]
[183]
[184]
[183]
[183]
[184]
[184]
[183]
[184]
[183]
[184]
[184]
[334]
[334]
[334]
[337]
[337]
[337]
[337]
[273]
[272]
[273]
[272]
[272]
[273]
[]
[283]
[286]
[198]
[198]
[272]
[84, 243, 274, 295]
[272]
[84, 243, 274, 295]
[283]
[295]
[298]
[297]
[51, 236]
[51, 236]
[239]
[198]
[184]
[184]
[184]
[]
[]
[184]
[84, 243, 274, 295]
[283]
[333]
[334]
[335, 336]
[335, 336]
[333]
[49, 50, 338]
[339]
[3, 4, 5, 6, 11, 12, 190, 191, 352]
[334]
[3, 4]
[3, 4]
[334]
[3, 4]
[3, 4]
[334]
[10]
[239]
[239]
[169]
[169]
[84, 243, 273, 274, 295]
[272]
[169]
[84, 243, 273, 274, 295]
[239]
[239]
[239]
[286]
[]
[340]
[341]
[]
[84, 243, 274, 295]
[10]
[183]
[10]
[334]
[343]
[343]
[283]
[283]
[]
[]
[]
[]
[]
[]
[]
[283]
[183]
[183]
[183]
[183]
[239]
[239]
[239]
[239]
[51, 236]
[272]
[3, 4, 5, 6, 11, 12, 190, 191, 352]
[]
[248, 249, 252, 253]
[248, 249, 252, 253]
[]
[]
[]
[]
[]
[]
[]
[]
[]
[169]
[169]
[3, 4]
[169]
[239]
[239]
[239]
[239]
[239]
[239]
[239]
[239]
[239]
[239]
[184]
[184]
[84, 243, 274, 295]
[]
[348, 349]
[]
[]
[51, 236]
[51, 236]
[3, 4, 5, 6, 11, 12, 190, 191, 352]
[273]
[240]
[240]
[240]
[240]
[240]
[240]
[240]
[240]
