0.3187840217537793
0.49293825508138855
0.21507032570577075
0.09269789668627058
0.09269789668627058
0
0
0.0674430476929675
0.0674430476929675
0
0
0.1414305679255449
0.1414305679255449
0.09269789668627058
0.09269789668627058
0
0
0.0674430476929675
0.0674430476929675
0
0
0.1757860783933462
0
0
0
0
0
0
0
0.09269789668627058
0.09269789668627058
0
0
0.0674430476929675
0.0674430476929675
0
0
0.1414305679255449
0.1414305679255449
0.20199309249791833
0.3360969272762575
0.3360969272762575
0.3360969272762575
0.3360969272762575
0.19431434016858148
0.8019783064439234
0.12735952979479356
0.12160331478619012
0.12160331478619012
0
0.12735952979479356
0.11664033394405068
0.2912194185636897
0.29121941856368966
0.44998865640718544
0.23773923857522394
0.44998865640718544
0.12488921638537048
0.7765145304745156
0.7765145304745156
1.0000000000000002
0.29121941856368966
0.19431434016858148
0.21288995074902353
0.22576484600261607
0.26055567105626243
0.2432303395419355
0.12488921638537048
0.43712848366061724
0.4070742159540886
0.2432303395419355
0.1707761131901165
0.13627634143908643
0.13627634143908643
0.33609692727625756
0.10371551133313005
0.22028815056182974
0.22028815056182974
0.06997254341808112
0.1272589870097525
0.26055567105626243
0.07734781234369076
0.26055567105626243
0.13039972000812775
0.10475117334177525
0.43598189308599733
0.10371551133313005
0.1414305679255449
0.19431434016858148
0.05629715757507138
0.17077611319011649
0.10371551133313005
0.17578607839334617
0.17578607839334617
0.1683103093291143
0.26055567105626243
0.04169673782898243
0.10371551133313005
0.26055567105626243
0.11671773546032797
0.10371551133313005
0.20592388986602383
0.12725898700975252
0.22028815056182974
0.19431434016858148
0.17077611319011649
0.19431434016858148
0.26055567105626243
0.2851290971128889
0.2851290971128889
0.22028815056182974
0.19765912494786977
0.19765912494786977
0.19765912494786977
0.1506401849870651
0.24129913647238913
0.24129913647238913
0
0
0
0.26055567105626243
0.26055567105626243
0
0
0.33609692727625756
0.33609692727625756
0
0.12488921638537048
0
0.20199309249791833
0.19431434016858148
0.20199309249791833
0.33609692727625756
0.13627634143908643
0.35547677795468396
0.2432303395419355
0.23773923857522394
0.23773923857522394
0.26055567105626243
0.19765912494786977
0.19765912494786977
0.19765912494786977
0.22028815056182974
0.09339537641256734
0.5803329846765686
1.0
0.12488921638537048
0.19261467065293908
0.20199309249791836
0.26055567105626243
0.12735952979479356
0.09867961797986957
0
0
0.6728984701822545
0.6569729210330907
0.29121941856368966
0.19431434016858148
0.2432303395419355
0.1757860783933462
0.1757860783933462
1.0
0.1707761131901165
0.17077611319011649
0.17077611319011649
0.19431434016858148
0
0.21660293961304938
0.12488921638537048
1.0000000000000002
1.0
0.17077611319011649
0.17077611319011649
0.1506401849870651
0.1506401849870651
0.1506401849870651
0.1506401849870651
0.17077611319011649
0.22028815056182968
0.26055567105626243
0.1707761131901165
0.5101490193104813
0.33609692727625756
0.33609692727625756
0.1506401849870651
0.15064018498706513
0.20608363501393825
0.161713780662529
0.12536693798731732
1.0000000000000002
1.0000000000000002
0.35547677795468396
0
0.19431434016858148
0.3289793451148285
0.3289793451148285
0.12488921638537048
0.13627634143908643
0.23297965480487529
0.26055567105626243
0.2432303395419355
0.12488921638537048
0.2432303395419355
0.1505569696020495
0.1505569696020495
0.20199309249791833
0.1414305679255449
0.2432303395419355
0.26055567105626243
0.26055567105626243
0.19431434016858148
0.2432303395419355
0.2432303395419355
0.36185286395021704
0.09339537641256734
0.14012086798868081
0.09339537641256734
1.0000000000000002
1.0000000000000002
0.42856934500914234
0.7092972666062738
0.1842030767483818
0.41120705506761873
0.3187840217537793
0.3187840217537793
0.44781879090055493
0.2432303395419355
0.13627634143908643
0.13627634143908643
0.13627634143908643
0.13627634143908643
0.33609692727625745
0.33609692727625745
0.33609692727625756
0
0
0.24121360667506989
0.15064018498706513
0.22028815056182974
0.31089077468139725
0.12735952979479354
0.1943143401685815
0
0
0.36771998046974713
0.31089077468139725
0.1707761131901165
0.1943143401685815
0.1707761131901165
0.1943143401685815
0
0
0.26055567105626243
0.17077611319011649
0
0
0.17077611319011649
0.17077611319011649
0.3360969272762575
0.3360969272762575
0.3360969272762575
0.3360969272762575
0
0
0.3360969272762575
0.3360969272762575
0.3360969272762575
0.3360969272762575
0
0
0.31878402175377923
0.5101490193104813
0.5029292651136352
0.47432980456918206
0.161713780662529
0.12536693798731732
0.09339537641256734
0
0
0
0.4494364165239822
0.26055567105626243
0.26055567105626243
0.26055567105626243
0.5101490193104813
0.33609692727625756
0.19431434016858148
0.22028815056182974
0.161713780662529
0.17721061083909428
0.22028815056182974
0.161713780662529
0.17721061083909428
0.17721061083909428
0.2432303395419355
0.19431434016858148
0.33609692727625756
0.16279449511971256
0.20199309249791833
0.20199309249791833
0.20199309249791833
0.20199309249791833
0.22028815056182968
0.3229629794991821
0.12488921638537048
0
0
0.2605556710562624
0.31125746752705374
0.31125746752705374
0.161713780662529
0.2432303395419355
0.27461178643580664
0.2912194185636897
0.17077611319011649
0.17077611319011649
0.1506401849870651
0.1506401849870651
0.1506401849870651
0.1506401849870651
0.17077611319011649
0.12735952979479356
0.12735952979479356
0.33609692727625756
0.14438355527738675
0.20199309249791833
0.12488921638537048
0.1505569696020495
0.1505569696020495
0.20199309249791833
0.1414305679255449
0.10152852403842218
0.10152852403842218
0.10152852403842218
0.10152852403842218
0.1362763414390864
0.3187840217537793
0.1362763414390864
0.3187840217537793
0.3360969272762575
0.20199309249791833
0.3360969272762575
1.0000000000000002
0.12160331478619012
0.22028815056182974
0.19765912494786977
0.19765912494786977
0.19765912494786977
0.1506401849870651
0.5878494230087148
0
0
0.12735952979479356
0.09427171364984963
0.09427171364984963
0.1757860783933462
0.1757860783933462
0.13378509294631244
0.10475117334177522
0.13378509294631244
0.10475117334177522
0.12735952979479356
0.12735952979479356
0
0.12488921638537048
0.13627634143908643
0.5031026124151314
0.33609692727625756
0.2910691023819054
0.26055567105626243
0.17077611319011649
0.26055567105626243
1.0000000000000002
1.0000000000000002
0.7060777744337089
0.7192918182472702
0.33609692727625756
0.12735952979479356
0.12735952979479356
0.3360969272762575
0.15055696960204953
0
0
0
0
0
0.2432303395419355
0.2432303395419355
0.5031026124151314
0.5031026124151314
0.7168117414430619
0.19431434016858148
0.5031026124151314
1.0000000000000002
0.18443191662261307
0.20199309249791841
1.0000000000000002
1.0000000000000002
1.0000000000000002
1.0000000000000002
1.0
0.7092972666062738
0.19431434016858148
0
0.11521554337793123
0.09269789668627058
0.11521554337793123
0.09269789668627058
0.19431434016858148
0.09269789668627058
0
0.15592892548708365
0
0.09269789668627058
0.15592892548708365
0
0.5031026124151314
0.41120705506761873
1.0000000000000002
1.0
1.0
0.5797386715376658
1.0000000000000002
0.33609692727625756
0.31125746752705374
0.31125746752705374
0.31125746752705374
0.31125746752705374
0.2432303395419355
1.0000000000000002
0.41120705506761873
0.41120705506761873
1.0
1.0000000000000002
1.0000000000000002
0.2605556710562624
0.43161341897075156
0.2605556710562624
0.22028815056182974
0.22028815056182974
0.19431434016858148
0.2605556710562624
0.22028815056182974
0.22028815056182974
0.2605556710562624
0.2605556710562624
0.33609692727625756
0.09427171364984963
0.09427171364984963
0.368023208756115
0.48097310796014436
0.5684901084069616
0.3289793451148285
0.3289793451148285
0.2834676309965716
0.3187840217537793
0.3187840217537793
0.44998865640718544
0.5878494230087148
0.30398306496622574
0.44998865640718544
0.44998865640718544
0.30398306496622574
0.30398306496622574
0.44998865640718544
0.23773923857522394
0.44998865640718544
0.23773923857522394
0.23773923857522394
0.3187840217537793
0.3187840217537793
0.3187840217537793
0.11664033394405066
0.11664033394405066
0.11664033394405066
0.11664033394405066
0.33609692727625756
0.33609692727625756
0.22028815056182968
0.22028815056182968
0.33609692727625756
0.33609692727625756
0
0.17077611319011649
0.17077611319011649
0.08768681980142447
0.06437099366532754
0.19431434016858148
0.26055567105626243
0.19431434016858148
0.26055567105626243
0.17721061083909428
1.0000000000000002
0.26055567105626243
1.0
0.19431434016858148
0.20608363501393823
0.17077611319011649
0.12488921638537048
0.23773923857522394
0.23773923857522394
0.2695176132460322
0
0
0.2695176132460322
0.19431434016858148
0.17077611319011649
0.4494364165239821
0.5031026124151314
0.2910691023819054
0.2910691023819054
0.5797386715376658
0.6728984701822545
0.6569729210330907
0.29121941856368966
0.4112070550676187
0.22028815056182974
0.22028815056182974
0.3187840217537793
0.1707761131901165
0.20400761299949288
0.3187840217537793
0.26055567105626243
0.17077611319011649
0.17077611319011649
0.161713780662529
0.161713780662529
0.1757860783933462
0.2605556710562624
0.14976221961074723
0.1757860783933462
0.17077611319011649
0.17077611319011649
0.17077611319011649
0.2432303395419355
0
1.0000000000000002
1.0
0
0.26055567105626243
0.26055567105626243
0.5259774260916042
0.09339537641256734
0.3187840217537793
1.0000000000000002
0.7092972666062739
0.26055567105626243
0.2432303395419355
0
0
0
0
0
0
0
0.2432303395419355
0.44998865640718544
0.2851290971128889
0.44998865640718544
0.2851290971128889
0.17077611319011649
0.20199309249791833
0.20199309249791833
0.20199309249791833
0.3423901861134989
0.22028815056182968
0.29121941856368966
0
0.24129913647238913
0.24129913647238913
0
0
0
0
0
0
0
0
0
0.161713780662529
0.161713780662529
0.1707761131901165
0.14976221961074723
0.17077611319011649
0.17077611319011649
0.17077611319011649
0.17077611319011649
0.17077611319011649
0.17077611319011649
0.17077611319011649
0.17077611319011649
0.17077611319011649
0.17077611319011649
0.23773923857522394
0.23773923857522394
0.1166403339440507
0
0.13627634143908643
0
0
0.12735952979479356
0.12735952979479356
0.23790309463326234
0.2605556710562624
0.0787446034559451
0.0787446034559451
0.0845798608014702
0.0845798608014702
0.0845798608014702
0.0845798608014702
0.0787446034559451
0.0787446034559451
