1.0000000000000002
0.29121941856368966
0.29121941856368966
0.2654344549617171
0.2654344549617171
0.3561776636856882
0.4363080696344093
0.2695176132460323
0.09349477497536718
0.24121360667506989
0.24478531173455215
0.17578607839334617
0
0.5883635900492963
0.5883635900492963
0.474330706497194
0.474330706497194
0.5193879933129156
0.5193879933129156
0.5193879933129156
0.5193879933129156
0.5883635900492963
0.5883635900492963
0.6392306240536286
0.6392306240536286
0.5193879933129156
0.5193879933129156
0.474330706497194
0.474330706497194
0.474330706497194
0.474330706497194
0.6392306240536286
0.6392306240536286
0
0.2605556710562624
0.5797386715376658
0.22028815056182968
0.22028815056182968
0.26055567105626243
0.5883635900492963
0.5883635900492963
0.474330706497194
0.474330706497194
0.5193879933129156
0.5193879933129156
0.5193879933129156
0.5193879933129156
0.5358559548726152
0.31089077468139725
0.6392306240536286
0.6392306240536286
0.5193879933129156
0.5193879933129156
0.474330706497194
0.474330706497194
0.474330706497194
0.474330706497194
0.5358559548726152
0.36771998046974713
0.5883635900492963
0.5883635900492963
0.474330706497194
0.474330706497194
0.5193879933129156
0.5193879933129156
0.5193879933129156
0.5193879933129156
0.5883635900492963
0.5883635900492963
0.6392306240536286
0.6392306240536286
0.5193879933129156
0.5193879933129156
0.474330706497194
0.474330706497194
0.474330706497194
0.474330706497194
0.6392306240536286
0.6392306240536286
0.8181802073667197
0.5031026124151314
0.5031026124151314
0.5031026124151314
0.5031026124151314
0.5031026124151314
0
0.26055567105626243
0.6029748160380572
0.6029748160380572
0.6029748160380572
0.6029748160380572
0.5358559548726152
0.5358559548726152
0.5358559548726152
0.6694188517266485
0.5031026124151314
0.6694188517266485
0.5031026124151314
0.6029748160380571
0.6029748160380571
0.5586177528223194
0.5586177528223194
0.5586177528223194
0.5586177528223194
0.7799154245579976
0.7799154245579976
0.8181802073667197
1.0
1.0
1.0
1.0000000000000002
0.5031026124151314
0.5031026124151314
0.5031026124151314
0.5031026124151314
0.5031026124151314
0.5031026124151314
0.5101490193104813
0.6029748160380572
0.6029748160380572
0.6694188517266485
0.6694188517266485
0.6694188517266485
0.6694188517266485
0.6029748160380572
1.0
0.6029748160380572
0.6029748160380572
0.835049905752098
0.8200207392821179
0.5031026124151314
0.5031026124151314
0.5031026124151314
0.5031026124151314
0.5031026124151314
0.5031026124151314
0.5101490193104813
0.6029748160380572
0.6029748160380572
0.6694188517266485
0.6694188517266485
0.6694188517266485
0.6694188517266485
0.6029748160380572
0.5101490193104813
0.5101490193104813
0.5023287782256718
0.5023287782256718
0.5023287782256718
0.5023287782256718
0.5797386715376658
0.5797386715376658
0.5797386715376658
0.5797386715376658
0.5797386715376658
0.5797386715376658
0.5797386715376658
0.5797386715376658
0.5797386715376658
0.5797386715376658
0.5797386715376658
0.5797386715376658
0.5797386715376658
0.5797386715376658
0.5797386715376658
0.5797386715376658
0.5797386715376658
0.5797386715376658
0.5797386715376658
0.5797386715376658
0.5797386715376658
0.5797386715376658
0.5031026124151314
1.0
1.0
0.26055567105626243
1.0
0.26055567105626243
0.6029748160380572
0.12735952979479354
0.16836842163679847
0.38755725536725033
0.38755725536725033
0.4109954639349511
0.4109954639349511
0.5031026124151314
0.7168117414430619
0.7168117414430619
0.6029748160380572
0.5166133397257213
0.5166133397257213
0.5166133397257213
0.6694188517266485
0.8181802073667197
1.0
1.0
1.0
1.0
1.0000000000000002
1.0000000000000002
1.0000000000000002
1.0
1.0
1.0000000000000002
1.0000000000000002
1.0000000000000002
1.0
1.0
0.3137485720767638
0.20199309249791833
0.5031026124151314
0.6694188517266485
0.20199309249791833
0.33609692727625756
0.5031026124151314
0.4501755023269898
1.0
0.6694188517266485
0.6694188517266485
0.7168117414430619
0.5166133397257213
0.5166133397257213
0.5166133397257213
0.6029748160380572
1.0
1.0
0.33609692727625756
1.0
0.8586557982260815
0.8477624970048976
0.26055567105626243
0.31888272749308844
0.31888272749308844
0.26055567105626243
0
0.26055567105626243
1.0000000000000002
1.0000000000000002
1.0000000000000002
0.8181802073667197
0.12735952979479354
0.2605556710562624
0
0.43161341897075156
0.161713780662529
0.2038037084651848
0
0
0.43161341897075156
0.274234159180337
0.3357505939425341
0.3357505939425341
0.27423415918033694
0.274234159180337
0.3357505939425341
0.3357505939425341
0.27423415918033694
0.274234159180337
0.33575059394253404
0.33575059394253404
0.27423415918033694
0.274234159180337
0.27423415918033694
0.4112070550676187
0.5031026124151314
0.5031026124151314
0.4112070550676187
0.4112070550676187
0.4112070550676187
0.274234159180337
0.3357505939425341
0.3357505939425341
0.27423415918033694
0.274234159180337
0.3357505939425341
0.3357505939425341
0.27423415918033694
0.274234159180337
0.33575059394253404
0.33575059394253404
0.27423415918033694
0.33575059394253404
0.33575059394253404
0.4112070550676187
0.5031026124151314
0.5031026124151314
0.4112070550676187
0.5031026124151314
0.5031026124151314
0.274234159180337
0.3357505939425341
0.3357505939425341
0.27423415918033694
0.274234159180337
0.3357505939425341
0.3357505939425341
0.27423415918033694
0.274234159180337
0.33575059394253404
0.33575059394253404
0.27423415918033694
0.33575059394253404
0.33575059394253404
0.4112070550676187
0.5031026124151314
0.5031026124151314
0.4112070550676187
0.5031026124151314
0.5031026124151314
1.0
0
0.1707761131901165
0.20199309249791841
0.20199309249791841
0.19976381413756955
0.30860574183105294
0.4112070550676187
0.4112070550676187
0.4112070550676187
0.4112070550676187
0.4112070550676187
0.4112070550676187
0.4112070550676187
0.4112070550676187
0.5101490193104813
0.5101490193104813
0.6029748160380572
0.29121941856368966
0.5803329846765686
0.5031026124151314
0.5101490193104813
0.3049019020429624
0.3049019020429624
0.5193879933129156
0.5193879933129156
0.7422604478710504
1.0
1.0
1.0
1.0000000000000002
1.0
0.2605556710562624
0.2605556710562624
1.0
1.0
1.0000000000000002
1.0000000000000002
1.0000000000000002
1.0000000000000002
1.0
0.5031026124151314
0.29121941856368966
0.29121941856368966
0.29121941856368966
0.29121941856368966
0.29121941856368966
0.29121941856368966
0.29121941856368966
0.29121941856368966
0.29121941856368966
0.3360969272762575
0.3360969272762575
0.3360969272762575
0.3360969272762575
0.3360969272762575
0.3360969272762575
0.3360969272762575
0.3360969272762575
0.3360969272762575
0.3360969272762575
0.3360969272762575
0.3360969272762575
0.3360969272762575
0.3360969272762575
0.3360969272762575
0.3360969272762575
0.3360969272762575
0.3360969272762575
0.3360969272762575
0.3360969272762575
0.3360969272762575
0.3360969272762575
0.8181802073667197
0.8181802073667197
0.8181802073667197
0.5031026124151314
0.40735260428856745
0.6348087971775132
0.40735260428856745
0.3408242166238352
0.31125746752705374
1.0
1.0
1.0000000000000002
1.0000000000000002
0.4365100626191064
0.8019783064439234
0.6694188517266485
0.8680942667801238
0.8680942667801238
1.0
0.5031026124151314
0.2523342014336961
1.0
1.0
1.0
0.6029748160380572
0.6029748160380572
0.5031026124151314
0.8019783064439234
0.274234159180337
0.3875572553672504
0.3875572553672504
0.31089077468139725
0.274234159180337
0.3875572553672504
0.3875572553672504
0.4498517039243882
0.274234159180337
0.437817639665741
0.437817639665741
0.4498517039243882
0.31089077468139725
0.437817639665741
0.437817639665741
0.27423415918033694
0.4110653709825173
0.46276652071713853
0.46276652071713853
0.4110653709825173
1.0
0.4765509220328154
0.4902590216547066
0.4902590216547066
0.31089077468139725
0.4765509220328154
0.4902590216547066
0.4902590216547066
0.31884954143308364
0.4765509220328154
0.4902590216547066
0.4902590216547066
0.3360969272762575
0.4765509220328154
0.4902590216547066
0.4902590216547066
0.3360969272762575
0.5578537967865123
0.4902590216547066
0.4902590216547066
0.4498517039243882
0.5578537967865123
0.4902590216547066
0.4902590216547066
0.4498517039243882
0.43161341897075156
0.43161341897075156
0.29121941856368966
0.3878234487381085
0.3878234487381085
0.3360969272762575
0.29121941856368966
0.3878234487381085
0.3878234487381085
0.3360969272762575
0.29121941856368966
0.3878234487381085
0.3878234487381085
0.4498517039243882
0.29121941856368966
0.3878234487381085
0.3878234487381085
0.4498517039243882
0.29121941856368966
0.3878234487381085
0.3878234487381085
0.3360969272762575
0.4109954639349511
0.3878234487381085
0.3878234487381085
0.474330706497194
0.26055567105626243
0.20199309249791833
0.6029748160380571
0.6029748160380571
0.5586177528223194
0.5586177528223194
0.5586177528223194
0.5586177528223194
0.7799154245579976
0.7799154245579976
0
0.368023208756115
0.33609692727625756
0.33609692727625756
0.33609692727625756
0.5707321656190854
0.26055567105626243
0.22028815056182968
0.33609692727625756
0.3563004293331381
0.33609692727625756
0.20199309249791836
0.33609692727625756
0.1707761131901165
0.22028815056182974
0.33609692727625756
0.3137485720767638
0.5029292651136352
0.28530619098136084
0.2857557957601248
0.3051986974492384
1.0
1.0
0.2720902584969815
0.2019930924979183
0.09349477497536716
0
0.368023208756115
0.36771998046974713
0.3530183554615528
0.09339537641256734
0
0.5186692904426229
1.0
0.8181802073667197
1.0000000000000002
1.0000000000000002
1.0
1.0
0.4494364165239821
0.5797386715376658
0.7321049202512239
1.0000000000000002
0.4494364165239821
0.5797386715376658
0.4494364165239821
0.5797386715376658
0.36771998046974713
0.36771998046974713
0.5029292651136352
0.5029292651136352
0.36771998046974713
0.36771998046974713
0.36771998046974713
0.36771998046974713
0.26055567105626243
0.7092972666062739
0.9055499650942063
0.9055499650942063
0.33609692727625756
0.33609692727625756
0.5025416164708769
0.33609692727625756
0.2605556710562624
0.26055567105626243
0.641764556549105
0.5023287782256718
0.5023287782256718
0.33609692727625756
0.33609692727625756
0.36063637327073034
0.36063637327073034
0.36063637327073034
0.36063637327073034
0.2605556710562624
0.41036264495218466
0.41036264495218466
0.41036264495218466
0.41036264495218466
0.2605556710562624
0.19431434016858148
0.8477624970048976
1.0
0.4576241622696326
0.4576241622696326
0.5727393584196198
0.2605556710562624
0.6392306240536286
0.5727393584196198
0.2202881505618297
0.22576484600261607
0.26055567105626243
0.26951761324603224
0.2912194185636897
0.33609692727625756
0.161713780662529
0.2038037084651848
0.2202881505618297
0.18517259870896235
0.1505569696020495
0.2202881505618297
0.18517259870896235
0.1505569696020495
0.161713780662529
0.2038037084651848
0.6029748160380572
0.6029748160380572
0.2605556710562624
0.2605556710562624
0.20199309249791836
0.20199309249791836
0.33609692727625745
0.33609692727625745
0.33609692727625756
0.33609692727625756
0.33609692727625756
0.33609692727625756
0.6694188517266485
0.3677199804697471
0.2853061909813609
0.48097310796014436
0.2605556710562624
0
0
0.30860574183105294
0
0
0.3777671948319832
0.3360969272762575
0.3360969272762575
0.3360969272762575
0.3360969272762575
0.3360969272762575
0
0
0.3360969272762575
0.3360969272762575
0.3360969272762575
0.3360969272762575
0
0
0.5031026124151314
0.6694188517266485
0.33609692727625756
0.3851935988741881
0.12536693798731732
0.38223656965877456
0.5586177528223194
0.4109954639349511
0.4109954639349511
1.0000000000000002
0.5031026124151314
0.30061423056740605
0.22028815056182974
0.3360969272762575
0.4112070550676187
0.23790309463326234
1.0000000000000002
1.0
1.0
1.0
0.6694188517266485
0.43161341897075156
1.0000000000000002
1.0000000000000002
1.0000000000000002
1.0000000000000002
1.0
1.0000000000000002
0.41036264495218466
0.7060777744337089
0.7060777744337089
0.40735260428856745
0.4112070550676187
0.22576484600261607
0.20613696606828605
0.22576484600261607
1.0
0.6949450440198666
0.6694188517266486
1.0
1.0
1.0000000000000002
1.0000000000000002
1.0000000000000002
1.0000000000000002
1.0
0.43161341897075156
0.43161341897075156
0.3561776636856882
0.8181802073667197
0.8181802073667197
1.0000000000000002
0.33609692727625756
0.36802320875611494
0.20199309249791833
1.0
0.42113589132819584
0.42113589132819584
0.2605556710562624
0.38755698144342293
0.8901087250340666
0.8901087250340666
0.5485297816691113
0.5485297816691113
0.3563004293331381
0.3563004293331381
0.26055567105626243
0.26055567105626243
0.8181802073667197
1.0000000000000002
0.6029748160380572
0.6029748160380572
0.6029748160380572
0.5101490193104813
0.6029748160380572
0.5166133397257213
0.5166133397257213
0.5166133397257213
0.6694188517266485
0.1707761131901165
0.7799154245579976
0.43161341897075156
0.42882788487864365
0.42882788487864365
0.28070494092026044
0.30490190204296247
0.41251639250773253
0.41251639250773253
0.41251639250773253
0.33609692727625756
1.0
0.716811741443062
0.716811741443062
1.0000000000000002
1.0000000000000002
0.5803329846765686
0.5029292651136352
0.3467689721338578
1.0
0.5031026124151314
1.0000000000000002
1.0000000000000002
0.5101490193104813
0.8019783064439234
1.0000000000000002
0.4365100626191064
0.4365100626191064
0.3360969272762575
0.26055567105626243
0.26055567105626243
0.7799154245579976
0.33609692727625756
0.2912194185636897
0.1505569696020495
1.0
1.0
0.4112070550676187
1.0000000000000002
1.0000000000000002
1.0000000000000002
0.38755725536725033
0.38755725536725033
0.3563004293331381
0.31867418263037295
0.31867418263037295
0.33609692727625745
0.33609692727625745
0.33609692727625745
0.33609692727625745
0.3561776636856882
0.3561776636856882
0.38087260847594373
0.38087260847594373
0.38087260847594373
0.38087260847594373
1.0000000000000002
0.33609692727625756
0.33609692727625756
0.26055567105626243
0.33609692727625756
0.5586177528223194
0.5031026124151314
1.0000000000000002
1.0000000000000002
1.0000000000000002
1.0000000000000002
1.0
1.0
0.6694188517266485
0.5031026124151314
0.716811741443062
0.8019783064439234
0.716811741443062
0.8019783064439234
0.6694188517266485
0.8019783064439234
0.5031026124151314
0.5803329846765686
0.5031026124151314
0.3808165329771115
0.5101490193104813
0.5031026124151314
1.0000000000000002
1.0000000000000002
1.0000000000000002
1.0
1.0
0.5797386715376658
0.5797386715376658
0.7092972666062739
0.5797386715376658
0.5797386715376658
0.5797386715376658
0.5797386715376658
1.0
0.38087260847594373
0.38087260847594373
0.8181802073667197
1.0000000000000002
1.0000000000000002
1.0000000000000002
1.0
1.0000000000000002
1.0000000000000002
0.43161341897075156
1.0000000000000002
0.4112070550676187
1.0
0.31878402175377923
0.26055567105626243
0.29121941856368966
0.5031026124151314
0.4112070550676187
0.4112070550676187
0.31878402175377923
0.4112070550676187
0.26951761324603224
0.43161341897075156
0.31878402175377923
0.26055567105626243
0.26951761324603224
0.26055567105626243
0.33609692727625756
0.5031026124151314
0.41120705506761873
0.2655714473159557
0.2655714473159557
1.0000000000000004
1.0000000000000002
0.6029748160380572
0.8680942667801238
0.8680942667801238
0.48321232863706187
0.4105706275690852
0.4105706275690852
0.5179951116537341
0.5179951116537341
0.5179951116537341
0.5803329846765686
0.4105706275690852
0.4105706275690852
0.48321232863706187
0.4105706275690852
0.4105706275690852
0.372668139334566
0.372668139334566
0.3366356792755909
0.3366356792755909
0.2605556710562624
0.33609692727625756
0.368023208756115
0.368023208756115
0.5797386715376658
0.5797386715376658
0.3360969272762575
0.368023208756115
0.368023208756115
0.33609692727625756
0.6694188517266485
0.5031026124151314
0.6694188517266485
0.5031026124151314
0.5023287782256718
0.6348087971775132
0.6348087971775132
0.5023287782256718
0.5023287782256718
0.6348087971775132
0.6348087971775132
0.5023287782256718
0.5023287782256718
0.6348087971775132
0.6348087971775132
0.5023287782256718
0.5023287782256718
0.6348087971775132
0.6348087971775132
0.5023287782256718
0.4112070550676187
0.5031026124151314
0.5031026124151314
0.4112070550676187
0.4112070550676187
0.5031026124151314
0.5031026124151314
0.4112070550676187
1.0000000000000002
0.2605556710562624
0.368023208756115
0.33609692727625756
0.22028815056182974
1.0
0.2605556710562624
0.3278707471841718
0.2605556710562624
0.2853061909813609
0.40735260428856745
0.3563004293331381
0.22028815056182968
1.0
0.5744651733947117
0.5415443207343178
0.5744651733947117
0.5415443207343178
0.5744651733947117
0.5415443207343178
1.0
0.6694188517266485
0.6694188517266485
0.515936647417777
0.3360969272762575
0.26055567105626243
0.12254598128043984
0
0
0.1309780507669872
0
0
0.1414305679255449
0.1414305679255449
0.1414305679255449
0.1414305679255449
0
0.8181802073667197
0.6029748160380572
0.6201272584968652
0.6201272584968652
0.5101490193104813
0.3360969272762575
0.6201272584968652
0.6201272584968652
0.29121941856368966
0.474330706497194
0.6201272584968652
0.6201272584968652
0.29121941856368966
0.38087260847594373
0.3720557314537373
0.302425077123182
1.0000000000000002
1.0000000000000002
0.33609692727625756
0.3563004293331381
1.0000000000000002
0.33609692727625756
0.5031026124151314
0.33609692727625756
1.0000000000000002
1.0000000000000002
1.0000000000000002
0.6029748160380572
0.4576241622696326
0.4576241622696326
0.716811741443062
0.3563004293331381
0.6392306240536286
0.716811741443062
0.5031026124151314
1.0
1.0
1.0
1.0
1.0
1.0
0.8181802073667197
0.24323033954193546
0.20199309249791841
1.0000000000000002
1.0
0.33609692727625756
0.33609692727625756
0.4112070550676187
0.4112070550676187
0.31089077468139725
0.4333009465089471
0.4333009465089471
0.4112070550676187
0.31089077468139725
0.31089077468139725
0.4112070550676187
0.4112070550676187
0.31089077468139725
0.4333009465089471
0.4333009465089471
0.4112070550676187
0.31089077468139725
0.31089077468139725
0.4110653709825173
0.6350012214071283
0.31089077468139725
0.4333009465089471
0.4333009465089471
0.4110653709825173
0.31089077468139725
0.4110653709825173
0.31089077468139725
0.31089077468139725
0.31089077468139725
0.4109954639349511
0.4109954639349511
0.31089077468139725
0.31089077468139725
0.31089077468139725
0.31089077468139725
0.31089077468139725
0.31089077468139725
0.4109954639349511
0.4109954639349511
0.31089077468139725
0.31089077468139725
0.31089077468139725
0.31089077468139725
0.31089077468139725
0.31089077468139725
0.4109954639349511
0.4109954639349511
0.31089077468139725
0.31089077468139725
0.31089077468139725
0.3137485720767638
0.3137485720767638
0.31089077468139725
0.31089077468139725
0.31089077468139725
0.4109954639349511
0.4109954639349511
0.31089077468139725
0.31089077468139725
0.31089077468139725
0.31089077468139725
0.31089077468139725
0.31089077468139725
0.4109954639349511
0.4109954639349511
0.31089077468139725
0.31089077468139725
0.31089077468139725
0.31089077468139725
0.31089077468139725
0.31089077468139725
0.4109954639349511
0.4109954639349511
0.31089077468139725
0.31089077468139725
0.31089077468139725
0.31089077468139725
0.31089077468139725
0.31089077468139725
0.4109954639349511
0.4109954639349511
0.31089077468139725
0.31089077468139725
0.31089077468139725
0.31089077468139725
0.31089077468139725
0.31089077468139725
0.4109954639349511
0.4109954639349511
0.31089077468139725
0.31089077468139725
0.31089077468139725
0.31089077468139725
0.31089077468139725
0.31089077468139725
0.4109954639349511
0.4109954639349511
0.31089077468139725
0.31089077468139725
0.31089077468139725
0.5031026124151314
0.8958999951937023
1.0
0.27423415918033694
0.29667236689709053
0.27423415918033694
0.29667236689709053
0.7168117414430619
1.0000000000000002
1.0000000000000002
0.5023287782256718
0.5797386715376658
1.0
0.2523342014336961
1.0000000000000002
1.0
1.0
1.0
1.0
1.0
1.0
0.7168117414430619
0.6327904583679945
0.6327904583679945
0.6327904583679945
1.0
0.3360969272762575
0.4498517039243882
0.4498517039243882
0.474330706497194
0.474330706497194
0.4498517039243882
0.3360969272762575
0.4498517039243882
0.29121941856368966
0.29121941856368966
0.4109954639349511
0.36802320875611494
0.36802320875611494
0.4109954639349511
0.29121941856368966
0.29121941856368966
0.3360969272762575
0.4498517039243882
0.4498517039243882
0.474330706497194
0.474330706497194
0.4498517039243882
0.3360969272762575
0.4498517039243882
0.36771998046974713
0.36771998046974713
0.36771998046974713
0.36771998046974713
0.36771998046974713
0.36771998046974713
0.36771998046974713
0.36771998046974713
0.36771998046974713
0.36771998046974713
0.36771998046974713
0.36771998046974713
0.36771998046974713
0.36771998046974713
0.36771998046974713
0.36771998046974713
0.26055567105626243
0.38087260847594373
1.0
1.0
1.0
1.0
1.0
1.0
1.0000000000000002
1.0000000000000002
1.0000000000000002
1.0000000000000002
1.0000000000000002
0.45017550232698994
0.45017550232698994
0.4112070550676187
0.41120705506761873
0.6029748160380571
0.6029748160380571
0.5586177528223194
0.5586177528223194
0.5586177528223194
0.5586177528223194
0.7799154245579976
0.7799154245579976
0.31089077468139725
0.31089077468139725
0.31089077468139725
0.31089077468139725
0.31089077468139725
0.31089077468139725
0.31089077468139725
0.31089077468139725
0.31089077468139725
0.31089077468139725
0.31089077468139725
0.31089077468139725
0.31089077468139725
0.31089077468139725
0.31089077468139725
0.31089077468139725
0.31089077468139725
0.31089077468139725
0.31089077468139725
0.31089077468139725
0.31089077468139725
0.31089077468139725
0.31089077468139725
0.31089077468139725
0.31089077468139725
0.31089077468139725
0.31089077468139725
0.31089077468139725
0.4112070550676187
0.4112070550676187
0.4112070550676187
0.4112070550676187
0.4112070550676187
0.4112070550676187
0.4112070550676187
0.4112070550676187
0.4112070550676187
0.4112070550676187
0.4112070550676187
0.4112070550676187
0.4112070550676187
0.4112070550676187
0.4112070550676187
0.4112070550676187
0.4112070550676187
0.4112070550676187
0.4112070550676187
0.4112070550676187
0.4112070550676187
0.4112070550676187
0.4112070550676187
0.4112070550676187
0.4112070550676187
0.4112070550676187
0.4112070550676187
0.4112070550676187
0.4112070550676187
0.4112070550676187
0.4112070550676187
0.4112070550676187
0.4112070550676187
0.4112070550676187
0.4112070550676187
0.4112070550676187
0.4112070550676187
0.4112070550676187
0.4112070550676187
0.4112070550676187
0.4112070550676187
0.4112070550676187
0.4112070550676187
0.4112070550676187
0.4112070550676187
0.4112070550676187
0.4112070550676187
0.4112070550676187
0.4112070550676187
0.4112070550676187
0.4112070550676187
0.4112070550676187
0.4112070550676187
0.4112070550676187
0.4112070550676187
0.4112070550676187
0.4112070550676187
0.4112070550676187
0.4112070550676187
0.4112070550676187
0.1707761131901165
0.17077611319011649
0.14438355527738672
0.22028815056182974
0.161713780662529
0.7357532581618296
0.7168117414430621
0.2480853824889377
0.2480853824889377
0.1757860783933462
0.47801692047446154
0.38081653297711143
0.33609692727625756
0.33609692727625756
0.4365100626191064
0.4365100626191064
0.25213870694526264
0.35120023607150974
1.0
1.0000000000000002
1.0000000000000002
1.0000000000000002
0.6029748160380571
0.6029748160380571
0.5586177528223194
0.5586177528223194
0.5586177528223194
0.5586177528223194
0.7799154245579976
0.7799154245579976
