[0]
[1, 16]
[1, 16]
[2]
[3]
[4]
[3, 13]
[6]
[1, 16]
[3, 13]
[1, 16]
[314]
[1, 16]
[3, 13]
[1, 16]
[3, 13]
[1, 16]
[1, 16]
[0, 73, 154, 292]
[0, 73, 154, 292]
[12]
[0, 73, 154, 292]
[56]
[56]
[56]
[56]
[12]
[0, 73, 154, 292]
[88, 89, 92, 93]
[0, 73, 154, 292]
[]
[282, 283]
[282, 283]
[53]
[282, 283]
[282, 283]
[53]
[148, 267]
[0, 73, 154, 292]
[0, 73, 154, 292]
[]
[148, 267]
[0, 73, 154, 292]
[148, 267]
[148, 267]
[71, 282, 283, 284, 285, 290, 291, 294, 295]
[148, 267]
[148, 267]
[148, 267]
[148, 267]
[9]
[9]
[153]
[153]
[153]
[9]
[9]
[9]
[12]
[9]
[9]
[9]
[153]
[153]
[153]
[153]
[9]
[9]
[153]
[153]
[153]
[9]
[153]
[9]
[99]
[9]
[99]
[0, 73, 154, 292]
[9]
[9]
[9]
[9]
[226]
[226]
[226]
[226]
[226]
[226]
[226]
[226]
[226]
[226]
[56]
[226]
[226]
[226]
[315]
[315]
[99]
[0, 73, 154, 292]
[9]
[52]
[53]
[54, 55]
[54, 55]
[52]
[148, 267]
[148, 267]
[57]
[]
[148, 267]
[0, 73, 154, 292]
[148, 267]
[148, 267]
[]
[]
[282, 283]
[17]
[17]
[226]
[269]
[262]
[262]
[262]
[262]
[99]
[230, 231, 350, 351]
[230, 231, 350, 351]
[352]
[153]
[0, 73, 154, 292]
[0, 73, 154, 292]
[153]
[272, 273, 286, 287, 288, 289, 352]
[0, 73, 154, 292]
[153]
[0, 73, 154, 292]
[148, 267]
[148, 267]
[148, 267]
[153]
[0, 73, 154, 292]
[0, 73, 154, 292]
[153]
[249, 250]
[153]
[148, 267]
[148, 267]
[148, 267]
[0, 73, 154, 292]
[153]
[153]
[0, 73, 154, 292]
[12]
[153]
[53]
[352]
[0, 73, 154, 292]
[0, 73, 154, 292]
[249, 250]
[316]
[62, 281, 317]
[17]
[]
[]
[53]
[53]
[63, 65, 66]
[63, 65, 66]
[63, 65, 66]
[63, 65, 66]
[139]
[314]
[226]
[]
[]
[]
[]
[0, 73, 154, 292]
[0, 73, 154, 292]
[153]
[56]
[153]
[56]
[148, 267]
[148, 267]
[72]
[262]
[262]
[262]
[73]
[74, 75]
[74, 75]
[76]
[74, 75]
[0, 73, 154, 292]
[]
[148, 267]
[148, 267]
[148, 267]
[148, 267]
[0, 73, 154, 292]
[148, 267]
[]
[148, 267]
[]
[148, 267]
[148, 267]
[]
[94]
[74, 75]
[]
[242]
[9]
[228]
[0, 73, 154, 292]
[0, 73, 154, 292]
[17]
[0, 73, 154, 292]
[0, 73, 154, 292]
[17]
[17]
[97]
[97]
[99]
[262]
[53]
[53]
[262]
[262]
[263]
[262]
[262]
[263]
[263]
[262]
[263]
[262]
[263]
[263]
[53]
[53]
[53]
[56]
[56]
[56]
[56]
[314]
[9]
[9]
[]
[64]
[64]
[0, 73, 154, 292, 316]
[315]
[64]
[0, 73, 154, 292, 316]
[314]
[0, 73, 154, 292]
[132]
[133]
[134]
[135]
[135]
[0, 73, 154, 292]
[0, 73, 154, 292]
[9]
[0, 73, 154, 292]
[137]
[137]
[9]
[17]
[17]
[315]
[226]
[99, 315]
[53]
[99]
[0, 73, 154, 292]
[]
[142]
[143]
[]
[0, 73, 154, 292]
[78, 79, 82, 83]
[78, 79, 82, 83]
[]
[]
[]
[]
[]
[]
[]
[]
[]
[78, 79, 82, 83]
[78, 79, 82, 83]
[]
[]
[]
[316]
[315]
[]
[]
[315]
[316]
[]
[315]
[71, 282, 283, 284, 285, 290, 291, 294, 295]
[71, 282, 283, 284, 285, 290, 291, 294, 295]
[316]
[144, 146, 147]
[145]
[71, 282, 283, 284, 285, 290, 291, 294, 295]
[144, 146, 147]
[145]
[71, 282, 283, 284, 285, 290, 291, 294, 295]
[148]
[148, 267]
[78, 79, 82, 83]
[78, 79, 82, 83]
[78, 79, 82, 83]
[316]
[0, 73, 154, 292]
[78, 79, 82, 83]
[78, 79, 82, 83]
[78, 79, 82, 83]
[147]
[0, 73, 154, 292]
[78, 79, 82, 83]
[78, 79, 82, 83]
[78, 79, 82, 83]
[147]
[263]
[263]
[57]
[270, 271]
[0, 73, 154, 292]
[]
[228]
[53]
[228]
[53]
[314]
[]
[]
[316]
[315]
[316]
[315]
[315]
[316]
[]
[]
[]
[]
[262]
[53]
[263]
[263]
[263]
[262]
[315]
[0, 73, 154, 292]
[315]
[0, 73, 154, 292]
[69]
[262]
[263]
[262]
[228]
[226]
[226]
[144, 146, 147, 226]
[144, 146, 147, 226]
[144, 146, 147, 226]
[144, 146, 147, 226]
[144, 146, 147, 226]
[99]
[64]
[64]
[262]
[262]
[262]
[262]
[226]
[226]
[226]
[226]
[148, 267]
[154]
[157]
[156]
[53]
[242]
[53]
[59]
[59]
[]
[]
[302, 303]
[302, 303]
[]
[]
[56]
[56]
[59]
[59]
[]
[]
[302, 303]
[302, 303]
[]
[]
[56]
[]
[]
[]
[]
[]
[]
[]
[59]
[59]
[]
[]
[302, 303]
[302, 303]
[]
[]
[56]
[56]
[0, 73, 154, 292]
[0, 73, 154, 292]
[315]
[314]
[86, 87, 90, 91]
[86, 87, 90, 91]
[262]
[262]
[226]
[226]
[144, 146, 147, 226]
[144, 146, 147, 226]
[144, 146, 147, 226]
[144, 146, 147, 226]
[144, 146, 147, 226]
[308]
[308]
[263]
[]
[]
[263]
[225]
[226]
[227]
[228]
[229]
[314]
[314, 315, 316]
[]
[226]
[226]
[314]
[314]
[230, 231, 350, 351]
[230, 231, 350, 351]
[230, 231, 350, 351]
[230, 231, 350, 351]
[230, 231, 350, 351]
[230, 231, 350, 351]
[232]
[]
[]
[253, 257]
[9]
[148, 255, 259, 267]
[252, 256]
[254, 258]
[148, 267]
[]
[]
[237, 239, 241, 243, 246, 251]
[254, 258]
[255, 259]
[148, 267]
[255, 259]
[148, 267]
[]
[]
[0, 73, 154, 292]
[249, 250]
[]
[]
[249, 250]
[237, 239, 241, 243, 246, 251]
[252, 256]
[253, 257]
[254, 258]
[255, 259]
[]
[]
[252, 256]
[253, 257]
[254, 258]
[255, 259]
[]
[]
[53, 260]
[56, 261]
[260]
[261]
[226]
[148, 267]
[265]
[227]
[227]
[227]
[227]
[227]
[227]
[227]
[227]
[71, 282, 283, 284, 285, 290, 291, 294, 295]
[17]
[71, 282, 283, 284, 285, 290, 291, 294, 295]
[226]
[226]
[226]
[226]
[315]
[148, 267]
[275]
[275]
[276]
[277]
[278]
[279]
[280]
[62, 281, 317]
[71, 282, 283, 284, 285, 290, 291, 294, 295]
[71, 282, 283, 284, 285, 290, 291, 294, 295]
[71, 282, 283, 284, 285, 290, 291, 294, 295]
[71, 282, 283, 284, 285, 290, 291, 294, 295]
[290, 291, 294, 295]
[99]
[292]
[293]
[99]
[17]
[17]
[296, 297]
[296, 297]
[298]
[296, 297]
[296, 297]
[296, 297]
[315]
[302, 303]
[302, 303]
[]
[9]
[12]
[153]
[153]
[304, 315]
[226]
[226]
[]
[305]
[306]
[307]
[0, 73, 154, 292]
[0, 73, 154, 292]
[99]
[309]
[310, 312]
[311, 313]
[310, 312]
[315]
[314]
[56]
[56]
[56]
[56]
[148, 267]
[88, 89, 92, 93]
[]
[88, 89, 92, 93]
[0, 73, 154, 292]
[88, 89, 92, 93]
[0, 73, 154, 292]
[88, 89, 92, 93]
[62, 281, 317]
[282, 283]
[314]
[263]
[263]
[]
[]
[]
[]
[]
[]
[]
[64]
[64]
[282, 283]
[64]
[262]
[0, 73, 154, 292]
[270, 271]
