[0]
[1]
[2, 3]
[2, 3]
[4]
[5]
[64, 171, 172]
[166, 167]
[7]
[10, 190]
[4]
[11]
[2, 3]
[4]
[2, 3]
[15]
[4]
[15]
[2, 3]
[4]
[2, 3]
[2, 3]
[4]
[2, 3]
[2, 3]
[4]
[2, 3]
[2, 3]
[4]
[2, 3]
[2, 3]
[4]
[2, 3]
[14]
[2, 3]
[2, 3]
[143]
[144]
[23]
[26, 47, 136, 146]
[45]
[46]
[87]
[87]
[175, 176, 179, 180]
[175, 176, 179, 180]
[148]
[183]
[183]
[129, 130]
[129, 130]
[129, 130]
[129, 130]
[129, 130]
[129, 130]
[183]
[129, 130]
[148]
[40]
[]
[20]
[21]
[22]
[23]
[24, 25]
[24, 25]
[26]
[27]
[28, 29]
[27, 28, 29, 30, 32]
[32]
[28, 29]
[86]
[39, 102]
[84, 85]
[84, 85]
[84, 85]
[39, 102]
[33]
[34]
[35, 36]
[35, 36]
[37]
[148]
[38]
[39]
[148]
[53]
[148]
[148]
[26, 47, 136]
[50]
[49]
[50]
[50]
[53]
[102]
[53]
[53]
[53]
[53]
[53]
[53]
[70]
[45]
[45]
[45]
[125, 127]
[9, 155]
[]
[]
[53]
[181, 182]
[181, 182]
[181, 182]
[181, 182]
[181, 182]
[181, 182]
[181, 182]
[181, 182]
[181, 182]
[181, 182]
[181, 182]
[181, 182]
[181, 182]
[181, 182]
[181, 182]
[181, 182]
[181, 182]
[35]
[181, 182]
[181, 182]
[181, 182]
[120]
[149, 150, 151, 152, 202, 203]
[56]
[58]
[59]
[60, 61]
[60, 61]
[62]
[63]
[64]
[65]
[66]
[67]
[68]
[69]
[70]
[71, 75]
[72]
[73, 77]
[74]
[71, 75]
[76]
[73, 77]
[78]
[79]
[80]
[81]
[82]
[84, 85]
[84, 85]
[86]
[87]
[87]
[185]
[87, 113]
[66]
[87]
[88]
[89]
[90]
[91]
[92]
[93, 94]
[93, 94]
[95]
[96]
[97]
[98]
[99]
[100]
[52]
[101]
[102]
[103]
[175, 176, 179, 180]
[175, 176, 179, 180]
[175, 176, 179, 180]
[175, 176, 179, 180]
[0, 58, 97, 100, 104, 107, 132, 133, 177]
[148]
[64, 120, 166, 167, 171, 172]
[64, 120, 171, 172]
[148]
[148]
[148]
[148]
[148]
[148]
[106]
[107]
[108]
[109]
[110]
[111]
[149, 150, 151, 152, 202, 203]
[149, 150, 151, 152, 202, 203]
[148]
[92, 93, 94, 95, 98, 100, 137]
[92, 93, 94, 95, 98, 100, 137]
[92, 93, 94, 95, 98, 100, 137]
[92, 93, 94, 95, 98, 100, 137]
[92, 93, 94, 95, 98, 100, 137]
[92, 93, 94, 95, 98, 100, 137]
[92, 93, 94, 95, 98, 100, 137]
[92, 93, 94, 95, 98, 100, 137]
[92, 93, 94, 95, 98, 100, 137]
[129]
[112]
[34]
[115]
[116]
[116]
[116]
[116]
[116]
[113]
[148]
[148]
[148]
[120, 122, 123, 124, 125, 127]
[120, 122, 123, 124, 125, 127]
[121]
[120, 122, 123, 124, 125, 127]
[120]
[121]
[122]
[124]
[125, 127]
[126]
[125, 127]
[128]
[129]
[130]
[131]
[132, 133]
[132, 133]
[134]
[135]
[136]
[131]
[27]
[27]
[140]
[141, 163]
[138, 139]
[147]
[149, 150]
[149, 150]
[151, 152]
[151, 152]
[54]
[154]
[155]
[156]
[157]
[158]
[159]
[57]
[57]
[16]
[0, 58, 97, 100, 104, 107, 132, 133, 177]
[141, 160, 162, 163]
[163]
[164, 165]
[164, 165]
[166, 167]
[166, 167]
[168]
[169, 170]
[169, 170]
[64, 171, 172]
[64, 171, 172]
[173]
[181, 182]
[106]
[181, 182]
[65]
[181, 182]
[67]
[181, 182]
[69]
[181, 182]
[69]
[181, 182]
[181, 182]
[181, 182]
[181, 182]
[76]
[181, 182]
[181, 182]
[181, 182]
[181, 182]
[181, 182]
[181, 182]
[181, 182]
[181, 182]
[181, 182]
[181, 182]
[181, 182]
[181, 182]
[181, 182]
[181, 182]
[181, 182]
[181, 182]
[181, 182]
[181, 182]
[181, 182]
[181, 182]
[181, 182]
[181, 182]
[181, 182]
[115]
[181, 182]
[181, 182]
[181, 182]
[174]
[175, 176, 179, 180]
[175, 176, 179, 180]
[177]
[188, 196]
[178]
[175, 176, 179, 180]
[175, 176, 179, 180]
[187]
[188]
[189]
[190]
[191]
[192]
[193]
[194]
[193]
[194]
[197]
[198]
[199]
[26, 47, 136]
[200]
[64, 171, 172]
[190]
[190]
[190]
[190]
[11, 12]
[106]
[148]
[148]
[148]
[148]
[148]
[148]
[148]
[148]
[148]
[92, 93, 94, 95, 98, 100, 137, 148]
[148]
[92, 93, 94, 95, 98, 100, 137, 148]
[148]
[92, 93, 94, 95, 98, 100, 137, 148]
[148]
[92, 93, 94, 95, 98, 100, 137, 148]
[148]
[92, 93, 94, 95, 98, 100, 137, 148]
[148]
[92, 93, 94, 95, 98, 100, 137, 148]
[148]
[92, 93, 94, 95, 98, 100, 137, 148]
[148]
[92, 93, 94, 95, 98, 100, 137, 148]
[148]
[92, 93, 94, 95, 98, 100, 137, 148]
[148]
[92, 93, 94, 95, 98, 100, 137]
[92, 93, 94, 95, 98, 100, 137]
[92, 93, 94, 95, 98, 100, 137]
[175, 176, 179, 180]
[11, 12]
[175, 176, 179, 180, 190]
[175, 176, 179, 180]
[11, 12]
[175, 176, 179, 180, 190]
[204]
