[0]
[1, 2]
[1, 2]
[3]
[4]
[5]
[6]
[1057]
[7]
[4, 24]
[7, 25]
[1057]
[1, 2]
[4, 24]
[571]
[1057]
[1, 2]
[4, 24]
[1, 2]
[950, 951, 952, 958, 959, 961, 962, 969, 970, 975, 976, 985]
[1, 2]
[4, 24]
[581, 587]
[1057]
[1057]
[1, 2]
[4, 24]
[1, 2]
[1282]
[1, 2]
[4, 24]
[1, 2]
[1, 2]
[4, 24]
[815]
[1057]
[10, 13]
[11]
[10]
[15]
[4, 24]
[15]
[13, 16]
[4, 24]
[13, 16]
[474, 477]
[4, 24]
[474, 477]
[101]
[4, 24]
[101]
[20]
[21]
[20]
[16]
[4, 24]
[16, 20]
[1, 2]
[4, 24]
[1, 2]
[1, 2]
[4, 24]
[1, 2]
[949, 951, 952]
[4, 24]
[597]
[1, 2]
[501]
[501]
[663]
[49]
[501]
[501]
[45, 46, 501, 502, 503, 504, 505]
[49]
[31, 33]
[32, 34]
[233, 714, 715]
[233, 714, 715]
[233, 714, 715]
[233, 714, 715]
[35, 36]
[35, 36]
[37]
[38]
[39]
[0, 40, 215, 218, 231, 399, 408, 492, 501, 768, 981, 982, 987, 989, 994, 1179, 1250, 1259]
[887, 890]
[558, 559, 566, 567]
[0, 40, 215, 218, 231, 399, 408, 492, 501, 768, 981, 982, 987, 989, 994, 1179, 1250, 1259]
[501, 502, 503]
[501, 502, 503]
[47, 50]
[502, 503]
[49]
[47, 50]
[52]
[55]
[55]
[51]
[51]
[63, 64]
[63, 64]
[58, 1088, 1089, 1090, 1091]
[754, 756]
[754, 756]
[0, 40, 215, 218, 231, 399, 408, 492, 501, 768, 981, 982, 987, 989, 994, 1179, 1250, 1259]
[0, 40, 215, 218, 231, 399, 408, 492, 501, 768, 981, 982, 987, 989, 994, 1179, 1250, 1259]
[432, 441, 714, 715, 745, 746, 753, 755]
[432, 441, 714, 715, 745, 746, 753, 755]
[438]
[438]
[438]
[438]
[1251]
[1251]
[65, 66, 70, 71, 72, 74, 75, 76, 81, 82, 86, 88, 90, 93, 94, 95, 96]
[65, 66, 70, 71, 72, 74, 75, 76, 81, 82, 86, 88, 90, 93, 94, 95, 96]
[67, 68, 69, 77, 78, 79, 80, 83, 84, 85, 87]
[67, 68, 69, 77, 78, 79, 80, 83, 84, 85, 87]
[67, 68, 69, 77, 78, 79, 80, 83, 84, 85, 87]
[65, 66, 70, 71, 72, 74, 75, 76, 81, 82, 86, 88, 90, 93, 94, 95, 96]
[65, 66, 70, 71, 72, 74, 75, 76, 81, 82, 86, 88, 90, 93, 94, 95, 96]
[65, 66, 70, 71, 72, 74, 75, 76, 81, 82, 86, 88, 90, 93, 94, 95, 96]
[73]
[65, 66, 70, 71, 72, 74, 75, 76, 81, 82, 86, 88, 90, 93, 94, 95, 96]
[65, 66, 70, 71, 72, 74, 75, 76, 81, 82, 86, 88, 90, 93, 94, 95, 96]
[65, 66, 70, 71, 72, 74, 75, 76, 81, 82, 86, 88, 90, 93, 94, 95, 96]
[67, 68, 69, 77, 78, 79, 80, 83, 84, 85, 87]
[67, 68, 69, 77, 78, 79, 80, 83, 84, 85, 87]
[67, 68, 69, 77, 78, 79, 80, 83, 84, 85, 87]
[67, 68, 69, 77, 78, 79, 80, 83, 84, 85, 87]
[65, 66, 70, 71, 72, 74, 75, 76, 81, 82, 86, 88, 90, 93, 94, 95, 96]
[65, 66, 70, 71, 72, 74, 75, 76, 81, 82, 86, 88, 90, 93, 94, 95, 96]
[67, 68, 69, 77, 78, 79, 80, 83, 84, 85, 87]
[67, 68, 69, 77, 78, 79, 80, 83, 84, 85, 87]
[67, 68, 69, 77, 78, 79, 80, 83, 84, 85, 87]
[65, 66, 70, 71, 72, 74, 75, 76, 81, 82, 86, 88, 90, 93, 94, 95, 96]
[67, 68, 69, 77, 78, 79, 80, 83, 84, 85, 87]
[65, 66, 70, 71, 72, 74, 75, 76, 81, 82, 86, 88, 90, 93, 94, 95, 96]
[89, 91]
[65, 66, 70, 71, 72, 74, 75, 76, 81, 82, 86, 88, 90, 93, 94, 95, 96]
[89, 91]
[92]
[65, 66, 70, 71, 72, 74, 75, 76, 81, 82, 86, 88, 90, 93, 94, 95, 96]
[65, 66, 70, 71, 72, 74, 75, 76, 81, 82, 86, 88, 90, 93, 94, 95, 96]
[65, 66, 70, 71, 72, 74, 75, 76, 81, 82, 86, 88, 90, 93, 94, 95, 96]
[65, 66, 70, 71, 72, 74, 75, 76, 81, 82, 86, 88, 90, 93, 94, 95, 96]
[97]
[100]
[629]
[102]
[41]
[0, 40, 215, 218, 231, 399, 408, 492, 501, 768, 981, 982, 987, 989, 994, 1179, 1250, 1259]
[519, 520]
[519, 520]
[519, 520]
[519, 520]
[519, 520]
[519, 520]
[519, 520]
[519, 520]
[519, 520]
[519, 520]
[519, 520]
[519, 520]
[519, 520]
[519, 520]
[519, 520]
[519, 520]
[519, 520]
[519, 520]
[519, 520]
[519, 520]
[519, 520]
[519, 520]
[519, 520]
[519, 520]
[519, 520]
[519, 520]
[519, 520]
[519, 520]
[191]
[192]
[193]
[194]
[195]
[196]
[197]
[1, 2, 339, 340, 409, 410, 1185, 1186]
[1, 2, 339, 340, 409, 410, 1185, 1186]
[]
[1, 2, 339, 340, 409, 410, 1185, 1186]
[1, 2, 339, 340, 409, 410, 1185, 1186]
[]
[198, 199]
[198, 199]
[200]
[201]
[202]
[203]
[204, 205]
[204, 205]
[206]
[207]
[208]
[209]
[210]
[211]
[212, 506, 507, 508, 509]
[213]
[214]
[0, 40, 215, 218, 231, 399, 408, 492, 501, 768, 981, 982, 987, 989, 994, 1179, 1250, 1259]
[216]
[217]
[0, 40, 215, 218, 231, 399, 408, 492, 501, 768, 981, 982, 987, 989, 994, 1179, 1250, 1259]
[219]
[220]
[221, 223]
[222, 225]
[221, 223]
[222, 225]
[226]
[224]
[227]
[228]
[229]
[230]
[0, 40, 215, 218, 231, 399, 408, 492, 501, 768, 981, 982, 987, 989, 994, 1179, 1250, 1259]
[424]
[233]
[0, 40, 215, 218, 231, 399, 408, 492, 501, 768, 981, 982, 987, 989, 994, 1179, 1250, 1259]
[453, 589, 1053, 1182, 1251]
[453, 1053, 1182, 1251]
[0, 40, 215, 218, 231, 399, 408, 492, 501, 768, 981, 982, 987, 989, 994, 1179, 1250, 1259]
[581, 582, 586, 589, 590, 594]
[239]
[240]
[241]
[242]
[1280]
[244]
[245]
[246, 247]
[246, 247]
[97, 248, 249, 250, 251, 252, 253, 262, 263, 264, 265, 266, 267, 517, 518, 519, 520, 521, 1033, 1034, 1035, 1044, 1045, 1046, 1047]
[97, 248, 249, 250, 251, 252, 253, 262, 263, 264, 265, 266, 267, 517, 518, 519, 520, 521, 1033, 1034, 1035, 1044, 1045, 1046, 1047]
[97, 248, 249, 250, 251, 252, 253, 262, 263, 264, 265, 266, 267, 517, 518, 519, 520, 521, 1033, 1034, 1035, 1044, 1045, 1046, 1047]
[97, 248, 249, 250, 251, 252, 253, 262, 263, 264, 265, 266, 267, 517, 518, 519, 520, 521, 1033, 1034, 1035, 1044, 1045, 1046, 1047]
[97, 248, 249, 250, 251, 252, 253, 262, 263, 264, 265, 266, 267, 517, 518, 519, 520, 521, 1033, 1034, 1035, 1044, 1045, 1046, 1047]
[97, 248, 249, 250, 251, 252, 253, 262, 263, 264, 265, 266, 267, 517, 518, 519, 520, 521, 1033, 1034, 1035, 1044, 1045, 1046, 1047]
[254, 268]
[255, 269]
[256, 270]
[257, 271]
[258, 272]
[259, 273]
[260, 274]
[261, 275]
[97, 248, 249, 250, 251, 252, 253, 262, 263, 264, 265, 266, 267, 517, 518, 519, 520, 521, 1033, 1034, 1035, 1044, 1045, 1046, 1047]
[97, 248, 249, 250, 251, 252, 253, 262, 263, 264, 265, 266, 267, 517, 518, 519, 520, 521, 1033, 1034, 1035, 1044, 1045, 1046, 1047]
[97, 248, 249, 250, 251, 252, 253, 262, 263, 264, 265, 266, 267, 517, 518, 519, 520, 521, 1033, 1034, 1035, 1044, 1045, 1046, 1047]
[97, 248, 249, 250, 251, 252, 253, 262, 263, 264, 265, 266, 267, 517, 518, 519, 520, 521, 1033, 1034, 1035, 1044, 1045, 1046, 1047]
[97, 248, 249, 250, 251, 252, 253, 262, 263, 264, 265, 266, 267, 517, 518, 519, 520, 521, 1033, 1034, 1035, 1044, 1045, 1046, 1047]
[97, 248, 249, 250, 251, 252, 253, 262, 263, 264, 265, 266, 267, 517, 518, 519, 520, 521, 1033, 1034, 1035, 1044, 1045, 1046, 1047]
[254, 268]
[255, 269]
[256, 270]
[257, 271]
[258, 272]
[259, 273]
[260, 274]
[261, 275]
[276, 277]
[276, 277]
[278, 279]
[278, 279]
[280, 281]
[280, 281]
[652]
[652]
[652]
[652]
[652]
[652]
[652]
[652]
[652]
[652]
[652]
[652]
[652]
[652]
[652]
[652]
[652]
[652]
[652]
[652]
[652]
[652]
[304, 305, 306]
[304, 305, 306]
[304, 305, 306]
[307, 308, 309]
[307, 308, 309]
[307, 308, 309]
[310, 311, 312]
[310, 311, 312]
[310, 311, 312]
[35, 36]
[35, 36]
[35, 36]
[35, 36]
[35, 36]
[35, 36]
[35, 36]
[35, 36]
[35, 36]
[35, 36]
[35, 36]
[35, 36]
[35, 36]
[35, 36]
[35, 36]
[35, 36]
[35, 36]
[35, 36]
[35, 36]
[35, 36]
[35, 36]
[35, 36]
[477, 557, 561, 562, 565, 569, 570]
[477, 557, 561, 562, 565, 569, 570]
[337]
[338]
[339, 340]
[339, 340]
[341]
[342]
[345, 346]
[343]
[345, 346]
[9, 347, 348]
[1276, 1277]
[347, 348]
[347, 348]
[350]
[1276, 1277]
[350]
[350]
[101]
[1276, 1277]
[344, 345, 346]
[344, 345, 346]
[344, 345, 346]
[1276, 1277]
[344, 345, 346]
[344, 345, 346]
[344, 345, 346]
[344, 345, 346]
[1048, 1049, 1050]
[1048, 1049, 1050]
[1048, 1049, 1050]
[352]
[353]
[354]
[355, 356, 358, 359]
[355, 356, 358, 359]
[357]
[355, 356, 358, 359]
[355, 356, 358, 359]
[360, 361, 362, 363]
[360, 361, 362, 363]
[360, 361, 362, 363]
[360, 361, 362, 363]
[364]
[365, 448, 764, 765]
[366]
[636, 637, 638, 639, 640]
[636, 637, 638, 639, 640]
[369]
[372]
[373, 375, 377, 874]
[374, 376, 378, 875]
[373, 375, 377, 874]
[374, 376, 378, 875]
[377]
[378]
[754, 756]
[4, 743, 748]
[4, 743, 748]
[919]
[0, 40, 215, 218, 231, 399, 408, 492, 501, 768, 919, 981, 982, 987, 989, 994, 1179, 1250, 1259]
[919]
[754, 756]
[4, 743, 748]
[4, 743, 748]
[547, 548, 552]
[386, 394, 922]
[0, 40, 215, 218, 231, 399, 408, 492, 501, 768, 919, 981, 982, 987, 989, 994, 1179, 1250, 1259]
[919]
[389]
[389]
[919]
[754, 756]
[4, 743, 748]
[4, 743, 748]
[392]
[0, 40, 215, 218, 231, 399, 408, 492, 501, 768, 919, 981, 982, 987, 989, 994, 1179, 1250, 1259]
[1284]
[754, 756]
[4, 743, 748]
[4, 743, 748]
[398]
[398]
[0, 40, 215, 218, 231, 399, 408, 492, 501, 768, 919, 981, 982, 987, 989, 994, 1179, 1250, 1259]
[1119, 1120, 1123, 1124]
[919]
[919]
[1119, 1120, 1123, 1124]
[395, 398]
[396]
[393]
[395, 398]
[0, 40, 215, 218, 231, 399, 408, 492, 501, 768, 981, 982, 987, 989, 994, 1179, 1250, 1259]
[400]
[213, 414, 421, 423, 426, 497, 506, 507, 508, 509]
[402]
[403, 404]
[403, 404]
[405]
[406, 407]
[406, 407]
[408]
[409, 410]
[409, 410]
[411]
[412]
[1276, 1277]
[1192]
[1182]
[1182]
[453, 1182]
[420]
[1191]
[1182]
[1192]
[1191]
[1192]
[1182]
[1276, 1277]
[1192]
[427]
[412]
[429, 430]
[429, 430]
[431]
[432, 441]
[433, 434, 442, 443]
[433, 434, 442, 443]
[435]
[436, 437]
[436, 437]
[433, 434, 438, 439, 440, 442, 443]
[420]
[433, 434, 438, 439, 440, 442, 443]
[432, 441]
[433, 434, 442, 443]
[433, 434, 442, 443]
[1182]
[226]
[233, 714, 715]
[233, 714, 715]
[233, 714, 715]
[233, 714, 715]
[415, 417, 433, 434, 438, 439, 440, 442, 443]
[415, 417, 433, 434, 438, 439, 440, 442, 443]
[1182]
[1182]
[233, 714, 715]
[233, 714, 715]
[446]
[447]
[446]
[447]
[365, 448, 764, 765]
[449]
[450]
[451]
[453]
[454, 455]
[454, 455]
[456]
[457]
[458]
[459, 460]
[459, 460]
[461]
[462]
[463, 464]
[463, 464]
[465]
[466]
[467, 468]
[467, 468]
[469]
[470]
[471, 472]
[471, 472]
[473]
[474]
[475, 476]
[475, 476]
[477]
[478]
[479]
[480]
[481]
[482]
[483, 484]
[483, 484]
[485, 486]
[485, 486]
[487, 488]
[487, 488]
[489, 490]
[489, 490]
[491]
[492]
[493, 494]
[493, 494]
[495, 496]
[495, 496]
[497]
[498]
[499]
[500]
[501]
[502, 503]
[502, 503]
[504, 505]
[504, 505]
[506, 507, 508, 509]
[506, 507, 508, 509]
[506, 507, 508, 509]
[506, 507, 508, 509]
[510]
[511, 512, 513, 514]
[511, 512, 513, 514]
[511, 512, 513, 514]
[511, 512, 513, 514]
[515]
[516]
[517, 518]
[517, 518]
[519, 520]
[519, 520]
[521]
[522]
[523]
[524]
[525]
[526]
[527]
[528]
[528]
[529, 530]
[529, 530]
[367, 368]
[367, 368]
[384]
[532, 538, 539, 545]
[532, 538, 540, 546]
[532, 538]
[532, 538]
[532, 538, 540, 546]
[532, 533, 536, 538]
[532, 538, 539, 545]
[532, 538, 541, 544]
[532, 538, 547, 548, 552]
[532, 538]
[532, 538]
[532, 538]
[532, 538, 547, 553]
[532, 538, 541, 544]
[532, 538]
[554]
[548, 549, 552, 554]
[550, 551, 574, 575, 600, 601, 624, 625]
[548, 554]
[548, 554]
[548, 554]
[550, 551]
[549, 552]
[556, 557, 560, 562]
[795, 796, 797, 798]
[803, 804]
[556, 562]
[556, 562]
[803, 804]
[795, 796, 797, 798, 803, 804]
[795, 796, 797, 798]
[556, 562, 565, 568]
[556, 562]
[795, 796, 797, 798, 803, 804]
[556, 562]
[556, 562]
[556, 562]
[795, 796, 797, 798, 803, 804]
[795, 796, 797, 798, 803, 804]
[578]
[487, 488, 517, 518]
[487, 488, 517, 518]
[487, 488, 517, 518]
[487, 488, 517, 518]
[487, 488, 517, 518]
[487, 488, 517, 518]
[487, 488, 517, 518]
[367, 368]
[367, 368]
[582, 583, 586, 588]
[582, 588, 589, 595]
[582, 588, 590, 596]
[582, 588]
[582, 588]
[582, 588, 590, 596]
[582, 583, 586, 588]
[582, 588, 589, 595]
[582, 588, 591, 594]
[582, 588]
[582, 588, 597, 603]
[582, 588]
[582, 588]
[582, 588]
[836]
[836]
[604]
[598, 599, 602, 604]
[550, 551, 574, 575, 600, 601, 624, 625]
[598, 604]
[598, 604]
[598, 604]
[600, 601]
[599, 602]
[606, 607, 610, 612]
[606, 612, 613, 619]
[606, 612, 614, 620]
[606, 612]
[606, 612]
[606, 612, 614, 620]
[606, 607, 610, 612]
[606, 612, 613, 619]
[606, 612, 615, 618]
[606, 612, 621, 622, 626]
[606, 612]
[606, 612]
[606, 612]
[606, 612, 621, 627]
[606, 612, 615, 618]
[606, 612]
[628]
[622, 623, 626, 628]
[550, 551, 574, 575, 600, 601, 624, 625]
[622, 628]
[622, 628]
[622, 628]
[624, 625]
[623, 626]
[629]
[630, 631, 641, 642]
[630, 631, 641, 642]
[632, 633, 643, 644]
[632, 633, 643, 644]
[634, 635, 648, 649]
[634, 635, 648, 649]
[636, 637, 638, 639, 640]
[636, 637, 638, 639, 640]
[636, 637, 638, 639, 640]
[636, 637, 638, 639, 640]
[636, 637, 638, 639, 640]
[630, 631, 641, 642]
[630, 631, 641, 642]
[632, 633, 643, 644]
[632, 633, 643, 644]
[645]
[646]
[647]
[634, 635, 648, 649]
[634, 635, 648, 649]
[650]
[651]
[652]
[1038, 1039, 1040, 1041]
[632, 633, 643, 644]
[671]
[671]
[671]
[632, 633, 643, 644]
[671]
[671]
[335, 336]
[1065, 1066, 1069, 1070, 1073, 1074, 1077, 1078]
[663, 668, 671]
[664, 665]
[664, 665]
[1065, 1066, 1069, 1070, 1073, 1074, 1077, 1078]
[664, 665]
[663, 668, 671]
[1065, 1066, 1069, 1070, 1073, 1074, 1077, 1078]
[475, 476]
[671]
[671]
[671]
[632, 633, 643, 644]
[671]
[671]
[677, 688, 692, 694, 697, 698]
[678, 681]
[679, 682]
[680]
[678, 681]
[679, 682]
[683]
[684]
[685, 689]
[686, 690]
[687]
[677, 688, 692, 694, 697, 698]
[685, 689]
[686, 690]
[691]
[677, 688, 692, 694, 697, 698]
[693]
[677, 688, 692, 694, 697, 698]
[695]
[696]
[677, 688, 692, 694, 697, 698]
[677, 688, 692, 694, 697, 698]
[714, 715]
[714, 715]
[716]
[717, 718]
[717, 718]
[719]
[720]
[721]
[722]
[723]
[724, 725]
[724, 725]
[726, 727]
[726, 727]
[728, 1061]
[729]
[730, 731]
[730, 731]
[732, 733]
[732, 733]
[651, 734, 742, 1228, 1231, 1233]
[1199]
[736, 740]
[737]
[738]
[739]
[736, 740]
[1199]
[651, 734, 742, 1228, 1231, 1233]
[743]
[744]
[745]
[746]
[747]
[748]
[749]
[750, 752]
[749]
[750, 752]
[751]
[750, 752]
[753]
[754, 756]
[755]
[754, 756]
[757, 878]
[758, 879]
[759, 880]
[760, 881]
[761, 882]
[762, 883]
[763, 884]
[365, 448, 764, 765]
[365, 448, 764, 765]
[766]
[767]
[768]
[769]
[1199]
[1003]
[772]
[773]
[774]
[775]
[776]
[777]
[97]
[97, 248, 249, 250, 251, 252, 253, 262, 263, 264, 265, 266, 267, 517, 518, 519, 520, 521, 1033, 1034, 1035, 1044, 1045, 1046, 1047]
[778]
[779, 780]
[779, 780]
[781, 782]
[781, 782]
[783]
[783]
[778]
[59, 60]
[786]
[787]
[59, 60]
[789]
[59, 60, 811]
[791, 792, 817, 818, 837, 838]
[791, 792, 817, 818, 837, 838]
[636, 637, 638, 639, 640]
[636, 637, 638, 639, 640]
[636, 637, 638, 639, 640]
[636, 637, 638, 639, 640]
[636, 637, 638, 639, 640]
[636, 637, 638, 639, 640]
[799, 800, 845, 846]
[799, 800, 845, 846]
[801, 802, 827, 828, 847, 848]
[801, 802, 827, 828, 847, 848]
[636, 637, 638, 639, 640]
[636, 637, 638, 639, 640]
[636, 637, 638, 639, 640]
[636, 637, 638, 639, 640]
[636, 637, 638, 639, 640]
[636, 637, 638, 639, 640]
[809, 810, 855, 856]
[809, 810, 855, 856]
[1252]
[812]
[812]
[812]
[812]
[0, 40, 215, 218, 231, 399, 408, 492, 501, 768, 981, 982, 987, 989, 994, 1179, 1250, 1259]
[791, 792, 817, 818, 837, 838]
[791, 792, 817, 818, 837, 838]
[636, 637, 638, 639, 640]
[636, 637, 638, 639, 640]
[636, 637, 638, 639, 640]
[636, 637, 638, 639, 640]
[636, 637, 638, 639, 640]
[636, 637, 638, 639, 640]
[809, 810, 855, 856]
[826]
[801, 802, 827, 828, 847, 848]
[801, 802, 827, 828, 847, 848]
[636, 637, 638, 639, 640]
[636, 637, 638, 639, 640]
[636, 637, 638, 639, 640]
[636, 637, 638, 639, 640]
[636, 637, 638, 639, 640]
[636, 637, 638, 639, 640]
[809, 810, 855, 856]
[636, 637, 638, 639, 640]
[791, 792, 817, 818, 837, 838]
[791, 792, 817, 818, 837, 838]
[636, 637, 638, 639, 640]
[636, 637, 638, 639, 640]
[636, 637, 638, 639, 640]
[636, 637, 638, 639, 640]
[636, 637, 638, 639, 640]
[636, 637, 638, 639, 640]
[799, 800, 845, 846]
[799, 800, 845, 846]
[801, 802, 827, 828, 847, 848]
[801, 802, 827, 828, 847, 848]
[636, 637, 638, 639, 640]
[636, 637, 638, 639, 640]
[636, 637, 638, 639, 640]
[636, 637, 638, 639, 640]
[636, 637, 638, 639, 640]
[636, 637, 638, 639, 640]
[809, 810, 855, 856]
[809, 810, 855, 856]
[885, 886]
[1050]
[1050]
[1049, 1050]
[97, 248, 249, 250, 251, 252, 253, 262, 263, 264, 265, 266, 267, 517, 518, 519, 520, 521, 1033, 1034, 1035, 1044, 1045, 1046, 1047]
[97, 248, 249, 250, 251, 252, 253, 262, 263, 264, 265, 266, 267, 517, 518, 519, 520, 521, 1033, 1034, 1035, 1044, 1045, 1046, 1047]
[97, 248, 249, 250, 251, 252, 253, 262, 263, 264, 265, 266, 267, 517, 518, 519, 520, 521, 1033, 1034, 1035, 1044, 1045, 1046, 1047]
[97, 248, 249, 250, 251, 252, 253, 262, 263, 264, 265, 266, 267, 517, 518, 519, 520, 521, 1033, 1034, 1035, 1044, 1045, 1046, 1047]
[97, 248, 249, 250, 251, 252, 253, 262, 263, 264, 265, 266, 267, 517, 518, 519, 520, 521, 1033, 1034, 1035, 1044, 1045, 1046, 1047]
[97, 248, 249, 250, 251, 252, 253, 262, 263, 264, 265, 266, 267, 517, 518, 519, 520, 521, 1033, 1034, 1035, 1044, 1045, 1046, 1047]
[97, 248, 249, 250, 251, 252, 253, 262, 263, 264, 265, 266, 267, 517, 518, 519, 520, 521, 1033, 1034, 1035, 1044, 1045, 1046, 1047]
[97, 248, 249, 250, 251, 252, 253, 262, 263, 264, 265, 266, 267, 517, 518, 519, 520, 521, 1033, 1034, 1035, 1044, 1045, 1046, 1047]
[97, 248, 249, 250, 251, 252, 253, 262, 263, 264, 265, 266, 267, 517, 518, 519, 520, 521, 1033, 1034, 1035, 1044, 1045, 1046, 1047]
[97, 248, 249, 250, 251, 252, 253, 262, 263, 264, 265, 266, 267, 517, 518, 519, 520, 521, 1033, 1034, 1035, 1044, 1045, 1046, 1047]
[1048, 1049, 1050]
[1048, 1049, 1050]
[1048, 1049, 1050]
[867]
[868]
[1048, 1049, 1050]
[1048, 1049, 1050]
[1048, 1049, 1050]
[1048, 1049, 1050]
[1048, 1049, 1050]
[1048, 1049, 1050]
[869]
[869]
[1048, 1049, 1050]
[1048, 1049, 1050]
[1048, 1049, 1050]
[871]
[19, 370, 371, 868, 920, 1117]
[19, 370, 371, 868, 920, 1117]
[19, 370, 371, 868, 920, 1117]
[19, 370, 371, 868, 920, 1117]
[19, 370, 371, 868, 920, 1117]
[1048, 1049, 1050]
[1048, 1049, 1050]
[1048, 1049, 1050]
[874]
[875]
[876]
[877]
[757, 878]
[758, 879]
[759, 880]
[760, 881]
[761, 882]
[762, 883]
[763, 884]
[1182]
[885, 886]
[1182]
[885, 886]
[885, 886]
[888]
[889]
[887, 890]
[728, 729, 891, 1061]
[365, 448, 764, 765]
[365, 448, 764, 765]
[892]
[893, 894]
[893, 894]
[895]
[896]
[897, 898]
[897, 898]
[899]
[900]
[901, 902]
[901, 902]
[903]
[904, 905]
[904, 905]
[906, 907, 908, 909]
[906, 907, 908, 909]
[906, 907, 908, 909]
[906, 907, 908, 909]
[910, 911]
[910, 911]
[912]
[913]
[914]
[915]
[916]
[917]
[918]
[919]
[921]
[922]
[923, 924]
[923, 924]
[925, 926, 927, 928]
[925, 926, 927, 928]
[925, 926, 927, 928]
[925, 926, 927, 928]
[929, 930]
[929, 930]
[931, 932]
[931, 932]
[933, 934, 935, 936]
[933, 934, 935, 936]
[933, 934, 935, 936]
[933, 934, 935, 936]
[937, 938]
[937, 938]
[939]
[940, 941]
[940, 941]
[942]
[942]
[942]
[524]
[524]
[745, 749, 977, 978]
[745, 749, 977, 978]
[977, 978]
[977, 978]
[745, 977, 978, 1057]
[745, 977, 978, 1057]
[979]
[980]
[981, 982, 987, 989, 994]
[981, 982, 987, 989, 994]
[981, 982, 987, 989, 994]
[995]
[996]
[997]
[998]
[999]
[983]
[984]
[981, 982, 987, 989, 994]
[988]
[981, 982, 987, 989, 994]
[990]
[991]
[992]
[993]
[985]
[986]
[1000]
[1001]
[1002]
[1003]
[1004]
[1005]
[1006]
[1007]
[1008]
[1009, 1010, 1025, 1026]
[1009, 1010, 1025, 1026]
[1011]
[1012]
[1013, 1014, 1029, 1030]
[1013, 1014, 1029, 1030]
[1015]
[1016]
[1017, 1018]
[1017, 1018]
[1019]
[1020]
[1021, 1022]
[1021, 1022]
[1023]
[1024]
[1009, 1010, 1025, 1026]
[1009, 1010, 1025, 1026]
[1027]
[1028]
[1013, 1014, 1029, 1030]
[1013, 1014, 1029, 1030]
[1031]
[1032]
[1033, 1034, 1035]
[1033, 1034, 1035]
[1033, 1034, 1035]
[1036, 1037]
[1036, 1037]
[1038, 1039, 1040, 1041]
[1038, 1039, 1040, 1041]
[1038, 1039, 1040, 1041]
[1038, 1039, 1040, 1041]
[1042, 1043]
[1042, 1043]
[1044, 1045]
[1044, 1045]
[1046, 1047]
[1046, 1047]
[1048]
[1049]
[1050]
[1051]
[1052]
[1054]
[1053]
[1055]
[1056]
[1057]
[1058]
[1059]
[1060]
[651, 734, 742, 1228, 1231, 1233]
[1199]
[728, 1061]
[395, 398, 785]
[20]
[1044, 1045, 1081, 1082, 1133, 1134, 1153, 1154, 1173, 1174]
[1044, 1045, 1081, 1082, 1133, 1134, 1153, 1154, 1173, 1174]
[1046, 1047, 1085, 1086, 1156, 1157, 1176, 1177]
[1046, 1047, 1085, 1086, 1156, 1157, 1176, 1177]
[1044, 1045, 1081, 1082, 1133, 1134, 1153, 1154, 1173, 1174]
[1044, 1045, 1081, 1082, 1133, 1134, 1153, 1154, 1173, 1174]
[1046, 1047, 1085, 1086, 1156, 1157, 1176, 1177]
[1046, 1047, 1085, 1086, 1156, 1157, 1176, 1177]
[1044, 1045, 1081, 1082, 1133, 1134, 1153, 1154, 1173, 1174]
[1044, 1045, 1081, 1082, 1133, 1134, 1153, 1154, 1173, 1174]
[1046, 1047, 1085, 1086, 1156, 1157, 1176, 1177]
[1046, 1047, 1085, 1086, 1156, 1157, 1176, 1177]
[1088, 1091]
[1089, 1090]
[1089, 1090]
[1088, 1091]
[754, 756]
[1092]
[1093, 1094, 1101, 1102, 1109, 1110]
[1093, 1094, 1101, 1102, 1109, 1110]
[1095]
[1096]
[1097, 1098, 1105, 1106, 1113, 1114]
[1097, 1098, 1105, 1106, 1113, 1114]
[1099]
[1100]
[1093, 1094, 1101, 1102, 1109, 1110]
[1093, 1094, 1101, 1102, 1109, 1110]
[1103]
[1104]
[1097, 1098, 1105, 1106, 1113, 1114]
[1097, 1098, 1105, 1106, 1113, 1114]
[1107]
[1108]
[1093, 1094, 1101, 1102, 1109, 1110]
[1093, 1094, 1101, 1102, 1109, 1110]
[1111]
[1112]
[1097, 1098, 1105, 1106, 1113, 1114]
[1097, 1098, 1105, 1106, 1113, 1114]
[1115]
[1116]
[19, 370, 371, 920, 1117]
[1178]
[1179]
[1180]
[1181, 1223]
[1182]
[766]
[767]
[493, 494]
[1184]
[65, 66, 70, 71, 72, 74, 75, 76, 81, 82, 86, 88, 90, 93, 94, 95, 96]
[65, 66, 70, 71, 72, 74, 75, 76, 81, 82, 86, 88, 90, 93, 94, 95, 96]
[73]
[73]
[1185, 1186]
[1185, 1186]
[1187]
[1188]
[1189, 1191, 1193, 1195]
[1191]
[1192]
[1193]
[1194]
[1189, 1191, 1193, 1195]
[1188]
[1188]
[1197]
[1198]
[1199]
[1200]
[1201]
[1202]
[1203, 1214, 1216]
[1204, 1215, 1217, 1218]
[1205]
[1206, 1207]
[1206, 1207]
[1208]
[1209]
[1210]
[1211]
[1212]
[1213]
[1203, 1214, 1216]
[1204, 1215, 1217, 1218]
[1203, 1214, 1216]
[1204, 1215, 1217, 1218]
[1204, 1215, 1217, 1218]
[1219]
[1220]
[1221]
[1222]
[1181, 1223]
[1224]
[1225]
[1226]
[1227, 1230, 1232]
[1229]
[1228, 1231, 1233]
[1227, 1230, 1232]
[1228, 1231, 1233]
[1227, 1230, 1232]
[1228, 1231, 1233]
[826]
[826]
[636, 637, 638, 639, 640]
[636, 637, 638, 639, 640]
[1273]
[1273]
[192]
[192]
[636, 637, 638, 639, 640]
[636, 637, 638, 639, 640]
[636, 637, 638, 639, 640]
[636, 637, 638, 639, 640]
[1270]
[1270]
[636, 637, 638, 639, 640]
[636, 637, 638, 639, 640]
[636, 637, 638, 639, 640]
[636, 637, 638, 639, 640]
[1275]
[1275]
[636, 637, 638, 639, 640]
[636, 637, 638, 639, 640]
[636, 637, 638, 639, 640]
[636, 637, 638, 639, 640]
[636, 637, 638, 639, 640]
[636, 637, 638, 639, 640]
[636, 637, 638, 639, 640]
[636, 637, 638, 639, 640]
[636, 637, 638, 639, 640]
[636, 637, 638, 639, 640]
[636, 637, 638, 639, 640]
[636, 637, 638, 639, 640]
[636, 637, 638, 639, 640]
[636, 637, 638, 639, 640]
[636, 637, 638, 639, 640]
[636, 637, 638, 639, 640]
[636, 637, 638, 639, 640]
[636, 637, 638, 639, 640]
[636, 637, 638, 639, 640]
[636, 637, 638, 639, 640]
[636, 637, 638, 639, 640]
[636, 637, 638, 639, 640]
[636, 637, 638, 639, 640]
[636, 637, 638, 639, 640]
[636, 637, 638, 639, 640]
[636, 637, 638, 639, 640]
[636, 637, 638, 639, 640]
[636, 637, 638, 639, 640]
[636, 637, 638, 639, 640]
[636, 637, 638, 639, 640]
[636, 637, 638, 639, 640]
[636, 637, 638, 639, 640]
[636, 637, 638, 639, 640]
[636, 637, 638, 639, 640]
[636, 637, 638, 639, 640]
[636, 637, 638, 639, 640]
[636, 637, 638, 639, 640]
[636, 637, 638, 639, 640]
[636, 637, 638, 639, 640]
[636, 637, 638, 639, 640]
[636, 637, 638, 639, 640]
[636, 637, 638, 639, 640]
[636, 637, 638, 639, 640]
[636, 637, 638, 639, 640]
[636, 637, 638, 639, 640]
[636, 637, 638, 639, 640]
[636, 637, 638, 639, 640]
[636, 637, 638, 639, 640]
[636, 637, 638, 639, 640]
[636, 637, 638, 639, 640]
[636, 637, 638, 639, 640]
[636, 637, 638, 639, 640]
[636, 637, 638, 639, 640]
[636, 637, 638, 639, 640]
[636, 637, 638, 639, 640]
[636, 637, 638, 639, 640]
[636, 637, 638, 639, 640]
[636, 637, 638, 639, 640]
[636, 637, 638, 639, 640]
[636, 637, 638, 639, 640]
[636, 637, 638, 639, 640]
[636, 637, 638, 639, 640]
[636, 637, 638, 639, 640]
[636, 637, 638, 639, 640]
[636, 637, 638, 639, 640]
[636, 637, 638, 639, 640]
[636, 637, 638, 639, 640]
[636, 637, 638, 639, 640]
[636, 637, 638, 639, 640]
[636, 637, 638, 639, 640]
[636, 637, 638, 639, 640]
[636, 637, 638, 639, 640]
[636, 637, 638, 639, 640]
[636, 637, 638, 639, 640]
[636, 637, 638, 639, 640]
[636, 637, 638, 639, 640]
[636, 637, 638, 639, 640]
[636, 637, 638, 639, 640]
[636, 637, 638, 639, 640]
[636, 637, 638, 639, 640]
[636, 637, 638, 639, 640]
[636, 637, 638, 639, 640]
[636, 637, 638, 639, 640]
[636, 637, 638, 639, 640]
[636, 637, 638, 639, 640]
[636, 637, 638, 639, 640]
[636, 637, 638, 639, 640]
[636, 637, 638, 639, 640]
[636, 637, 638, 639, 640]
[636, 637, 638, 639, 640]
[636, 637, 638, 639, 640]
[636, 637, 638, 639, 640]
[636, 637, 638, 639, 640]
[636, 637, 638, 639, 640]
[636, 637, 638, 639, 640]
[636, 637, 638, 639, 640]
[636, 637, 638, 639, 640]
[636, 637, 638, 639, 640]
[636, 637, 638, 639, 640]
[636, 637, 638, 639, 640]
[636, 637, 638, 639, 640]
[636, 637, 638, 639, 640]
[636, 637, 638, 639, 640]
[636, 637, 638, 639, 640]
[636, 637, 638, 639, 640]
[636, 637, 638, 639, 640]
[636, 637, 638, 639, 640]
[636, 637, 638, 639, 640]
[636, 637, 638, 639, 640]
[636, 637, 638, 639, 640]
[636, 637, 638, 639, 640]
[636, 637, 638, 639, 640]
[636, 637, 638, 639, 640]
[636, 637, 638, 639, 640]
[636, 637, 638, 639, 640]
[636, 637, 638, 639, 640]
[636, 637, 638, 639, 640]
[636, 637, 638, 639, 640]
[636, 637, 638, 639, 640]
[636, 637, 638, 639, 640]
[636, 637, 638, 639, 640]
[636, 637, 638, 639, 640]
[636, 637, 638, 639, 640]
[636, 637, 638, 639, 640]
[636, 637, 638, 639, 640]
[636, 637, 638, 639, 640]
[636, 637, 638, 639, 640]
[636, 637, 638, 639, 640]
[636, 637, 638, 639, 640]
[636, 637, 638, 639, 640]
[636, 637, 638, 639, 640]
[636, 637, 638, 639, 640]
[636, 637, 638, 639, 640]
[636, 637, 638, 639, 640]
[636, 637, 638, 639, 640]
[636, 637, 638, 639, 640]
[636, 637, 638, 639, 640]
[636, 637, 638, 639, 640]
[636, 637, 638, 639, 640]
[636, 637, 638, 639, 640]
[636, 637, 638, 639, 640]
[636, 637, 638, 639, 640]
[636, 637, 638, 639, 640]
[636, 637, 638, 639, 640]
[636, 637, 638, 639, 640]
[636, 637, 638, 639, 640]
[636, 637, 638, 639, 640]
[636, 637, 638, 639, 640]
[636, 637, 638, 639, 640]
[636, 637, 638, 639, 640]
[636, 637, 638, 639, 640]
[636, 637, 638, 639, 640]
[636, 637, 638, 639, 640]
[636, 637, 638, 639, 640]
[636, 637, 638, 639, 640]
[636, 637, 638, 639, 640]
[636, 637, 638, 639, 640]
[636, 637, 638, 639, 640]
[636, 637, 638, 639, 640]
[636, 637, 638, 639, 640]
[636, 637, 638, 639, 640]
[636, 637, 638, 639, 640]
[636, 637, 638, 639, 640]
[636, 637, 638, 639, 640]
[636, 637, 638, 639, 640]
[636, 637, 638, 639, 640]
[636, 637, 638, 639, 640]
[636, 637, 638, 639, 640]
[0, 40, 215, 218, 231, 399, 408, 492, 501, 768, 981, 982, 987, 989, 994, 1179, 1250, 1259]
[438]
[216]
[453, 1053, 1182, 1251]
[216]
[439]
[216]
[416]
[216]
[1253]
[995, 1254]
[1255, 1258]
[1256]
[1257]
[1255, 1258]
[0, 40, 215, 218, 231, 399, 408, 492, 501, 768, 981, 982, 987, 989, 994, 1179, 1250, 1259]
[1260]
[384, 428]
[1262]
[1263]
[1264]
[1265]
[1266]
[1267]
[1268]
[1269]
[1270]
[1271]
[1272]
[1273]
[1274]
[1275]
[1276, 1277]
[1276, 1277]
[1278]
[1279]
[1280]
[1281]
[1282]
[1283]
[1284]
[97, 1285]
[1286]
[0, 40, 215, 218, 231, 399, 408, 492, 501, 768, 981, 982, 987, 989, 994, 1179, 1250, 1259]
[45, 46, 501, 502, 503, 504, 505]
[1289]
