[0]
[1, 2]
[1, 2]
[3]
[4]
[5]
[7]
[8]
[9]
[10]
[1, 2]
[4]
[11]
[12]
[13]
[12]
[1, 2]
[496, 497]
[1, 2]
[11, 116, 172, 247, 257, 343, 435, 458, 459, 463, 464, 594, 595]
[1, 2]
[4]
[1, 2]
[31, 32, 263]
[4]
[415]
[1, 2]
[141]
[141]
[105]
[141]
[24]
[25]
[22, 24]
[23, 25]
[290, 291, 292, 293, 294]
[290, 291, 292, 293, 294]
[26]
[26]
[26]
[0, 190, 258, 390, 546, 591]
[204, 207]
[167, 586, 588, 590]
[29]
[30, 434]
[31, 32]
[31, 32]
[33, 36]
[116]
[35]
[33, 36]
[151]
[117, 118]
[159, 560, 561, 562, 563, 611]
[587]
[587]
[204, 207]
[204, 207]
[45, 523, 525, 540, 541, 542, 543]
[0, 190, 258, 390, 546, 591]
[0, 190, 258, 390, 546, 591]
[204]
[204]
[37, 43, 44, 184]
[37, 43, 44, 184]
[50, 51, 55, 56, 57, 59, 60, 61, 66, 67, 71, 73, 75, 78, 79, 80, 81]
[50, 51, 55, 56, 57, 59, 60, 61, 66, 67, 71, 73, 75, 78, 79, 80, 81]
[52, 53, 54, 62, 63, 64, 65, 68, 69, 70, 72]
[52, 53, 54, 62, 63, 64, 65, 68, 69, 70, 72]
[52, 53, 54, 62, 63, 64, 65, 68, 69, 70, 72]
[50, 51, 55, 56, 57, 59, 60, 61, 66, 67, 71, 73, 75, 78, 79, 80, 81]
[50, 51, 55, 56, 57, 59, 60, 61, 66, 67, 71, 73, 75, 78, 79, 80, 81]
[50, 51, 55, 56, 57, 59, 60, 61, 66, 67, 71, 73, 75, 78, 79, 80, 81]
[58]
[50, 51, 55, 56, 57, 59, 60, 61, 66, 67, 71, 73, 75, 78, 79, 80, 81]
[50, 51, 55, 56, 57, 59, 60, 61, 66, 67, 71, 73, 75, 78, 79, 80, 81]
[50, 51, 55, 56, 57, 59, 60, 61, 66, 67, 71, 73, 75, 78, 79, 80, 81]
[52, 53, 54, 62, 63, 64, 65, 68, 69, 70, 72]
[52, 53, 54, 62, 63, 64, 65, 68, 69, 70, 72]
[52, 53, 54, 62, 63, 64, 65, 68, 69, 70, 72]
[52, 53, 54, 62, 63, 64, 65, 68, 69, 70, 72]
[50, 51, 55, 56, 57, 59, 60, 61, 66, 67, 71, 73, 75, 78, 79, 80, 81]
[50, 51, 55, 56, 57, 59, 60, 61, 66, 67, 71, 73, 75, 78, 79, 80, 81]
[52, 53, 54, 62, 63, 64, 65, 68, 69, 70, 72]
[52, 53, 54, 62, 63, 64, 65, 68, 69, 70, 72]
[52, 53, 54, 62, 63, 64, 65, 68, 69, 70, 72]
[50, 51, 55, 56, 57, 59, 60, 61, 66, 67, 71, 73, 75, 78, 79, 80, 81]
[52, 53, 54, 62, 63, 64, 65, 68, 69, 70, 72]
[50, 51, 55, 56, 57, 59, 60, 61, 66, 67, 71, 73, 75, 78, 79, 80, 81]
[74, 76]
[50, 51, 55, 56, 57, 59, 60, 61, 66, 67, 71, 73, 75, 78, 79, 80, 81]
[74, 76]
[77]
[50, 51, 55, 56, 57, 59, 60, 61, 66, 67, 71, 73, 75, 78, 79, 80, 81]
[50, 51, 55, 56, 57, 59, 60, 61, 66, 67, 71, 73, 75, 78, 79, 80, 81]
[50, 51, 55, 56, 57, 59, 60, 61, 66, 67, 71, 73, 75, 78, 79, 80, 81]
[50, 51, 55, 56, 57, 59, 60, 61, 66, 67, 71, 73, 75, 78, 79, 80, 81]
[274, 386, 387, 388, 526, 527, 528, 529]
[610]
[0, 190, 258, 390, 546, 591]
[496, 497, 498, 499]
[15]
[27]
[290, 291, 292, 293, 294]
[290, 291, 292, 293, 294]
[290, 291, 292, 293, 294]
[290, 291, 292, 293, 294]
[290, 291, 292, 293, 294]
[290, 291, 292, 293, 294]
[290, 291, 292, 293, 294]
[290, 291, 292, 293, 294]
[290, 291, 292, 293, 294]
[290, 291, 292, 293, 294]
[290, 291, 292, 293, 294]
[290, 291, 292, 293, 294]
[290, 291, 292, 293, 294]
[290, 291, 292, 293, 294]
[290, 291, 292, 293, 294]
[290, 291, 292, 293, 294]
[290, 291, 292, 293, 294]
[290, 291, 292, 293, 294]
[290, 291, 292, 293, 294]
[290, 291, 292, 293, 294]
[290, 291, 292, 293, 294]
[290, 291, 292, 293, 294]
[290, 291, 292, 293, 294]
[290, 291, 292, 293, 294]
[290, 291, 292, 293, 294]
[290, 291, 292, 293, 294]
[290, 291, 292, 293, 294]
[290, 291, 292, 293, 294]
[274, 386, 387, 388, 526, 527, 528, 529]
[274, 386, 387, 388, 526, 527, 528, 529]
[274, 386, 387, 388, 526, 527, 528, 529]
[274, 386, 387, 388, 526, 527, 528, 529]
[274, 386, 387, 388, 526, 527, 528, 529]
[274, 386, 387, 388, 526, 527, 528, 529]
[274, 386, 387, 388, 526, 527, 528, 529]
[274, 386, 387, 388, 526, 527, 528, 529]
[274, 386, 387, 388, 526, 527, 528, 529]
[274, 386, 387, 388, 526, 527, 528, 529]
[274, 386, 387, 388, 526, 527, 528, 529]
[274, 386, 387, 388, 526, 527, 528, 529]
[274, 386, 387, 388, 526, 527, 528, 529]
[274, 386, 387, 388, 526, 527, 528, 529]
[274, 386, 387, 388, 526, 527, 528, 529]
[274, 386, 387, 388, 526, 527, 528, 529]
[274, 386, 387, 388, 526, 527, 528, 529]
[274, 386, 387, 388, 526, 527, 528, 529]
[274, 386, 387, 388, 526, 527, 528, 529]
[274, 386, 387, 388, 526, 527, 528, 529]
[274, 386, 387, 388, 526, 527, 528, 529]
[274, 386, 387, 388, 526, 527, 528, 529]
[274, 386, 387, 388, 526, 527, 528, 529]
[274, 386, 387, 388, 526, 527, 528, 529]
[274, 386, 387, 388, 526, 527, 528, 529]
[274, 386, 387, 388, 526, 527, 528, 529]
[274, 386, 387, 388, 526, 527, 528, 529]
[274, 386, 387, 388, 526, 527, 528, 529]
[274, 386, 387, 388, 526, 527, 528, 529]
[274, 386, 387, 388, 526, 527, 528, 529]
[274, 386, 387, 388, 526, 527, 528, 529]
[274, 386, 387, 388, 526, 527, 528, 529]
[274, 386, 387, 388, 526, 527, 528, 529]
[274, 386, 387, 388, 526, 527, 528, 529]
[274, 386, 387, 388, 526, 527, 528, 529]
[274, 386, 387, 388, 526, 527, 528, 529]
[274, 386, 387, 388, 526, 527, 528, 529]
[274, 386, 387, 388, 526, 527, 528, 529]
[274, 386, 387, 388, 526, 527, 528, 529]
[274, 386, 387, 388, 526, 527, 528, 529]
[274, 386, 387, 388, 526, 527, 528, 529]
[274, 386, 387, 388, 526, 527, 528, 529]
[274, 386, 387, 388, 526, 527, 528, 529]
[274, 386, 387, 388, 526, 527, 528, 529]
[274, 386, 387, 388, 526, 527, 528, 529]
[274, 386, 387, 388, 526, 527, 528, 529]
[274, 386, 387, 388, 526, 527, 528, 529]
[274, 386, 387, 388, 526, 527, 528, 529]
[274, 386, 387, 388, 526, 527, 528, 529]
[274, 386, 387, 388, 526, 527, 528, 529]
[274, 386, 387, 388, 526, 527, 528, 529]
[274, 386, 387, 388, 526, 527, 528, 529]
[274, 386, 387, 388, 526, 527, 528, 529]
[274, 386, 387, 388, 526, 527, 528, 529]
[274, 386, 387, 388, 526, 527, 528, 529]
[274, 386, 387, 388, 526, 527, 528, 529]
[274, 386, 387, 388, 526, 527, 528, 529]
[274, 386, 387, 388, 526, 527, 528, 529]
[274, 386, 387, 388, 526, 527, 528, 529]
[274, 386, 387, 388, 526, 527, 528, 529]
[161, 533]
[93]
[94]
[95]
[96]
[97]
[98]
[517, 518, 519, 520]
[517, 518, 519, 520]
[119]
[119]
[119]
[119]
[517, 518, 519, 520]
[517, 518, 519, 520]
[119]
[119]
[119]
[119]
[33, 36]
[31, 32]
[213]
[101]
[102]
[0, 190, 258, 390, 546, 591]
[103, 104]
[103, 104]
[0, 190, 258, 390, 546, 591]
[103, 104]
[105, 264, 265]
[174, 175, 420, 421]
[174, 175, 420, 421]
[174, 175, 420, 421]
[222, 223]
[174, 175, 420, 421]
[204, 207]
[222, 223]
[11]
[224]
[108]
[0, 190, 258, 390, 546, 591]
[488, 489, 492, 493, 500, 501, 506, 507]
[110, 333, 334, 596, 597]
[0, 190, 258, 390, 546, 591]
[204, 207]
[204, 207]
[0, 190, 258, 390, 546, 591]
[]
[0, 190, 258, 390, 546, 591]
[117, 248]
[118, 249, 338, 550]
[125]
[195]
[160]
[161]
[119]
[119]
[274, 386, 387, 388, 526, 527, 528, 529]
[274, 386, 387, 388, 526, 527, 528, 529]
[274, 386, 387, 388, 526, 527, 528, 529]
[274, 386, 387, 388, 526, 527, 528, 529]
[274, 386, 387, 388, 526, 527, 528, 529]
[274, 386, 387, 388, 526, 527, 528, 529]
[377, 446]
[371, 440]
[372, 441]
[373, 442]
[374, 443]
[375, 444]
[376, 445]
[377, 446]
[274, 386, 387, 388, 526, 527, 528, 529]
[274, 386, 387, 388, 526, 527, 528, 529]
[274, 386, 387, 388, 526, 527, 528, 529]
[274, 386, 387, 388, 526, 527, 528, 529]
[274, 386, 387, 388, 526, 527, 528, 529]
[274, 386, 387, 388, 526, 527, 528, 529]
[377, 446]
[371, 440]
[372, 441]
[373, 442]
[374, 443]
[375, 444]
[376, 445]
[377, 446]
[162]
[162]
[306]
[306]
[306]
[306]
[306]
[306]
[306]
[306]
[306]
[306]
[306]
[306]
[306]
[306]
[306]
[306]
[306]
[306]
[306]
[306]
[306]
[306]
[306]
[306]
[306]
[306]
[162, 348, 349]
[162, 348, 349]
[162, 348, 349]
[348, 349]
[348, 349]
[348, 349]
[348, 349]
[348, 349]
[348, 349]
[348, 349]
[348, 349]
[348, 349]
[348, 349]
[348, 349]
[348, 349]
[348, 349]
[348, 349]
[348, 349]
[348, 349]
[348, 349]
[348, 349]
[348, 349]
[348, 349]
[348, 349]
[348, 349]
[348, 349]
[348, 349]
[348, 349]
[348, 349]
[348, 349]
[348, 349]
[290, 291, 292, 293, 294]
[290, 291, 292, 293, 294]
[]
[335]
[1, 2, 191, 192, 447, 448, 551, 552]
[1, 2, 191, 192, 447, 448, 551, 552]
[171]
[139]
[167]
[170]
[168, 169]
[168, 169]
[170]
[572, 573]
[458]
[11, 458]
[458]
[344]
[105]
[513]
[]
[]
[513]
[]
[]
[513]
[513]
[513]
[513]
[]
[]
[204]
[290, 291, 292, 293, 294]
[290, 291, 292, 293, 294]
[274, 386, 387, 388, 526, 527, 528, 529]
[172]
[11, 116, 172, 247, 257, 343, 435, 458, 459, 463, 464, 594, 595]
[173]
[436]
[437]
[436]
[437]
[436]
[437]
[215, 218]
[486]
[486]
[209]
[210]
[210]
[457]
[382]
[215, 218]
[138]
[457]
[215, 218]
[138]
[457]
[457]
[382]
[174, 175, 420, 421]
[45, 523, 525, 540, 541, 542, 543]
[457]
[174, 175, 420, 421]
[0, 190, 258, 390, 546, 591]
[38, 39]
[138]
[217]
[220, 221]
[220, 221]
[187]
[188, 189]
[188, 189]
[190]
[191, 192]
[191, 192]
[193]
[194]
[195]
[196, 203, 205, 208]
[197]
[198]
[199]
[200]
[201]
[202]
[196, 203, 205, 208]
[195]
[196, 203, 205, 208]
[197, 199]
[195, 201]
[196, 203, 205, 208]
[209]
[210]
[222, 223]
[222, 223]
[224]
[225]
[137]
[137]
[181, 183]
[181, 183]
[181, 183]
[185]
[137]
[137]
[225]
[137]
[137]
[243]
[244]
[137]
[137]
[]
[224]
[117]
[118]
[250]
[37, 184]
[264, 265]
[264, 265]
[266]
[267]
[290, 291, 292, 293, 294]
[290, 291, 292, 293, 294]
[290, 291, 292, 293, 294]
[290, 291, 292, 293, 294]
[290, 291, 292, 293, 294]
[290, 291, 292, 293, 294]
[290, 291, 292, 293, 294]
[288, 289, 302, 303]
[290, 291, 292, 293, 294]
[286, 287, 297, 298]
[286, 287, 297, 298]
[284, 285, 295, 296]
[290, 291, 292, 293, 294]
[286, 287, 297, 298]
[286, 287, 297, 298]
[290, 291, 292, 293, 294]
[398, 399]
[286, 287, 297, 298]
[286, 287, 297, 298]
[398, 399]
[268]
[269]
[270]
[270]
[273]
[290, 291, 292, 293, 294]
[290, 291, 292, 293, 294]
[517, 518, 519, 520]
[517, 518, 519, 520]
[290, 291, 292, 293, 294]
[290, 291, 292, 293, 294]
[290, 291, 292, 293, 294]
[290, 291, 292, 293, 294]
[128, 180, 182, 262]
[134, 136, 149, 152]
[52, 53, 54, 62, 63, 64, 65, 68, 69, 70, 72]
[52, 53, 54, 62, 63, 64, 65, 68, 69, 70, 72]
[128, 180, 182, 262]
[128, 180, 182, 262]
[137]
[128, 180, 182, 262]
[128, 180, 182, 262]
[31, 32, 263]
[31, 32]
[116]
[116]
[31, 32, 263]
[31, 32, 263]
[138]
[138]
[138]
[138]
[31, 32, 263]
[26]
[26]
[26]
[26]
[250]
[250]
[274, 386, 387, 388, 526, 527, 528, 529]
[274, 386, 387, 388, 526, 527, 528, 529]
[274, 386, 387, 388, 526, 527, 528, 529]
[274, 386, 387, 388, 526, 527, 528, 529]
[274, 386, 387, 388, 526, 527, 528, 529]
[276]
[277]
[278]
[610]
[469, 470]
[280]
[281]
[282]
[282]
[415]
[415]
[290, 291, 292, 293, 294]
[408, 409]
[408, 409]
[415]
[290, 291, 292, 293, 294]
[290, 291, 292, 293, 294]
[415]
[415]
[290, 291, 292, 293, 294]
[408, 409]
[408, 409]
[415]
[290, 291, 292, 293, 294]
[290, 291, 292, 293, 294]
[424, 425]
[424, 425]
[290, 291, 292, 293, 294]
[424, 425]
[424, 425]
[424, 425]
[290, 291, 292, 293, 294]
[424, 425]
[290, 291, 292, 293, 294]
[290, 291, 292, 293, 294]
[290, 291, 292, 293, 294]
[290, 291, 292, 293, 294]
[290, 291, 292, 293, 294]
[290, 291, 292, 293, 294]
[290, 291, 292, 293, 294]
[290, 291, 292, 293, 294]
[290, 291, 292, 293, 294]
[290, 291, 292, 293, 294]
[290, 291, 292, 293, 294]
[290, 291, 292, 293, 294]
[290, 291, 292, 293, 294]
[290, 291, 292, 293, 294]
[290, 291, 292, 293, 294]
[290, 291, 292, 293, 294]
[290, 291, 292, 293, 294]
[290, 291, 292, 293, 294]
[290, 291, 292, 293, 294]
[290, 291, 292, 293, 294]
[290, 291, 292, 293, 294]
[290, 291, 292, 293, 294]
[290, 291, 292, 293, 294]
[290, 291, 292, 293, 294]
[610]
[610]
[290, 291, 292, 293, 294]
[290, 291, 292, 293, 294]
[290, 291, 292, 293, 294]
[290, 291, 292, 293, 294]
[290, 291, 292, 293, 294]
[290, 291, 292, 293, 294]
[290, 291, 292, 293, 294]
[290, 291, 292, 293, 294]
[290, 291, 292, 293, 294]
[290, 291, 292, 293, 294]
[290, 291, 292, 293, 294]
[290, 291, 292, 293, 294]
[290, 291, 292, 293, 294]
[290, 291, 292, 293, 294]
[290, 291, 292, 293, 294]
[290, 291, 292, 293, 294]
[290, 291, 292, 293, 294]
[290, 291, 292, 293, 294]
[290, 291, 292, 293, 294]
[290, 291, 292, 293, 294]
[290, 291, 292, 293, 294]
[290, 291, 292, 293, 294]
[290, 291, 292, 293, 294]
[290, 291, 292, 293, 294]
[290, 291, 292, 293, 294]
[290, 291, 292, 293, 294]
[290, 291, 292, 293, 294]
[290, 291, 292, 293, 294]
[290, 291, 292, 293, 294]
[290, 291, 292, 293, 294]
[290, 291, 292, 293, 294]
[290, 291, 292, 293, 294]
[290, 291, 292, 293, 294]
[290, 291, 292, 293, 294]
[290, 291, 292, 293, 294]
[290, 291, 292, 293, 294]
[290, 291, 292, 293, 294]
[290, 291, 292, 293, 294]
[290, 291, 292, 293, 294]
[290, 291, 292, 293, 294]
[290, 291, 292, 293, 294]
[290, 291, 292, 293, 294]
[290, 291, 292, 293, 294]
[290, 291, 292, 293, 294]
[290, 291, 292, 293, 294]
[290, 291, 292, 293, 294]
[290, 291, 292, 293, 294]
[290, 291, 292, 293, 294]
[283]
[284, 285, 295, 296]
[284, 285, 295, 296]
[286, 287, 297, 298]
[286, 287, 297, 298]
[288, 289, 302, 303]
[288, 289, 302, 303]
[290, 291, 292, 293, 294]
[290, 291, 292, 293, 294]
[290, 291, 292, 293, 294]
[290, 291, 292, 293, 294]
[290, 291, 292, 293, 294]
[284, 285, 295, 296]
[284, 285, 295, 296]
[286, 287, 297, 298]
[286, 287, 297, 298]
[299]
[300]
[301]
[288, 289, 302, 303]
[288, 289, 302, 303]
[304]
[305]
[306]
[82, 83, 84, 85, 86, 87, 88, 89, 90, 91, 449, 452]
[286, 287, 297, 298]
[286, 287, 297, 298]
[449, 452]
[449, 452]
[286, 287, 297, 298]
[82, 83, 84, 85, 86, 87, 88, 89, 90, 91, 449, 452]
[286, 287, 297, 298]
[449, 452]
[449, 452]
[163, 164]
[449, 452]
[449, 452]
[163, 164]
[449, 452]
[449, 452]
[449, 452]
[286, 287, 297, 298]
[286, 287, 297, 298]
[449, 452]
[449, 452]
[286, 287, 297, 298]
[449, 452]
[286, 287, 297, 298]
[317]
[317]
[317]
[317]
[317]
[317]
[134, 136, 149, 152]
[139]
[311, 314]
[312, 315]
[313]
[317]
[311, 314]
[312, 315]
[316]
[317]
[317]
[317]
[317]
[317]
[317]
[317]
[318]
[319, 320, 321, 324, 325, 326, 329, 330, 331]
[319, 320, 321, 324, 325, 326, 329, 330, 331]
[319, 320, 321, 324, 325, 326, 329, 330, 331]
[322]
[323, 328]
[319, 320, 321, 324, 325, 326, 329, 330, 331]
[319, 320, 321, 324, 325, 326, 329, 330, 331]
[319, 320, 321, 324, 325, 326, 329, 330, 331]
[327, 332]
[323, 328]
[319, 320, 321, 324, 325, 326, 329, 330, 331]
[319, 320, 321, 324, 325, 326, 329, 330, 331]
[319, 320, 321, 324, 325, 326, 329, 330, 331]
[327, 332]
[333, 334, 596, 597]
[333, 334, 596, 597]
[335]
[290, 291, 292, 293, 294]
[290, 291, 292, 293, 294]
[1, 2, 191, 192, 447, 448, 551, 552]
[139]
[336]
[337]
[338]
[435]
[435]
[260]
[260]
[45, 523, 525, 540, 541, 542, 543]
[163, 164]
[290, 291, 292, 293, 294]
[290, 291, 292, 293, 294]
[290, 291, 292, 293, 294]
[290, 291, 292, 293, 294]
[305, 346, 351]
[557]
[510]
[305]
[304]
[348, 349]
[510]
[557]
[305, 346, 351]
[356]
[165, 166, 226, 227, 240, 241, 242, 357]
[358]
[359]
[360]
[361]
[362]
[363, 365]
[364]
[363, 365]
[366]
[121, 123, 228, 231, 232, 235, 237, 367, 369]
[368]
[121, 123, 228, 231, 232, 235, 237, 367, 369]
[371, 440]
[372, 441]
[373, 442]
[374, 443]
[375, 444]
[376, 445]
[377, 446]
[]
[]
[383]
[384]
[390]
[391]
[557]
[128, 180, 182, 262]
[250]
[392]
[290, 291, 292, 293, 294]
[404, 405, 430, 431]
[290, 291, 292, 293, 294]
[404, 405, 430, 431]
[393]
[452, 540, 543]
[452, 540, 543]
[389]
[389]
[394]
[393]
[490]
[30, 212, 434]
[461, 462]
[393]
[160]
[]
[396, 397, 406, 407, 422, 423]
[396, 397, 406, 407, 422, 423]
[290, 291, 292, 293, 294]
[290, 291, 292, 293, 294]
[290, 291, 292, 293, 294]
[290, 291, 292, 293, 294]
[290, 291, 292, 293, 294]
[290, 291, 292, 293, 294]
[404, 405, 430, 431]
[404, 405, 430, 431]
[396, 397, 406, 407, 422, 423]
[396, 397, 406, 407, 422, 423]
[290, 291, 292, 293, 294]
[290, 291, 292, 293, 294]
[290, 291, 292, 293, 294]
[290, 291, 292, 293, 294]
[290, 291, 292, 293, 294]
[290, 291, 292, 293, 294]
[404, 405, 430, 431]
[404, 405, 430, 431]
[]
[174, 175, 420, 421]
[174]
[174, 175, 420, 421]
[174, 175, 420, 421]
[0, 190, 258, 390, 546, 591]
[396, 397, 406, 407, 422, 423]
[396, 397, 406, 407, 422, 423]
[290, 291, 292, 293, 294]
[290, 291, 292, 293, 294]
[290, 291, 292, 293, 294]
[290, 291, 292, 293, 294]
[290, 291, 292, 293, 294]
[290, 291, 292, 293, 294]
[404, 405, 430, 431]
[290, 291, 292, 293, 294]
[396, 397, 406, 407, 422, 423]
[396, 397, 406, 407, 422, 423]
[290, 291, 292, 293, 294]
[290, 291, 292, 293, 294]
[290, 291, 292, 293, 294]
[290, 291, 292, 293, 294]
[290, 291, 292, 293, 294]
[290, 291, 292, 293, 294]
[404, 405, 430, 431]
[290, 291, 292, 293, 294]
[396, 397, 406, 407, 422, 423]
[396, 397, 406, 407, 422, 423]
[290, 291, 292, 293, 294]
[290, 291, 292, 293, 294]
[290, 291, 292, 293, 294]
[290, 291, 292, 293, 294]
[290, 291, 292, 293, 294]
[290, 291, 292, 293, 294]
[404, 405, 430, 431]
[404, 405, 430, 431]
[396, 397, 406, 407, 422, 423]
[396, 397, 406, 407, 422, 423]
[290, 291, 292, 293, 294]
[290, 291, 292, 293, 294]
[290, 291, 292, 293, 294]
[290, 291, 292, 293, 294]
[290, 291, 292, 293, 294]
[290, 291, 292, 293, 294]
[404, 405, 430, 431]
[404, 405, 430, 431]
[274, 386, 387, 388, 526, 527, 528, 529]
[274, 386, 387, 388, 526, 527, 528, 529]
[274, 386, 387, 388, 526, 527, 528, 529]
[274, 386, 387, 388, 526, 527, 528, 529]
[274, 386, 387, 388, 526, 527, 528, 529]
[274, 386, 387, 388, 526, 527, 528, 529]
[274, 386, 387, 388, 526, 527, 528, 529]
[274, 386, 387, 388, 526, 527, 528, 529]
[373, 442]
[374, 443]
[259]
[162]
[432, 433]
[432, 433]
[261]
[138]
[138]
[436]
[437]
[438]
[439]
[371, 440]
[372, 441]
[373, 442]
[374, 443]
[375, 444]
[376, 445]
[377, 446]
[251, 252, 605, 606]
[251, 252, 605, 606]
[278]
[250, 251, 252, 605, 606]
[255, 608]
[278]
[308, 316]
[449]
[450, 451]
[450, 451]
[449]
[449, 452]
[450, 451]
[450, 451]
[449, 452]
[163, 164]
[450, 451]
[450, 451]
[449, 452]
[515, 516]
[515, 516]
[517, 518, 519, 520]
[517, 518, 519, 520]
[517, 518, 519, 520]
[517, 518, 519, 520]
[521, 522]
[521, 522]
[453]
[264, 265, 457]
[457]
[0, 190, 258, 390, 546, 591]
[457]
[455]
[456]
[457]
[11, 116, 172, 247, 257, 343, 435, 458, 459, 463, 464, 594, 595]
[457]
[382]
[515, 516]
[515, 516]
[517, 518, 519, 520]
[517, 518, 519, 520]
[517, 518, 519, 520]
[517, 518, 519, 520]
[521, 522]
[521, 522]
[515, 516]
[515, 516]
[517, 518, 519, 520]
[517, 518, 519, 520]
[517, 518, 519, 520]
[517, 518, 519, 520]
[521, 522]
[521, 522]
[460]
[461, 462]
[461, 462]
[33, 36, 432, 433]
[270]
[270]
[126, 127, 465, 466, 467, 468]
[126, 127, 465, 466, 467, 468]
[469, 470]
[469, 470]
[270, 471]
[471]
[270]
[270]
[482]
[483]
[28]
[476]
[476]
[]
[]
[139]
[]
[]
[139]
[495]
[496, 502]
[497, 503]
[498, 504]
[499, 505]
[]
[]
[496, 502]
[497, 503]
[498, 504]
[499, 505]
[]
[]
[358, 364]
[358, 364]
[]
[557]
[0, 190, 258, 390, 546, 591]
[0, 190, 258, 390, 546, 591]
[250]
[139]
[196, 203, 205, 208, 339]
[31, 32, 263]
[0, 190, 258, 390, 546, 591]
[116]
[0, 190, 258, 390, 546, 591]
[214]
[18, 19]
[151]
[587]
[0, 190, 258, 390, 546, 591]
[610]
[510]
[510]
[139]
[153]
[508]
[509]
[178, 179]
[134, 136, 149, 152]
[550]
[512]
[513]
[514]
[82, 83, 84, 85, 86, 87, 88, 89, 90, 91, 449, 452]
[449, 452]
[449, 452]
[82, 83, 84, 85, 86, 87, 88, 89, 90, 91, 449, 452]
[449, 452]
[449, 452]
[449, 452]
[449, 452]
[449, 452]
[449, 452]
[449, 452]
[288, 289, 302, 303]
[449, 452]
[449, 452]
[449, 452]
[288, 289, 302, 303]
[449, 452]
[449, 452]
[449, 452]
[449, 452]
[163, 164]
[449, 452]
[449, 452]
[163, 164]
[385]
[386, 387, 388]
[386, 387, 388]
[386, 387, 388]
[515, 516]
[515, 516]
[517, 518, 519, 520]
[517, 518, 519, 520]
[517, 518, 519, 520]
[517, 518, 519, 520]
[521, 522]
[521, 522]
[526, 527]
[526, 527]
[528, 529]
[528, 529]
[532]
[532]
[532]
[534]
[535]
[366]
[536]
[537]
[538]
[204, 207]
[539]
[186]
[186]
[45, 523, 525, 540, 541, 542, 543]
[174, 175, 420, 421]
[]
[305]
[305]
[305]
[305]
[305]
[305]
[305]
[305]
[305]
[305]
[305]
[305]
[305]
[305]
[305]
[305]
[526, 527]
[526, 527]
[526, 527]
[526, 527]
[528, 529]
[528, 529]
[528, 529]
[528, 529]
[540, 543]
[541, 542]
[541, 542]
[540, 543]
[290, 291, 292, 293, 294]
[290, 291, 292, 293, 294]
[290, 291, 292, 293, 294]
[290, 291, 292, 293, 294]
[290, 291, 292, 293, 294]
[290, 291, 292, 293, 294]
[290, 291, 292, 293, 294]
[163, 164]
[290, 291, 292, 293, 294]
[290, 291, 292, 293, 294]
[290, 291, 292, 293, 294]
[449]
[290, 291, 292, 293, 294]
[290, 291, 292, 293, 294]
[290, 291, 292, 293, 294]
[449, 452]
[288, 289, 302, 303]
[290, 291, 292, 293, 294]
[290, 291, 292, 293, 294]
[288, 289, 302, 303]
[288, 289, 302, 303]
[290, 291, 292, 293, 294]
[290, 291, 292, 293, 294]
[288, 289, 302, 303]
[544]
[11, 116, 172, 247, 257, 343, 435, 458, 459, 463, 464, 594, 595]
[290, 291, 292, 293, 294]
[290, 291, 292, 293, 294]
[290, 291, 292, 293, 294]
[290, 291, 292, 293, 294]
[290, 291, 292, 293, 294]
[290, 291, 292, 293, 294]
[290, 291, 292, 293, 294]
[290, 291, 292, 293, 294]
[290, 291, 292, 293, 294]
[290, 291, 292, 293, 294]
[290, 291, 292, 293, 294]
[290, 291, 292, 293, 294]
[290, 291, 292, 293, 294]
[290, 291, 292, 293, 294]
[526, 527]
[526, 527]
[526, 527]
[526, 527]
[528, 529]
[528, 529]
[290, 291, 292, 293, 294]
[290, 291, 292, 293, 294]
[290, 291, 292, 293, 294]
[290, 291, 292, 293, 294]
[290, 291, 292, 293, 294]
[290, 291, 292, 293, 294]
[290, 291, 292, 293, 294]
[290, 291, 292, 293, 294]
[290, 291, 292, 293, 294]
[290, 291, 292, 293, 294]
[290, 291, 292, 293, 294]
[290, 291, 292, 293, 294]
[290, 291, 292, 293, 294]
[290, 291, 292, 293, 294]
[526, 527]
[526, 527]
[526, 527]
[526, 527]
[528, 529]
[528, 529]
[290, 291, 292, 293, 294]
[290, 291, 292, 293, 294]
[290, 291, 292, 293, 294]
[290, 291, 292, 293, 294]
[290, 291, 292, 293, 294]
[290, 291, 292, 293, 294]
[290, 291, 292, 293, 294]
[290, 291, 292, 293, 294]
[290, 291, 292, 293, 294]
[290, 291, 292, 293, 294]
[290, 291, 292, 293, 294]
[290, 291, 292, 293, 294]
[290, 291, 292, 293, 294]
[290, 291, 292, 293, 294]
[526, 527]
[526, 527]
[526, 527]
[526, 527]
[528, 529]
[528, 529]
[545]
[546]
[547]
[548, 574]
[204, 207]
[549]
[550]
[551, 552]
[551, 552]
[553]
[554]
[554]
[554]
[555]
[556]
[554]
[554]
[554]
[554]
[370]
[370]
[557]
[558]
[559]
[30, 434]
[567]
[566]
[567]
[566]
[566]
[567]
[566]
[567]
[566]
[565]
[119]
[567]
[566]
[567]
[566]
[566]
[348]
[569]
[570]
[571]
[548, 574]
[575]
[576]
[577]
[577]
[576]
[575]
[577]
[576]
[577]
[576]
[290, 291, 292, 293, 294]
[290, 291, 292, 293, 294]
[290, 291, 292, 293, 294]
[290, 291, 292, 293, 294]
[290, 291, 292, 293, 294]
[290, 291, 292, 293, 294]
[290, 291, 292, 293, 294]
[290, 291, 292, 293, 294]
[290, 291, 292, 293, 294]
[290, 291, 292, 293, 294]
[290, 291, 292, 293, 294]
[290, 291, 292, 293, 294]
[290, 291, 292, 293, 294]
[290, 291, 292, 293, 294]
[290, 291, 292, 293, 294]
[290, 291, 292, 293, 294]
[0, 190, 258, 390, 546, 591]
[204, 207]
[524]
[593]
[610]
[167, 586, 588, 590]
[432, 433]
[589]
[167, 586, 588, 590]
[0, 190, 258, 390, 546, 591]
[592]
[151]
[105]
[282, 555, 556]
[378]
[598]
[599]
[600]
[601]
[602]
[603]
[604]
[598]
[598]
[598]
[598]
[395]
[395]
[449]
[395]
[456]
[213]
[112]
[]
[212]
[290, 291, 292, 293, 294]
[609]
[0, 190, 258, 390, 546, 591]
[31, 32, 263]
[611]
