[0]
[3]
[1, 16]
[1, 16]
[4]
[5]
[4]
[5]
[1, 16]
[4, 14]
[11]
[17, 75]
[9, 12]
[1, 16]
[4, 14]
[7]
[1, 16]
[137]
[137]
[]
[164]
[164]
[24]
[26]
[27, 28]
[27, 28]
[24]
[8, 9]
[157]
[157]
[79]
[79]
[157]
[30]
[31]
[32, 33]
[32, 33]
[37]
[]
[109]
[137]
[41]
[43, 44]
[43, 44]
[42]
[45]
[46]
[205]
[57]
[54, 55]
[54, 55]
[56]
[57]
[58]
[11]
[10]
[61]
[62]
[63]
[66]
[64, 65]
[64, 65]
[64, 65]
[84]
[64, 65]
[84]
[64, 65]
[72]
[64, 65]
[74]
[75]
[76, 80]
[77]
[78, 82]
[64, 65]
[76, 80]
[64, 65]
[78, 82]
[64, 65]
[84]
[64, 65]
[192]
[192]
[89]
[91, 92]
[91, 92]
[93]
[93]
[96]
[102]
[53]
[155]
[155]
[155]
[155]
[155]
[105]
[104]
[106, 155]
[84]
[84]
[132, 195]
[109]
[87]
[0, 63, 104, 129, 131, 150, 151, 156, 183]
[132, 195]
[130]
[131]
[132]
[132]
[133]
[132]
[135]
[72]
[31]
[139]
[140]
[140]
[192]
[144]
[60, 69, 148]
[148]
[148]
[59]
[148]
[148]
[146]
[148]
[148]
[152, 203]
[152, 203]
[149]
[150, 151, 156]
[150, 151, 156]
[152]
[153]
[152, 154, 205]
[155]
[157]
[157]
[158]
[159]
[160, 161]
[162]
[163]
[164]
[165]
[167]
[177, 178, 179, 180, 181, 182, 185, 186]
[145]
[145]
[145]
[145]
[89, 169]
[1]
[71]
[171]
[172]
[173]
[174]
[2, 101, 159, 176]
[0, 63, 104, 129, 131, 150, 151, 156, 183]
[2, 101, 159, 176]
[176]
[157, 179, 180]
[157, 179, 180]
[157, 179, 180]
[157, 179, 180]
[157, 179, 180]
[8, 9]
[8, 9]
[8, 9]
[8, 9]
[8, 9]
[181, 182, 185, 186]
[181, 182, 185, 186]
[181, 182, 185, 186]
[183]
[184]
[181, 182, 185, 186]
[181, 182, 185, 186]
[188, 189]
[188, 189]
[89, 169]
[190, 191]
[68]
[190, 191]
[194]
[195]
[196]
[197]
[198]
[199]
[200]
[201]
[200]
[201]
[204]
[201]
[200]
[53]
[137]
[145]
[145]
[209]
