[0]
[1, 16]
[2]
[2]
[3]
[4]
[146]
[6]
[1, 16]
[8, 11]
[1, 16]
[1, 16]
[8, 11]
[1, 16]
[3, 13]
[1, 16]
[1, 16]
[]
[]
[140]
[]
[]
[19]
[96]
[21]
[]
[22]
[23, 24]
[23, 24]
[25]
[26]
[122, 123]
[]
[]
[0, 37, 98, 125]
[]
[]
[70]
[]
[]
[]
[]
[]
[38, 39, 127, 128]
[38, 39, 127, 128]
[101]
[]
[68]
[70, 114, 115]
[]
[70, 114, 115]
[67]
[97]
[83]
[30, 31]
[30, 31]
[30, 31]
[67]
[30, 31]
[30, 31]
[]
[18, 74, 97, 106, 120, 121, 122, 123, 124]
[36]
[37]
[38, 39]
[38, 39]
[40]
[38, 39]
[58]
[38, 39]
[58]
[38, 39]
[58]
[38, 39]
[58]
[38, 39]
[50, 51, 54, 55, 58]
[38, 39]
[52, 53, 56, 57, 58]
[38, 39]
[50, 51, 54, 55, 58]
[38, 39]
[52, 53, 56, 57, 58]
[38, 39]
[58]
[38, 39]
[96]
[140]
[]
[135, 136, 137, 138]
[]
[71, 72]
[71, 72]
[73]
[104]
[]
[96]
[0, 37, 98, 125]
[0, 37, 98, 125]
[74, 120, 121]
[]
[65, 66, 70, 154]
[0, 37, 65, 66, 70, 98, 125, 154]
[]
[81]
[82]
[]
[0, 37, 98, 125]
[83, 96]
[68]
[84, 85]
[84, 85]
[112]
[0, 37, 98, 125]
[84, 85]
[84, 85]
[84, 85]
[84, 85]
[84, 85]
[84, 85]
[84, 85]
[84, 85]
[84, 85]
[89]
[90]
[91]
[92]
[93]
[94]
[0, 37, 98, 125]
[100]
[98]
[61, 62, 63, 64, 65, 66, 155]
[100]
[35, 110]
[75]
[76]
[]
[0, 37, 98, 125]
[77]
[78]
[78]
[74, 120, 121]
[68]
[101]
[102]
[103]
[104]
[105]
[]
[0, 37, 98, 125]
[0, 37, 98, 125]
[95]
[68]
[]
[146]
[0, 37, 98, 125]
[122, 123]
[]
[]
[146]
[146]
[107]
[108]
[0, 37, 98, 125]
[110]
[111]
[112]
[70, 114, 115]
[113]
[]
[116]
[117]
[118]
[119]
[0, 37, 98, 125]
[65, 66, 70, 154]
[146]
[146]
[18, 74, 97, 106, 120, 121, 122, 123, 124]
[18, 74, 97, 106, 120, 121, 122, 123, 124]
[18, 74, 97, 106, 120, 121, 122, 123, 124]
[18, 74, 97, 106, 120, 121, 122, 123, 124]
[125]
[126]
[18, 74, 97, 106, 120, 121, 122, 123, 124]
[18, 74, 97, 106, 120, 121, 122, 123, 124]
[127, 128]
[127, 128]
[127, 128]
[127, 128]
[127, 128]
[96]
[127, 128]
[133, 134]
[61, 62, 63, 64, 65, 66, 139, 155]
[140, 141]
[140, 141]
[147]
[148]
[149, 151]
[150, 152]
[149, 151]
[150, 152]
[153]
[150, 152]
[149, 151]
[50, 51, 54, 55]
[50, 51, 54, 55]
[]
