1.0000000000000002
1.0000000000000002
1.0000000000000002
1.0
1.0000000000000002
1.0000000000000002
0.6694188517266485
0.28103816586304725
0.5031026124151314
0.26055567105626243
0.4112070550676187
0.28103816586304725
0.31878402175377923
0.26055567105626243
0.3360969272762575
0.28103816586304725
0.31878402175377923
0.26055567105626243
0.26951761324603224
0.21362255147805134
0.31878402175377923
0.26055567105626243
0.3360969272762575
0.28103816586304725
0.28103816586304725
0.31878402175377923
0.26055567105626243
0.26951761324603224
0.46291782018798144
0.31878402175377923
0.26055567105626243
0.26951761324603224
0.31878402175377923
0.26055567105626243
0.3360969272762575
0.28103816586304725
0.5031026124151314
0.5031026124151314
0.7765145304745156
0.4112070550676187
0.26055567105626243
0.3360969272762575
0.5031026124151314
0.26055567105626243
0.4112070550676187
0.4112070550676187
0.26055567105626243
0.3360969272762575
0.4112070550676187
0.26055567105626243
0.3360969272762575
0.5031026124151314
0.5031026124151314
0.4112070550676187
0.5031026124151314
0.26055567105626243
0.4112070550676187
0.31878402175377923
0.26055567105626243
0.26951761324603224
0.31878402175377923
0.26055567105626243
0.26951761324603224
0.26055567105626243
0.33609692727625756
0.4112070550676187
0.41120705506761873
0.3799783615910079
0.3799783615910079
0.3563004293331381
0.4056087205155434
0.3799783615910079
0.3799783615910079
0.2605556710562624
0.4056087205155434
0.48135845263284466
0.48135845263284466
0.43161341897075156
0.43161341897075156
0.43161341897075156
0.43161341897075156
0.7523197619890013
0.7523197619890013
1.0
1.0
1.0
0.33609692727625756
0.5031026124151314
0.3563004293331381
0.09339537641256734
0.6417645565491049
0.6417645565491049
0.716811741443062
0.7092972666062739
0.8019783064439234
0.716811741443062
0.6029748160380572
0.4110653709825173
0.4110653709825173
0.6029748160380572
0.6350012214071283
0.43161341897075156
0.43161341897075156
0.3360969272762575
0.5031026124151314
0.5031026124151314
0.26055567105626243
0.26055567105626243
0.43161341897075156
0.43161341897075156
0.38087260847594373
0.38087260847594373
0.38087260847594373
0.38087260847594373
0.5101490193104813
0.5101490193104813
1.0
1.0
1.0
1.0
1.0
1.0
1.0
1.0
1.0
1.0
1.0
1.0
1.0
1.0
1.0
1.0
1.0
1.0
1.0
1.0
1.0
1.0
1.0
1.0
1.0
1.0
1.0
1.0
1.0
1.0
1.0
1.0
1.0000000000000002
0.6029748160380572
0.4112070550676187
0.3360969272762575
0.26055567105626243
0.22028815056182974
0.4112070550676187
0.4112070550676187
0.4112070550676187
0.4112070550676187
0.4112070550676187
0.4112070550676187
0.4112070550676187
0.4112070550676187
0.4112070550676187
0.4112070550676187
0.4112070550676187
0.4112070550676187
0.4112070550676187
0.4112070550676187
0.4112070550676187
0.4112070550676187
0.4112070550676187
0.4112070550676187
0.4112070550676187
0.4112070550676187
0.4112070550676187
0.4112070550676187
0.4112070550676187
0.4112070550676187
0.4112070550676187
0.4112070550676187
0.4112070550676187
0.4112070550676187
1.0000000000000002
1.0
1.0
1.0
0.8350499057520981
0.8200207392821179
0.5031026124151314
0.20199309249791841
0.20199309249791841
0
0.20199309249791841
0.20199309249791841
0
0.5031026124151314
0.5031026124151314
0.716811741443062
0.716811741443062
0.716811741443062
0.716811741443062
0.43161341897075156
0.43161341897075156
0.6694188517266485
0.6694188517266485
0.6694188517266485
0.6694188517266485
0.6694188517266485
0.6029748160380572
0.5031026124151314
1.0000000000000002
1.0000000000000002
0.33609692727625756
1.0000000000000002
1.0000000000000002
0.33609692727625756
1.0000000000000002
1.0000000000000002
1.0000000000000002
1.0000000000000002
1.0000000000000002
1.0000000000000002
1.0000000000000002
1.0
1.0000000000000004
1.0000000000000002
1.0
1.0
0.33609692727625756
0.24129913647238913
0.6694188517266485
0.26055567105626243
0.29121941856368966
0.29121941856368966
0.26055567105626243
0.4112070550676187
0.5031026124151314
0.8477624970048976
0.8477624970048976
0.5031026124151314
0.30411146514337395
1.0000000000000002
1.0000000000000002
0.716811741443062
0.716811741443062
0.5031026124151314
0.5031026124151314
0.5031026124151314
0.5031026124151314
0.5031026124151314
0.5031026124151314
1.0000000000000002
1.0
1.0
1.0000000000000002
1.0000000000000002
1.0000000000000002
1.0000000000000002
1.0
0.5031026124151314
0.5031026124151314
0.5031026124151314
0.5031026124151314
0.5031026124151314
0.5031026124151314
1.0000000000000002
1.0
1.0
1.0000000000000002
1.0000000000000002
1.0000000000000002
1.0000000000000002
1.0
0.6694188517266485
0.6694188517266485
0.6694188517266485
0.6694188517266485
0.6694188517266485
0.6694188517266485
0.5797386715376658
0.5797386715376658
0.5797386715376658
0.5797386715376658
0.5797386715376658
0.5797386715376658
0.5797386715376658
0.5797386715376658
0.5797386715376658
0.5797386715376658
0.5797386715376658
0.5797386715376658
0.5797386715376658
0.5797386715376658
0.5797386715376658
0.5797386715376658
0.5797386715376658
0.5797386715376658
0.5797386715376658
0.5797386715376658
0.5797386715376658
0.5797386715376658
0.6694188517266485
0.6694188517266485
0.6694188517266485
0.6694188517266485
0.6694188517266485
0.6694188517266485
0.6694188517266485
0.6694188517266485
0.6694188517266485
0.4110653709825173
0.4110653709825173
0.4110653709825173
0.4110653709825173
0.4110653709825173
0.4110653709825173
0.4110653709825173
0.4110653709825173
0.4110653709825173
0.4110653709825173
0.4110653709825173
0.4110653709825173
0.4110653709825173
0.4110653709825173
0.4110653709825173
0.4110653709825173
0.4110653709825173
0.4110653709825173
0.4110653709825173
0.4110653709825173
0.4110653709825173
0.4110653709825173
0.474330706497194
0.474330706497194
1.0000000000000002
1.0
1.0000000000000002
1.0000000000000002
1.0000000000000002
1.0000000000000004
0.3720557314537373
1.0000000000000002
0.641764556549105
0.3360969272762575
0.3720557314537373
0.3720557314537372
0.3720557314537372
0.23790309463326234
0.3720557314537373
0.3840557184352618
0.3840557184352618
0.3360969272762575
0.3720557314537373
0.33609692727625756
0.33609692727625756
0.22028815056182974
0.3720557314537373
0.33609692727625756
0.33609692727625756
0.22028815056182974
0.22028815056182974
0.45026814465562653
0.45026814465562653
0.45026814465562653
0.6029748160380572
0.5031026124151314
0.6694188517266486
0.33609692727625756
0.33609692727625756
0.6392306240536285
0.33609692727625756
0.33609692727625756
0.33609692727625756
0.33609692727625756
0.33609692727625756
0.33609692727625756
1.0000000000000002
0.33609692727625756
0.8680942667801238
0.38755725536725033
0.38755725536725033
0.43161341897075156
1.0
0.5744651733947117
0.5415443207343178
0.5744651733947117
0.5415443207343178
0.6949450440198666
0.6694188517266486
0.2910691023819054
0.2605556710562624
0.2605556710562624
0.1505569696020495
0.1757860783933462
0.1505569696020495
0.2910691023819054
0.2605556710562624
0.2605556710562624
0.24121360667506989
0.23297965480487529
0.1757860783933462
0.1505569696020495
0.26942474918647663
0.3533721544668104
0.1505569696020495
0.2910691023819054
0.2605556710562624
0.2605556710562624
0.23297965480487529
0.1757860783933462
0.15055696960204953
0.2910691023819054
0.2605556710562624
0.2605556710562624
0.33609692727625756
0.31125746752705374
0.1757860783933462
0.23790309463326237
0.161713780662529
0.161713780662529
0.23790309463326237
0.33609692727625756
0.43161341897075156
0.4333009465089471
0.33609692727625756
0.33609692727625756
0.3807739676934258
0.1707761131901165
0.45762416226963254
0.45762416226963254
0.45762416226963254
0.8477624970048976
0.7168117414430619
0.7168117414430619
1.0000000000000002
1.0000000000000002
1.0000000000000002
1.0
1.0
0.5684901084069617
0.33609692727625756
0.5101490193104813
0.3748077700589726
0.5101490193104813
0.5507796339456279
0.4112070550676187
0.3748077700589726
0.33609692727625756
0.5031026124151314
0.33609692727625756
0.3748077700589726
0.4809731079601445
0.33609692727625756
0.5031026124151314
0.5797386715376658
1.0
1.0
1.0000000000000002
0.6694188517266485
0.716811741443062
0.716811741443062
0.8901087250340666
0.8901087250340666
0.8901087250340666
0.5031026124151314
0.5358559548726152
0.5031026124151314
0.6694188517266485
0.716811741443062
0.716811741443062
0.3278707471841718
0.35909013896206493
0.2773962289762415
0.2773962289762415
0.2773962289762415
0.2773962289762415
0.33609692727625745
0.33609692727625745
0.4501755023269898
0.4501755023269898
0.38087260847594373
0.38087260847594373
0.5485297816691114
0.5485297816691114
0.5485297816691114
0.5485297816691114
0.33609692727625756
0.5031026124151314
0.8477624970048976
0.8477624970048976
0.6029748160380572
0.6029748160380572
0.6029748160380572
0.5031026124151314
0.8019783064439234
1.0000000000000002
1.0
1.0
1.0
1.0000000000000002
1.0
1.0
1.0000000000000002
1.0000000000000002
1.0000000000000002
1.0000000000000002
1.0000000000000002
1.0
1.0000000000000002
1.0000000000000002
1.0000000000000002
1.0
1.0
1.0
1.0
1.0000000000000002
1.0000000000000002
1.0000000000000002
1.0
1.0000000000000002
1.0000000000000002
1.0000000000000002
1.0000000000000002
1.0000000000000002
1.0000000000000002
1.0000000000000002
1.0000000000000002
1.0000000000000002
1.0000000000000002
1.0000000000000002
1.0000000000000002
1.0000000000000002
1.0000000000000002
1.0000000000000002
1.0000000000000002
1.0000000000000002
1.0000000000000002
1.0000000000000002
1.0000000000000002
1.0000000000000002
1.0000000000000002
1.0000000000000002
1.0000000000000002
1.0000000000000002
1.0000000000000002
1.0000000000000002
1.0000000000000002
1.0000000000000002
1.0000000000000002
1.0000000000000002
1.0000000000000002
1.0000000000000002
1.0000000000000002
1.0000000000000002
1.0000000000000002
1.0000000000000002
1.0000000000000002
1.0000000000000002
1.0000000000000002
0.6029748160380572
0.5031026124151314
0.7799154245579976
0.5031026124151314
0.716811741443062
1.0000000000000002
1.0
1.0
0.33609692727625756
0.33609692727625756
0.27461178643580664
0.27461178643580664
0.3720557314537373
0.3360969272762575
0.6029748160380572
0.6766282517941078
0.6766282517941078
0.3360969272762575
0.6029748160380572
0.6029748160380572
0.3360969272762575
0.3360969272762575
0.6029748160380572
0.6766282517941078
0.6766282517941078
0.3360969272762575
0.6029748160380572
0.6029748160380572
1.0
0.6029748160380572
0.474330706497194
0.6766282517941078
0.6766282517941078
0.6029748160380572
0.6766282517941078
0.6029748160380572
0.6029748160380572
0.6350012214071283
0.6350012214071283
0.6766282517941078
0.6766282517941078
0.6350012214071283
0.4110653709825173
0.6350012214071283
0.6029748160380572
0.6029748160380572
0.4110653709825173
0.6766282517941078
0.6766282517941078
0.6029748160380572
0.4110653709825173
0.4110653709825173
0.6029748160380572
0.4112070550676187
0.4112070550676187
0.5803329846765686
0.5803329846765686
0.4112070550676187
0.4112070550676187
0.4112070550676187
0.27461178643580664
0.27461178643580664
0.6029748160380572
0.6029748160380572
0.3360969272762575
0.6766282517941078
0.6766282517941078
0.6029748160380572
0.3360969272762575
0.3360969272762575
0.6029748160380572
0.6029748160380572
0.3360969272762575
0.6766282517941078
0.6766282517941078
0.6029748160380572
0.4112070550676187
0.4112070550676187
1.0
0.6029748160380572
0.474330706497194
0.6766282517941078
0.6766282517941078
0.6029748160380572
0.6766282517941078
0.6029748160380572
0.3360969272762575
0.3360969272762575
0.6029748160380572
0.6766282517941078
0.6766282517941078
0.3360969272762575
0.6029748160380572
0.6029748160380572
0.3360969272762575
0.3360969272762575
0.6029748160380572
0.6766282517941078
0.6766282517941078
0.3360969272762575
0.6029748160380572
0.6029748160380572
1.0
0.6029748160380572
0.474330706497194
0.6766282517941078
0.6766282517941078
0.6029748160380572
0.6766282517941078
0.6029748160380572
0.5031026124151314
1.0
1.0
1.0
1.0
1.0
1.0
1.0000000000000002
1.0000000000000002
1.0000000000000002
1.0000000000000002
1.0000000000000002
1.0
1.0
1.0
1.0
1.0000000000000002
1.0000000000000002
1.0000000000000002
1.0
1.0
1.0000000000000002
1.0000000000000002
1.0000000000000002
0.4110653709825173
0.4498517039243882
0.6694188517266485
0.5724637744551229
0.5724637744551229
0.4498517039243882
0.5101490193104813
0.6694188517266485
0.4109954639349511
0.31888272749308844
0.43161341897075156
0.4767792392550708
0.4767792392550708
0.31888272749308844
0.43651006261910635
0.43161341897075156
0.36802320875611494
0.5270002516393681
0.6694188517266485
0.5724637744551229
0.5724637744551229
0.4498517039243882
0.5101490193104813
0.6694188517266485
1.0000000000000002
1.0000000000000002
1.0000000000000002
1.0000000000000002
1.0000000000000002
1.0000000000000002
0.8019783064439235
0.7799154245579976
1.0000000000000002
1.0000000000000002
1.0000000000000002
1.0000000000000002
1.0000000000000002
1.0000000000000002
1.0000000000000002
1.0000000000000002
1.0000000000000002
1.0000000000000002
1.0000000000000002
1.0000000000000002
1.0000000000000002
1.0000000000000002
0.6694188517266485
0.6694188517266485
1.0000000000000002
1.0000000000000002
1.0000000000000002
1.0000000000000002
1.0000000000000002
0.5031026124151314
0.8586557982260815
0.8477624970048976
0.5031026124151314
0.5031026124151314
0.5031026124151314
0.5031026124151314
0.6694188517266485
0.6694188517266485
1.0
1.0
1.0
1.0
0.33609692727625756
0.368023208756115
0.33609692727625756
0.6029748160380572
0.6029748160380572
0.6029748160380572
0.33609692727625756
0.368023208756115
0.33609692727625756
0.7799154245579976
0.7168117414430619
0.6694188517266485
0.6694188517266485
0.5031026124151314
0.8958999951937023
0.6694188517266485
0.5031026124151314
0.6694188517266485
0.5031026124151314
0.6694188517266485
0.5031026124151314
0.6694188517266485
0.5031026124151314
0.6694188517266485
0.5031026124151314
1.0
1.0
1.0000000000000002
1.0000000000000002
1.0000000000000002
1.0000000000000002
1.0
0.33609692727625756
0.33609692727625756
0.8680942667801238
0.8680942667801238
1.0000000000000002
1.0000000000000002
0.368023208756115
0.368023208756115
0.6029748160380572
1.0
0.6694188517266485
0.6694188517266485
0.6694188517266485
0.6694188517266485
0.7765145304745156
0.4112070550676187
1.0000000000000002
0.6694188517266485
0.6694188517266485
0.7168117414430619
0.7168117414430619
0.2523342014336961
0.2523342014336961
0.4363080696344093
0.2695176132460323
0.2523342014336961
0.3561776636856882
0.3901052651831878
0.3360969272762575
0.20199309249791833
0.6694188517266486
0.6694188517266486
0.474330706497194
0.474330706497194
0.5193879933129156
0.5193879933129156
0.5193879933129156
0.5193879933129156
0.6694188517266486
0.6694188517266486
0.6392306240536286
0.6392306240536286
0.5193879933129156
0.5193879933129156
0.474330706497194
0.474330706497194
0.474330706497194
0.474330706497194
0.6392306240536286
0.6392306240536286
0.20199309249791833
0.5031026124151314
0.4112070550676187
0.4112070550676187
0.4112070550676187
0.26055567105626243
0.6694188517266486
0.6694188517266486
0.474330706497194
0.474330706497194
0.5193879933129156
0.5193879933129156
0.5193879933129156
0.5193879933129156
0.5358559548726152
0.3360969272762575
0.6392306240536286
0.6392306240536286
0.5193879933129156
0.5193879933129156
0.474330706497194
0.474330706497194
0.474330706497194
0.474330706497194
0.5358559548726152
0.36771998046974713
0.6694188517266486
0.6694188517266486
0.474330706497194
0.474330706497194
0.5193879933129156
0.5193879933129156
0.5193879933129156
0.5193879933129156
0.6694188517266486
0.6694188517266486
0.6392306240536286
0.6392306240536286
0.5193879933129156
0.5193879933129156
0.474330706497194
0.474330706497194
0.474330706497194
0.474330706497194
0.6392306240536286
0.6392306240536286
0.28843236254753224
0.6327904583679945
0.6327904583679945
0.6327904583679945
0.4112070550676187
0.4112070550676187
0.4112070550676187
0.4112070550676187
0.4112070550676187
0.4112070550676187
0.4112070550676187
0.4112070550676187
0.4112070550676187
0.4112070550676187
0.49321500174512156
0.49321500174512156
0.49321500174512156
0.6029748160380572
0.43161341897075156
0.45026814465562653
0.45026814465562653
0.45026814465562653
0.49321500174512156
0.49321500174512156
0.49321500174512156
0.6694188517266485
0.5803329846765686
0.45026814465562653
0.45026814465562653
0.45026814465562653
0.43161341897075156
0.2523342014336961
0.2523342014336961
0.2523342014336961
0.2523342014336961
0.2523342014336961
0.45026814465562653
0.45026814465562653
0.45026814465562653
0.835049905752098
0.8200207392821179
0.8680942667801238
0.8680942667801238
1.0
1.0
1.0000000000000002
1.0000000000000002
1.0000000000000002
1.0000000000000002
1.0
0.5101490193104813
0.4552018457650676
0.5101490193104813
0.4552018457650676
0.5684901084069617
0.5031026124151314
0.8019783064439234
0.7168117414430619
0.43161341897075156
0.31125746752705374
0.33609692727625756
1.0
1.0
1.0
1.0000000000000002
1.0
1.0
1.0
1.0000000000000002
1.0
1.0
1.0
1.0000000000000002
0.7799154245579976
0.7799154245579976
0.7523197619890013
0.7523197619890013
0.7523197619890013
0.7523197619890013
1.0000000000000002
1.0000000000000002
1.0000000000000002
1.0000000000000002
1.0000000000000002
1.0000000000000002
1.0000000000000002
1.0000000000000004
1.0000000000000002
1.0000000000000002
0.7523197619890013
0.7799154245579976
0.7799154245579976
0.7799154245579976
0.7523197619890013
0.7523197619890013
0.7523197619890013
0.7523197619890013
1.0000000000000002
1.0000000000000002
0.7799154245579976
0.7799154245579976
0.7523197619890013
0.7523197619890013
0.7523197619890013
0.7523197619890013
1.0000000000000002
1.0000000000000002
1.0000000000000002
1.0
1.0
0.6985957980290544
0.6985957980290544
0.6985957980290544
0.4743307064971939
0.4743307064971939
0.43161341897075156
0.43161341897075156
0.6694188517266485
0.6694188517266485
0.43161341897075156
0.43161341897075156
1.0
1.0000000000000002
1.0000000000000002
1.0000000000000002
1.0000000000000002
1.0000000000000002
1.0000000000000002
1.0000000000000002
1.0000000000000002
1.0000000000000002
1.0000000000000002
1.0000000000000002
1.0000000000000002
1.0000000000000002
1.0000000000000002
1.0000000000000002
1.0000000000000002
1.0
1.0
1.0000000000000002
0.6029748160380572
1.0000000000000002
1.0000000000000002
0.6694188517266485
0.7523197619890014
0.5031026124151314
1.0
0.8019783064439235
1.0000000000000002
1.0000000000000002
1.0
1.0
1.0
1.0000000000000002
1.0
1.0
1.0
1.0000000000000002
1.0
1.0
1.0000000000000002
1.0000000000000002
1.0
1.0
1.0000000000000002
1.0000000000000002
1.0
1.0
1.0
1.0000000000000002
1.0
1.0
1.0
1.0
1.0000000000000002
1.0000000000000002
1.0000000000000002
0.7799154245579976
0.7799154245579976
0.7523197619890013
0.7523197619890013
0.7523197619890013
0.7523197619890013
1.0000000000000002
1.0000000000000002
1.0000000000000002
1.0000000000000002
1.0000000000000002
1.0000000000000002
1.0000000000000002
1.0000000000000002
1.0000000000000002
1.0000000000000002
1.0000000000000002
1.0
0.6029748160380572
1.0000000000000002
1.0000000000000002
0.6694188517266485
1.0
1.0000000000000002
1.0000000000000002
0.19431434016858148
0.24121360667506989
0.6694188517266485
0.2605556710562624
0.26055567105626243
0.7092972666062739
0.7092972666062739
0.7092972666062739
0.7092972666062739
0.7092972666062739
0.7092972666062739
0.7092972666062739
0.7092972666062739
0.7092972666062739
0.7092972666062739
0.7092972666062739
0.7092972666062739
0.6029748160380572
0.6029748160380572
0.6029748160380572
0.6029748160380572
0.3187840217537793
1.0000000000000002
1.0
1.0
1.0
1.0000000000000002
1.0
1.0
1.0
1.0000000000000002
1.0
1.0
1.0
1.0000000000000002
1.0
1.0
1.0
1.0000000000000002
1.0
1.0
1.0000000000000002
1.0000000000000002
1.0
1.0
1.0000000000000002
0.6694188517266485
0.43161341897075156
0.5031026124151314
1.0000000000000002
1.0
0.5031026124151314
0.6029748160380572
0.5224084666664461
0.5224084666664461
0.4651005455624053
0.48797033104154547
0.4211717827993324
0.4211717827993324
0.46761761398145213
0.46761761398145213
1.0000000000000002
1.0000000000000002
1.0
1.0
0.5031026124151314
1.0000000000000002
1.0000000000000002
1.0000000000000002
1.0000000000000002
0.5031026124151314
0.5797386715376658
0.5797386715376658
0.7523197619890013
0.7799154245579976
1.0000000000000004
1.0000000000000002
0.6029748160380572
0.6694188517266485
1.0
1.0
1.0
1.0
1.0
1.0
1.0
1.0
1.0
1.0000000000000002
1.0
1.0
1.0
1.0
1.0
1.0
0.5031026124151314
1.0000000000000002
1.0000000000000002
1.0000000000000002
0.5031026124151314
1.0000000000000002
1.0
1.0
1.0000000000000002
1.0000000000000002
1.0000000000000002
1.0000000000000002
1.0000000000000002
1.0000000000000002
1.0000000000000002
0.3360969272762575
0.3360969272762575
0.31089077468139725
0.31089077468139725
0.4110653709825173
0.4110653709825173
0.3360969272762575
0.3360969272762575
0.31089077468139725
0.31089077468139725
0.31089077468139725
0.31089077468139725
0.4110653709825173
0.4110653709825173
0.31089077468139725
0.31089077468139725
0.31089077468139725
0.31089077468139725
0.4110653709825173
0.4110653709825173
0.31089077468139725
0.31089077468139725
0.31089077468139725
0.31089077468139725
0.31089077468139725
0.31089077468139725
0.31089077468139725
0.31089077468139725
0.31089077468139725
0.31089077468139725
0.31089077468139725
0.31089077468139725
0.31089077468139725
0.31089077468139725
0.31089077468139725
0.31089077468139725
0.31089077468139725
0.31089077468139725
0.31089077468139725
0.31089077468139725
0.31089077468139725
0.31089077468139725
0.31089077468139725
0.31089077468139725
0.31089077468139725
0.31089077468139725
0.31089077468139725
0.31089077468139725
0.31089077468139725
0.31089077468139725
0.31089077468139725
0.31089077468139725
0.31089077468139725
0.31089077468139725
0.31089077468139725
0.31089077468139725
0.31089077468139725
0.31089077468139725
0.31089077468139725
0.31089077468139725
0.31089077468139725
0.31089077468139725
0.31089077468139725
0.31089077468139725
0.31089077468139725
0.31089077468139725
0.31089077468139725
0.31089077468139725
0.31089077468139725
0.31089077468139725
0.31089077468139725
0.31089077468139725
0.31089077468139725
0.31089077468139725
0.31089077468139725
0.31089077468139725
0.31089077468139725
0.31089077468139725
0.31089077468139725
0.31089077468139725
0.31089077468139725
0.31089077468139725
0.31089077468139725
0.31089077468139725
0.31089077468139725
0.31089077468139725
0.31089077468139725
0.31089077468139725
0.31089077468139725
0.31089077468139725
0.31089077468139725
0.31089077468139725
0.31089077468139725
0.31089077468139725
0.31089077468139725
0.31089077468139725
0.31089077468139725
0.31089077468139725
0.31089077468139725
0.31089077468139725
0.31089077468139725
0.31089077468139725
0.31089077468139725
0.31089077468139725
0.31089077468139725
0.31089077468139725
0.31089077468139725
0.31089077468139725
0.31089077468139725
0.31089077468139725
0.31089077468139725
0.31089077468139725
0.31089077468139725
0.31089077468139725
0.31089077468139725
0.31089077468139725
0.31089077468139725
0.31089077468139725
0.31089077468139725
0.31089077468139725
0.31089077468139725
0.31089077468139725
0.31089077468139725
0.31089077468139725
0.31089077468139725
0.31089077468139725
0.31089077468139725
0.31089077468139725
0.31089077468139725
0.31089077468139725
0.31089077468139725
0.31089077468139725
0.31089077468139725
0.31089077468139725
0.31089077468139725
0.31089077468139725
0.31089077468139725
0.31089077468139725
0.31089077468139725
0.31089077468139725
0.31089077468139725
0.31089077468139725
0.31089077468139725
0.31089077468139725
0.31089077468139725
0.31089077468139725
0.31089077468139725
0.31089077468139725
0.31089077468139725
0.31089077468139725
0.31089077468139725
0.31089077468139725
0.31089077468139725
0.31089077468139725
0.31089077468139725
0.31089077468139725
0.31089077468139725
0.31089077468139725
0.31089077468139725
0.31089077468139725
0.31089077468139725
0.31089077468139725
0.31089077468139725
0.31089077468139725
0.31089077468139725
0.31089077468139725
0.31089077468139725
0.31089077468139725
0.31089077468139725
0.31089077468139725
0.31089077468139725
0.31089077468139725
0.31089077468139725
0.31089077468139725
0.31089077468139725
0.31089077468139725
0.31089077468139725
0.31089077468139725
0.31089077468139725
0.31089077468139725
0.31089077468139725
0.31089077468139725
0.31089077468139725
0.31089077468139725
0.31089077468139725
0.31089077468139725
0.31089077468139725
0.31089077468139725
0.33609692727625756
0.4501755023269898
0.15064018498706508
0.3360969272762575
0.15064018498706508
0.4501755023269898
0.15064018498706508
0.5192800188031971
0.15064018498706508
1.0
0.33609692727625756
0.5031026124151314
0.716811741443062
0.6694188517266485
0.5031026124151314
0.33609692727625756
0.7168117414430619
0.2605556710562624
0.5031026124151314
0.5031026124151314
0.5031026124151314
1.0000000000000002
1.0
1.0
1.0
1.0
1.0
1.0
1.0000000000000002
1.0
1.0
1.0
0.6029748160380572
0.6029748160380572
0.5031026124151314
0.8019783064439234
0.7669315927137315
0.3143668104830826
0.5586177528223194
0.5031026124151314
0.6029748160380571
0.5031026124151314
0.6279041938452455
0.09339537641256734
0.26055567105626243
0.3360969272762575
