1.0000000000000002
0.33609692727625756
0.4494364165239821
1.0
1.0000000000000002
1.0000000000000002
0.4494364165239821
0.29121941856368966
0.2605556710562624
0.4112070550676187
0.22028815056182974
0.2605556710562624
0.4112070550676187
0.22028815056182974
0.33609692727625756
0.2605556710562624
0.33609692727625756
0
0
0.12735952979479354
0
0
0.23790309463326234
0.20199309249791833
1.0
0
1.0000000000000002
0.2910691023819054
0.2910691023819054
1.0000000000000002
1.0
0.12735952979479354
0
0
0.1505569696020495
0
0
0.4888908902652617
0
0
0
0
0
0.20199309249791841
0.20199309249791841
0.13627634143908643
0
0.10163066979112657
0.1757860783933462
0
0.19431434016858148
0.2798280652432878
0.4112070550676187
0.20199309249791833
0.3408242166238352
0.3408242166238352
0.19248422515864902
0.21693381701139697
0.28530619098136084
0.17707518167992103
0
0.2912194185636897
0.5803329846765686
1.0000000000000002
1.0000000000000002
1.0000000000000002
1.0
0.41120705506761873
0.4112070550676187
0.41120705506761873
0.4112070550676187
0.41120705506761873
0.4112070550676187
0.41120705506761873
0.4112070550676187
0.41120705506761873
0.4112070550676187
0.41120705506761873
0.4112070550676187
0.41120705506761873
0.4112070550676187
0.41120705506761873
0.4112070550676187
0.41120705506761873
0.5031026124151314
0.41120705506761873
0.20199309249791836
0.1506401849870651
0
0.2605556710562624
0
1.0000000000000002
1.0000000000000002
1.0000000000000002
0.06997254341808112
0
0.10371551133313006
0.26055567105626243
0.22028815056182974
0.1707761131901165
0
0.2605556710562624
0.19431434016858148
0
0.7092972666062739
1.0
0
0.26055567105626243
0.1707761131901165
0.38087260847594373
0.3563004293331381
0.3563004293331381
0.1506401849870651
0.26055567105626243
0.3563004293331381
0.3563004293331381
0.3563004293331381
0.3563004293331381
0.3563004293331381
0.3563004293331381
0.3563004293331381
0.3563004293331381
0.3563004293331381
0.2523342014336961
0.2523342014336961
0.2523342014336961
0.2523342014336961
0.2523342014336961
0.2523342014336961
0.33609692727625756
0.5797386715376658
1.0000000000000002
0.33609692727625756
1.0
0.31878402175377923
0.43161341897075156
0.2605556710562624
0
0.1757860783933462
0.43161341897075156
0.2605556710562624
0.22028815056182974
0.22028815056182974
0.11521554337793122
1.0000000000000002
1.0000000000000002
0.3187840217537793
1.0000000000000002
1.0000000000000002
0
0.33609692727625756
0.33609692727625756
0.15055696960204953
0.20199309249791841
0
0.5797386715376658
0.33609692727625756
0.14438355527738675
0
0
0.3032160644503863
0.3032160644503863
1.0000000000000002
1.0000000000000002
0.1757860783933462
0.1757860783933462
0.11521554337793123
1.0000000000000002
0.1757860783933462
0.26951761324603224
0
1.0000000000000002
1.0000000000000002
1.0000000000000002
1.0000000000000002
0.26055567105626243
0.2605556710562624
0.3799783615910079
0.3799783615910079
0.3360969272762575
0.3360969272762575
0.3360969272762575
0.3360969272762575
1.0000000000000002
1.0
0.3360969272762575
0.3360969272762575
0.2695176132460322
1.0000000000000002
1.0000000000000002
0.7092972666062738
0.7092972666062738
0.31033226222218124
0.41120705506761873
0.5918927626373603
0.33609692727625756
0.11234277891542778
0.12735952979479354
0.45026814465562653
1.0000000000000002
1.0
1.0
0.5797386715376658
0.5797386715376658
1.0000000000000002
0.5797386715376658
0.5797386715376658
0.20199309249791833
0.20199309249791833
0
