1.0
0.475
0.475
1.0
1.0
1.0
0.8648648648648649
0.7564102564102564
0.675
0.7272727272727273
0.7391304347826086
0.4683544303797469
0.675
0.7272727272727273
0.7391304347826086
0.8421052631578947
0.675
0.9210526315789473
0.37254901960784315
0.37254901960784315
0.2666666666666667
0.31034482758620685
0.23364485981308414
0.23364485981308414
0.20192307692307687
0.20192307692307687
0.23333333333333328
0.2807017543859649
0.1875
0.27083333333333337
0.2727272727272727
0.34693877551020413
0.34693877551020413
0.34693877551020413
0.28
0.3035714285714286
0.34693877551020413
0.31746031746031744
0.27586206896551724
0.27586206896551724
0.25806451612903225
0.31746031746031744
0.26595744680851063
0.3015873015873016
0.3015873015873016
0.7878787878787878
0.3015873015873016
0.3015873015873016
0.3015873015873016
0.3015873015873016
0.24615384615384617
0.24615384615384617
0.24615384615384617
0.24615384615384617
0.24615384615384617
0.24615384615384617
0.24615384615384617
0.24615384615384617
0.28358208955223885
0.24615384615384617
0.24615384615384617
0.24615384615384617
0.24615384615384617
0.24615384615384617
0.24615384615384617
0.24615384615384617
0.24615384615384617
0.24615384615384617
0.24615384615384617
0.24615384615384617
0.24615384615384617
0.24615384615384617
0.24615384615384617
0.24615384615384617
0.23943661971830987
0.24615384615384617
0.24285714285714288
0.28125
0.24615384615384617
0.24615384615384617
0.24615384615384617
0.24615384615384617
0.303030303030303
0.2727272727272727
0.2727272727272727
0.303030303030303
0.2727272727272727
0.2727272727272727
0.303030303030303
0.303030303030303
0.303030303030303
0.2727272727272727
0.2894736842105263
0.24390243902439024
0.2682926829268293
0.24390243902439024
0.27118644067796616
0.23529411764705888
0.32499999999999996
0.5595238095238095
0.5714285714285714
0.7017543859649122
0.8245614035087719
0.7142857142857143
0.6904761904761905
0.9361702127659575
0.27826086956521734
0.2909090909090909
1.0
0.22580645161290325
0.31746031746031744
0.3448275862068966
0.31746031746031744
0.2698412698412699
0.24390243902439024
0.1785714285714286
0.4383561643835616
0.2093023255813954
0.2093023255813954
0.276595744680851
0.2586206896551724
0.31034482758620685
0.3492063492063492
0.31034482758620685
0.3492063492063492
0.303030303030303
0.44999999999999996
0.44999999999999996
0.5789473684210527
0.23809523809523814
0.36585365853658536
0.38
0.28888888888888886
0.2777777777777778
0.5
0.625
0.4878048780487805
0.19047619047619047
0.20731707317073167
0.33720930232558144
0.29032258064516125
0.32352941176470584
0.3793103448275862
0.2727272727272727
0.4137931034482759
0.29032258064516125
0.3294117647058824
0.31818181818181823
0.3125
0.5365853658536586
0.1917808219178082
0.29032258064516125
0.5
0.2692307692307693
0.29032258064516125
0.23893805309734517
0.32352941176470584
0.4878048780487805
0.3793103448275862
0.4444444444444444
0.33333333333333337
0.4776119402985075
0.3414634146341463
0.19999999999999996
0.19999999999999996
0.33999999999999997
0.33999999999999997
0.8461538461538461
0.787037037037037
0.787037037037037
0.5168539325842696
0.2530120481927711
0.43999999999999995
0.24242424242424243
0.24242424242424243
0.28125
0.22916666666666663
0.32499999999999996
0.33333333333333337
0.33333333333333337
0.1785714285714286
0.21904761904761905
0.1785714285714286
0.21904761904761905
0.31746031746031744
0.31746031746031744
0.6511627906976745
0.29268292682926833
0.3492063492063492
0.3492063492063492
1.0
1.0
1.0
1.0
0.96
0.29333333333333333
0.29032258064516125
0.2857142857142857
0.24615384615384617
0.2857142857142857
0.24615384615384617
0.29333333333333333
0.24615384615384617
0.29032258064516125
0.27586206896551724
0.29032258064516125
0.24615384615384617
0.27586206896551724
0.29032258064516125
0.7894736842105263
0.8461538461538461
0.2647058823529411
0.2678571428571429
0.24242424242424243
0.2962962962962963
0.2682926829268293
0.2857142857142857
0.19791666666666663
0.2682926829268293
0.2857142857142857
0.19791666666666663
0.20408163265306123
0.9444444444444444
0.8795180722891567
1.0
0.26168224299065423
0.33999999999999997
0.33999999999999997
0.31034482758620685
0.2698412698412699
0.26595744680851063
0.27586206896551724
0.27586206896551724
0.26595744680851063
0.27083333333333337
0.3448275862068966
0.33333333333333337
0.3448275862068966
0.33333333333333337
0.33333333333333337
0.33999999999999997
0.33999999999999997
0.33999999999999997
0.23076923076923073
0.23076923076923073
0.23076923076923073
0.23076923076923073
0.43999999999999995
0.2093023255813954
0.2093023255813954
0.32258064516129037
0.3571428571428571
0.3571428571428571
0.33333333333333337
0.2857142857142857
0.31746031746031744
0.33333333333333337
0.4383561643835616
0.39473684210526316
0.8235294117647058
0.8367346938775511
0.7818181818181819
0.9032258064516129
0.9032258064516129
0.37254901960784315
0.37254901960784315
0.2666666666666667
0.31034482758620685
1.0
0.9767441860465116
0.6734693877551021
0.2931034482758621
0.32558139534883723
0.32352941176470584
0.23076923076923073
0.21505376344086025
0.33333333333333337
0.30952380952380953
0.28431372549019607
0.10869565217391308
1.0
1.0
0.29032258064516125
0.40740740740740744
0.23404255319148937
0.23404255319148937
0.23404255319148937
0.23404255319148937
0.23404255319148937
0.23404255319148937
0.2222222222222222
0.2222222222222222
0.2222222222222222
0.2222222222222222
0.21739130434782605
0.19298245614035092
0.19298245614035092
0.21276595744680848
0.21276595744680848
0.3076923076923077
0.33333333333333337
0.3666666666666667
0.19298245614035092
0.19298245614035092
0.25
0.24
0.24
0.2549019607843137
0.6486486486486487
0.46153846153846156
0.32258064516129037
0.5526315789473684
0.5789473684210527
0.55
0.5526315789473684
0.5789473684210527
0.55
1.0
0.3492063492063492
0.24242424242424243
0.24242424242424243
0.24242424242424243
0.4411764705882353
0.30434782608695654
0.24242424242424243
0.24242424242424243
0.24242424242424243
0.42307692307692313
0.30434782608695654
0.24242424242424243
0.24242424242424243
0.24242424242424243
0.42307692307692313
0.28260869565217395
0.33333333333333337
0.27522935779816515
0.40816326530612246
0.26136363636363635
0.2093023255813954
0.2647058823529411
0.3529411764705882
0.25
0.3529411764705882
0.43999999999999995
0.3939393939393939
0.2692307692307693
0.31999999999999995
0.31999999999999995
0.21276595744680848
0.23404255319148937
0.31999999999999995
0.31999999999999995
0.22499999999999998
0.22499999999999998
0.25
0.25
0.26415094339622647
0.3287671232876712
0.33333333333333337
0.33333333333333337
0.2647058823529411
0.3486238532110092
0.31746031746031744
0.31818181818181823
0.31746031746031744
0.31818181818181823
0.33333333333333337
0.24137931034482762
0.33333333333333337
0.31034482758620685
0.295774647887324
0.3055555555555556
0.2702702702702703
0.24561403508771928
0.24561403508771928
0.24561403508771928
0.24561403508771928
0.27586206896551724
0.2857142857142857
0.30379746835443033
0.30000000000000004
0.26027397260273977
0.26027397260273977
0.2857142857142857
0.2857142857142857
0.26
0.26
0.26
0.2564102564102564
0.2777777777777778
1.0
0.6774193548387097
1.0
0.27118644067796616
0.29729729729729726
0.22549019607843135
0.19417475728155342
0.19417475728155342
0.23636363636363633
0.23636363636363633
0.25
0.25
0.2321428571428571
0.2321428571428571
0.21875
0.21875
0.19444444444444442
0.19444444444444442
0.23636363636363633
0.23636363636363633
0.25
0.25
0.2321428571428571
0.2321428571428571
0.31818181818181823
0.2068965517241379
0.20833333333333337
0.24137931034482762
0.20833333333333337
0.24137931034482762
0.21739130434782605
0.21739130434782605
0.19417475728155342
0.19417475728155342
0.23636363636363633
0.23636363636363633
0.25
0.25
0.2321428571428571
0.2321428571428571
0.20833333333333337
0.20833333333333337
0.32692307692307687
0.32692307692307687
0.2727272727272727
0.43999999999999995
0.29230769230769227
0.23728813559322037
0.2857142857142857
0.2857142857142857
0.3055555555555556
0.2702702702702703
0.24561403508771928
0.24561403508771928
0.24561403508771928
0.24561403508771928
0.27586206896551724
0.6363636363636364
0.6363636363636364
0.3214285714285714
0.19354838709677424
0.19354838709677424
0.2142857142857143
0.9777777777777777
1.0
0.5869565217391304
0.7887323943661972
1.0
0.43999999999999995
0.4383561643835616
0.27419354838709675
0.23076923076923073
0.2564102564102564
0.43999999999999995
0.4383561643835616
0.42500000000000004
0.42500000000000004
0.44999999999999996
0.44999999999999996
0.725
0.725
0.6363636363636364
0.36363636363636365
0.36363636363636365
0.4035087719298246
0.34615384615384615
0.4035087719298246
0.4347826086956522
0.37037037037037035
0.32835820895522383
0.36363636363636365
0.36363636363636365
0.6341463414634146
0.4347826086956522
0.3913043478260869
0.32835820895522383
0.3913043478260869
0.359375
0.36363636363636365
0.36363636363636365
0.5
0.4137931034482759
0.36363636363636365
0.36363636363636365
0.3928571428571429
0.5526315789473684
0.6521739130434783
0.6521739130434783
0.6521739130434783
0.6521739130434783
0.36363636363636365
0.36363636363636365
0.6521739130434783
0.6521739130434783
0.6521739130434783
0.6521739130434783
0.36363636363636365
0.36363636363636365
0.9777777777777777
0.9736842105263158
0.5806451612903225
0.7045454545454546
0.37777777777777777
0.3232323232323232
1.0
0.20270270270270274
0.20270270270270274
0.21311475409836067
0.21311475409836067
0.20270270270270274
0.20270270270270274
0.23287671232876717
0.23287671232876717
0.8181818181818181
0.6129032258064516
0.6216216216216216
0.24390243902439024
0.2727272727272727
0.26086956521739135
0.30434782608695654
0.47058823529411764
0.3820224719101124
0.8846153846153846
0.8076923076923077
1.0
1.0
0.712962962962963
1.0
1.0
0.5740740740740741
0.7878787878787878
0.7878787878787878
0.7878787878787878
0.7878787878787878
0.574468085106383
0.36734693877551017
1.0
1.0
0.35
0.2674418604651163
0.2142857142857143
1.0
1.0
0.96
0.9666666666666667
0.6
0.9032258064516129
0.34782608695652173
0.48484848484848486
0.4747474747474747
0.2702702702702703
0.2941176470588235
0.303030303030303
0.2702702702702703
0.26865671641791045
0.7333333333333334
0.2727272727272727
0.21739130434782605
0.2530120481927711
0.7954545454545454
0.7631578947368421
0.8767123287671232
0.31034482758620685
0.31034482758620685
0.35
1.0
1.0
1.0
0.9428571428571428
0.9714285714285714
0.7457627118644068
0.3303571428571429
0.3303571428571429
0.3303571428571429
0.3303571428571429
0.33333333333333337
0.21276595744680848
0.25
0.28888888888888886
0.33999999999999997
0.24390243902439024
0.3421052631578947
0.28125
0.5648148148148149
0.4383561643835616
0.43999999999999995
0.28260869565217395
0.33333333333333337
0.21739130434782605
0.22619047619047616
0.23943661971830987
0.23809523809523814
0.23076923076923073
0.24193548387096775
0.2542372881355932
0.368421052631579
0.368421052631579
0.2857142857142857
0.3125
0.25
0.28125
0.5384615384615384
