1.0000000000000002
1.0
1.0000000000000002
1.0000000000000002
1.0000000000000002
1.0000000000000002
0.26055567105626243
0.2605556710562624
0.43161341897075156
0.4112070550676187
0.26055567105626243
0.4112070550676187
0.31878402175377923
0.26055567105626243
0.26951761324603224
0.5031026124151314
0.26055567105626243
0.4112070550676187
0.31878402175377923
0.26055567105626243
0.26951761324603224
0.31878402175377923
0.26055567105626243
0.26951761324603224
0.31878402175377923
0.26055567105626243
0.26951761324603224
0.31878402175377923
0.26055567105626243
0.26951761324603224
0.31878402175377923
0.26055567105626243
0.26951761324603224
0.6029748160380572
0.31878402175377923
0.41120705506761873
1.0000000000000002
1.0000000000000002
0.5029292651136352
0.33609692727625756
0.43161341897075156
0.6694188517266485
0.5031026124151314
0.5031026124151314
0.3360969272762575
0.3360969272762575
0.48097310796014436
0.3279662016414059
0.3279662016414059
0.3360969272762575
0.3360969272762575
0.3360969272762575
0.3360969272762575
0.3360969272762575
0.3360969272762575
0.42305136624080664
0.3360969272762575
0.48097310796014436
0.4112070550676187
0
1.0
1.0000000000000002
1.0000000000000002
0.5031026124151314
0.5031026124151314
0.5031026124151314
0.33609692727625756
1.0000000000000002
1.0000000000000002
0.5031026124151314
1.0000000000000002
1.0000000000000002
0.5797386715376658
0.20613696606828605
0.36311001193313747
0.7765145304745156
0.7765145304745156
0.1908740661302035
1.0
0.6029748160380572
0.41477399243778285
0.4147739924377828
1.0000000000000002
0.48097310796014436
0.5031026124151314
0.43161341897075156
0.48097310796014436
0.20199309249791836
0.48097310796014436
0.48097310796014436
0.33609692727625756
0.29121941856368966
0.3360969272762575
0.4393387340463309
0.4393387340463309
0.1707761131901165
0.3446421410380548
0.1707761131901165
0.4112070550676187
0.20199309249791836
0.20199309249791836
0.20199309249791836
0.20199309249791836
0.368023208756115
0.08176804146599938
0.10163066979112656
0.08704446792504218
0.1757860783933462
0.13627634143908643
0
0
0.10964258683453855
0.5697077090551435
0.19785318493980444
0.41120705506761873
0.21507032570577075
0.41120705506761873
0.21507032570577075
0.41120705506761873
0.21507032570577075
0.41120705506761873
0.19785318493980444
0.41120705506761873
0.5697077090551435
0.13732225381708077
0.41120705506761873
0.13250453099967507
0.41120705506761873
0.5697077090551435
0.38129498634409287
0.41120705506761873
0.13250453099967507
0.41120705506761873
0.26055567105626243
0.4112070550676187
0.6694188517266485
1.0000000000000002
1.0
1.0000000000000002
1.0000000000000002
1.0000000000000002
1.0
1.0000000000000002
1.0
1.0000000000000002
1.0
1.0000000000000002
1.0
1.0000000000000002
1.0000000000000002
1.0000000000000002
1.0000000000000002
1.0000000000000002
1.0000000000000002
1.0000000000000002
1.0000000000000002
1.0000000000000002
1.0000000000000002
1.0000000000000002
0.5031026124151314
0.5031026124151314
1.0000000000000002
1.0000000000000002
1.0000000000000002
0.5031026124151314
0.5031026124151314
0.29526755538240534
0.20199309249791833
0.26055567105626243
0.20199309249791833
0.835049905752098
0.6694188517266485
0.6029748160380572
0.5031026124151314
1.0000000000000002
1.0000000000000002
1.0000000000000002
1.0000000000000002
1.0
1.0000000000000002
1.0000000000000002
1.0000000000000002
1.0000000000000002
0.3005524580213562
0.43161341897075156
0.6694188517266485
0.6694188517266485
0.11521554337793123
0.11521554337793123
0.11521554337793123
0.11521554337793123
0.33609692727625756
0.48097310796014436
0.1757860783933462
0.19431434016858148
0.48097310796014436
0.48097310796014436
0.48097310796014436
0.48097310796014436
0.48097310796014436
0.48097310796014436
1.0000000000000002
1.0000000000000002
1.0000000000000002
1.0000000000000002
1.0
1.0000000000000002
0.3563004293331381
0.3563004293331381
0.48097310796014436
0.22028815056182974
0.22028815056182974
0.22028815056182974
0.22028815056182974
0.22028815056182974
0.22028815056182974
0.22028815056182974
0.22028815056182974
0.22028815056182974
0.3360969272762575
0.5101490193104813
0.3360969272762575
0.43161341897075156
0.20199309249791833
0.20199309249791833
0.20199309249791833
0.20199309249791833
0.20199309249791833
0.5031026124151314
0.48097310796014436
0.48097310796014436
0.48097310796014436
0.33609692727625756
0.33609692727625756
0.948683298050514
0.33609692727625756
1.0000000000000002
1.0000000000000002
1.0000000000000002
1.0000000000000002
1.0000000000000002
1.0
1.0000000000000002
0.7357532581618296
1.0
1.0
1.0
1.0000000000000002
1.0000000000000002
1.0000000000000002
0.7168117414430619
1.0000000000000002
0.5797386715376658
0.3901052651831878
0.3901052651831878
0.6029748160380572
0.5031026124151314
0.3901052651831878
1.0000000000000002
1.0000000000000002
1.0000000000000002
1.0000000000000002
1.0000000000000002
0.24121360667506989
0.5031026124151314
0.5031026124151314
1.0000000000000002
1.0000000000000002
1.0000000000000002
1.0000000000000002
0.6949450440198665
0.3807739676934258
0.2605556710562624
0.26055567105626243
0.20199309249791836
1.0000000000000002
0.6029748160380572
0.6029748160380572
0.33609692727625756
0.33609692727625756
1.0
0.6029748160380572
0.6029748160380572
0.33609692727625756
0.33609692727625756
1.0
0.5697077090551435
0.368023208756115
0.41120705506761873
0.4110653709825173
0.41120705506761873
0.26055567105626243
0.41120705506761873
0.26055567105626243
0.41120705506761873
0.4110653709825173
0.41120705506761873
0.5697077090551435
0.13732225381708077
0.41120705506761873
0.3808726084759438
0.41120705506761873
0.5697077090551435
0.13732225381708077
0.41120705506761873
0.13250453099967507
0.41120705506761873
0.5697077090551435
0.19785318493980444
0.41120705506761873
0.19785318493980444
0.41120705506761873
0.21507032570577075
0.41120705506761873
0.21507032570577075
0.41120705506761873
0.19785318493980444
0.41120705506761873
0.5697077090551435
0.13732225381708077
0.41120705506761873
0.13250453099967507
0.41120705506761873
0.5697077090551435
0.23143617838855327
0.41120705506761873
0.13250453099967507
0.41120705506761873
1.0000000000000004
0.6029748160380572
0.6029748160380572
1.0000000000000002
0.2605556710562624
1.0
0.6029748160380572
0.6029748160380572
1.0000000000000002
1.0000000000000002
1.0000000000000002
1.0
1.0000000000000002
1.0000000000000002
1.0
1.0
0.5797386715376658
0.5797386715376658
1.0000000000000002
1.0000000000000002
1.0000000000000002
0.2605556710562624
0.8477624970048977
0.2746117864358066
0.08768681980142447
0.08768681980142447
0.08768681980142447
0.08768681980142447
0.1707761131901165
0.33609692727625756
0.38405571843526176
0.38405571843526176
0.38405571843526176
0.38405571843526176
0.38405571843526176
0.38405571843526176
0.38405571843526176
0.38405571843526176
0.38405571843526176
0.19431434016858148
0.19431434016858148
0.19431434016858148
0.19431434016858148
0.19431434016858148
0.19431434016858148
0.19431434016858148
0.19431434016858148
0.19431434016858148
0.19431434016858148
0.19431434016858148
0.19431434016858148
0.19431434016858148
0.19431434016858148
0.19431434016858148
0.19431434016858148
0.19431434016858148
0.19431434016858148
0.1757860783933462
0.1757860783933462
0.1757860783933462
0.11521554337793123
0.1506401849870651
0.12735952979479354
0.11521554337793123
0.1506401849870651
0.12735952979479354
0.6029748160380572
