1.0000000000000002
1.0
0.41120705506761873
0.41120705506761873
1.0000000000000002
1.0000000000000002
0.7092972666062739
0.3563004293331381
0.2605556710562624
0.26055567105626243
0.4112070550676187
0.26055567105626243
0.5031026124151314
0.22028815056182974
0.22028815056182968
0.4112070550676187
0.33609692727625756
0.5371255791561927
0.29505871904131714
0
0.46564621909889997
0.31878402175377923
0.4494364165239821
0.5031026124151314
0.5031026124151314
0.5031026124151314
0.5797386715376658
0.20199309249791833
0.1707761131901165
0.1707761131901165
0.26055567105626243
0.26055567105626243
0.1707761131901165
1.0
0.29121941856368966
0.31878402175377923
0.31878402175377923
1.0000000000000002
0
0.2523342014336961
0.34899390795526875
1.0000000000000002
1.0000000000000002
1.0000000000000002
1.0000000000000002
0.8466473536503034
0.8181802073667197
0.33609692727625756
0.2521387069452626
0.34239018611349886
0.4393387340463309
0.5031026124151314
0.5031026124151314
0.5031026124151314
0.2853061909813609
0.4112070550676187
0.6694188517266485
0.5298787228436411
1.0000000000000002
1.0
1.0000000000000002
1.0000000000000002
0.41120705506761873
0.4112070550676187
0.41120705506761873
0.4112070550676187
0.41120705506761873
0.6029748160380572
0.41120705506761873
1.0
1.0000000000000002
0.5101490193104813
1.0000000000000002
0.5101490193104813
0.41120705506761873
0.5101490193104813
0.41120705506761873
0.5101490193104813
0.41120705506761873
0.5031026124151314
0.41120705506761873
0.3103322622221812
0.3103322622221812
0.5031026124151314
1.0000000000000002
1.0000000000000002
1.0000000000000002
0.26055567105626243
0.6201272584968652
0.6694188517266485
0.1707761131901165
0.2605556710562624
0.33609692727625756
0.33609692727625756
0.33609692727625756
0.33609692727625756
1.0
1.0000000000000002
0.33609692727625756
0.5031026124151314
0.7092972666062739
0.19431434016858148
0.6694188517266485
0.35630042933313816
0.33609692727625756
0.22028815056182968
1.0000000000000002
1.0000000000000002
0.2605556710562624
0.2605556710562624
1.0
0.7092972666062739
0.5101490193104813
0.4112070550676187
0.2523342014336961
0.43161341897075156
0.20199309249791833
0.1707761131901165
0.31033226222218124
1.0000000000000002
0.33609692727625756
0.19431434016858148
0.33609692727625756
0.368023208756115
0.33609692727625756
0.33609692727625756
0.4112070550676187
0.33609692727625756
0.29032099736023764
0.22028815056182974
0.22028815056182974
1.0
1.0000000000000002
1.0000000000000002
1.0000000000000002
0.5031026124151314
0.33609692727625756
1.0000000000000002
0.6953572570566552
0.6953572570566552
1.0
1.0000000000000002
0.3187840217537793
1.0000000000000002
1.0000000000000002
0.8673636849609287
1.0000000000000002
1.0000000000000002
0.0986796179798696
0.20199309249791833
0.20199309249791833
0.20199309249791833
0.20199309249791833
0.4112070550676187
0.2605556710562624
0.26055567105626243
1.0000000000000002
1.0000000000000002
1.0000000000000002
1.0000000000000002
0.20199309249791836
0.26055567105626243
0.20199309249791836
1.0000000000000002
0.14438355527738675
0.14438355527738675
0.22028815056182974
0.22028815056182974
0.14438355527738672
0.1707761131901165
0.1707761131901165
0.26055567105626243
0.26055567105626243
0.17077611319011649
0.4073526042885674
0.6029748160380572
0.6029748160380572
1.0000000000000002
1.0
0.6029748160380572
0.6029748160380572
1.0000000000000002
1.0000000000000002
0.3279662016414059
0.5797386715376658
0.3677947711834779
0.5797386715376658
0.7168117414430619
1.0000000000000002
0.43161341897075156
0.3360969272762575
0.7168117414430619
1.0000000000000002
1.0
1.0
0.5797386715376658
0.5797386715376658
1.0000000000000002
0.5797386715376658
0.5797386715376658
0.20199309249791836
0.29505871904131714
0.20199309249791833
0.20199309249791833
0.3360969272762575
