0.7727272727272727
0.5
0.47916666666666663
0.935483870967742
0.935483870967742
1.0
1.0
1.0
1.0
1.0
0.9722222222222222
0.9743589743589743
0.9210526315789473
0.8478260869565217
0.9473684210526316
0.9512195121951219
0.9444444444444444
0.9545454545454546
0.9459459459459459
0.9555555555555556
0.9696969696969697
0.9714285714285714
0.9655172413793104
0.967741935483871
0.9393939393939394
0.9411764705882353
0.9310344827586207
0.9333333333333333
0.9428571428571428
0.935483870967742
0.9719626168224299
0.9166666666666666
0.9215686274509804
0.875
0.875
0.9215686274509804
0.9166666666666666
0.9358974358974359
0.9565217391304348
0.9565217391304348
0.7951807228915663
0.7951807228915663
0.7951807228915663
0.7951807228915663
0.7951807228915663
0.7951807228915663
0.7951807228915663
0.8072289156626506
0.7951807228915663
0.7951807228915663
0.7951807228915663
0.7349397590361446
0.8705882352941177
0.8705882352941177
0.8705882352941177
0.8705882352941177
0.8705882352941177
0.8705882352941177
0.8705882352941177
0.8705882352941177
0.8705882352941177
0.8705882352941177
0.8705882352941177
0.8705882352941177
0.9166666666666666
0.875
0.9333333333333333
0.8431372549019608
0.2676056338028169
0.2571428571428571
0.9318181818181819
0.9318181818181819
0.9032258064516129
0.26388888888888884
0.26388888888888884
0.9318181818181819
0.9318181818181819
0.9032258064516129
0.875
0.875
0.9130434782608696
0.9130434782608696
1.0
1.0
1.0
1.0
1.0
1.0
1.0
1.0
1.0
1.0
1.0
1.0
1.0
1.0
1.0
1.0
0.8947368421052632
0.4657534246575342
0.875
0.875
1.0
1.0
1.0
1.0
1.0
1.0
1.0
0.9318181818181819
1.0
1.0
1.0
1.0
1.0
1.0
1.0
1.0
1.0
1.0
1.0
1.0
1.0
1.0
1.0
1.0
1.0
1.0
1.0
1.0
1.0
1.0
1.0
1.0
1.0
1.0
1.0
1.0
1.0
1.0
1.0
1.0
1.0
1.0
1.0
1.0
1.0
1.0
1.0
1.0
1.0
1.0
1.0
1.0
1.0
1.0
1.0
1.0
1.0
1.0
1.0
1.0
1.0
0.8947368421052632
0.8947368421052632
0.36
0.36
0.36
0.36
0.7241379310344828
0.7241379310344828
0.6666666666666667
0.6666666666666667
0.6451612903225806
0.7037037037037037
1.0
1.0
1.0
1.0
1.0
1.0
0.967741935483871
1.0
1.0
1.0
1.0
1.0
1.0
1.0
1.0
1.0
1.0
1.0
1.0
1.0
1.0
1.0
1.0
1.0
1.0
1.0
1.0
1.0
1.0
1.0
1.0
1.0
1.0
1.0
1.0
1.0
1.0
1.0
1.0
1.0
1.0
1.0
1.0
1.0
1.0
1.0
1.0
1.0
1.0
1.0
1.0
1.0
1.0
1.0
1.0
1.0
1.0
1.0
1.0
1.0
1.0
1.0
1.0
0.962962962962963
1.0
0.8235294117647058
0.71875
0.9666666666666667
0.8947368421052632
0.8947368421052632
0.6233766233766234
0.6233766233766234
0.6956521739130435
0.6956521739130435
0.625
0.625
0.7037037037037037
0.9318181818181819
1.0
1.0
1.0
1.0
1.0
1.0
1.0
1.0
1.0
1.0
1.0
1.0
1.0
1.0
1.0
1.0
1.0
1.0
1.0
1.0
1.0
1.0
1.0
1.0
1.0
1.0
1.0
1.0
1.0
1.0
1.0
1.0
1.0
1.0
1.0
1.0
1.0
1.0
1.0
1.0
1.0
1.0
1.0
1.0
1.0
1.0
1.0
1.0
1.0
1.0
1.0
1.0
1.0
1.0
1.0
1.0
1.0
1.0
1.0
1.0
1.0
1.0
1.0
1.0
1.0
1.0
1.0
1.0
1.0
1.0
1.0
1.0
1.0
0.7037037037037037
0.9166666666666666
0.9325842696629214
0.9325842696629214
0.8433734939759037
0.8433734939759037
0.9154929577464789
0.9154929577464789
0.6233766233766234
0.6233766233766234
0.6956521739130435
0.6956521739130435
0.625
0.625
0.8717948717948718
0.9090909090909091
0.9090909090909091
0.8717948717948718
0.8717948717948718
0.9242424242424242
0.9242424242424242
0.8974358974358975
0.85
0.85
0.9333333333333333
0.8356164383561644
0.8356164383561644
0.9295774647887324
0.9295774647887324
0.6233766233766234
0.6233766233766234
0.6226415094339622
0.6226415094339622
0.6071428571428572
0.6071428571428572
0.9577464788732395
0.9577464788732395
0.6493506493506493
0.6493506493506493
0.6226415094339622
0.6226415094339622
0.6607142857142857
0.6607142857142857
0.8947368421052632
0.953125
0.953125
0.8947368421052632
0.8947368421052632
0.9375
0.9375
0.8717948717948718
0.8032786885245902
0.8032786885245902
0.9436619718309859
0.9436619718309859
0.6233766233766234
0.6233766233766234
0.5666666666666667
0.5666666666666667
0.6071428571428572
0.6071428571428572
0.8888888888888888
0.967741935483871
0.86
0.9210526315789473
0.6666666666666667
0.9444444444444444
1.0
0.4
0.4
0.4
0.4
1.0
1.0
1.0
1.0
1.0
1.0
1.0
1.0
1.0
1.0
1.0
1.0
1.0
1.0
1.0
1.0
0.4
0.4
0.4
0.4
0.7241379310344828
0.7241379310344828
0.6666666666666667
0.6666666666666667
0.6666666666666667
0.7037037037037037
0.8888888888888888
0.8888888888888888
0.896551724137931
0.9863013698630136
0.9863013698630136
0.9863013698630136
0.9863013698630136
0.9857142857142858
0.9857142857142858
0.3389830508474576
