[52, 53, 54, 55, 56, 57, 58, 59, 60, 61, 62, 63]
[1]
[2]
[52, 53, 54, 55, 56, 57, 58, 59, 60, 61, 62, 63]
[52, 53, 54, 55, 56, 57, 58, 59, 60, 61, 62, 63]
[5]
[6]
[7]
[8]
[9]
[10]
[11]
[12]
[13]
[14]
[15]
[16]
[17]
[18]
[19]
[20]
[21]
[22]
[23]
[24]
[25]
[26]
[27]
[28]
[29]
[30]
[31, 32, 35]
[31, 32, 35]
[33, 34]
[33, 34]
[31, 32, 35]
[36]
[37]
[38, 39]
[38, 39]
[40]
[41]
[42]
[43]
[44]
[45]
[46]
[47]
[48]
[49]
[50]
[51]
[52, 53, 54, 55, 56, 57, 58, 59, 60, 61, 62, 63]
[52, 53, 54, 55, 56, 57, 58, 59, 60, 61, 62, 63]
[52, 53, 54, 55, 56, 57, 58, 59, 60, 61, 62, 63]
[52, 53, 54, 55, 56, 57, 58, 59, 60, 61, 62, 63]
[52, 53, 54, 55, 56, 57, 58, 59, 60, 61, 62, 63]
[52, 53, 54, 55, 56, 57, 58, 59, 60, 61, 62, 63]
[52, 53, 54, 55, 56, 57, 58, 59, 60, 61, 62, 63]
[52, 53, 54, 55, 56, 57, 58, 59, 60, 61, 62, 63]
[52, 53, 54, 55, 56, 57, 58, 59, 60, 61, 62, 63]
[52, 53, 54, 55, 56, 57, 58, 59, 60, 61, 62, 63]
[52, 53, 54, 55, 56, 57, 58, 59, 60, 61, 62, 63]
[52, 53, 54, 55, 56, 57, 58, 59, 60, 61, 62, 63]
[67]
[13, 17, 19]
[67]
[13, 17, 19]
[52, 53, 54, 55, 56, 57, 58, 59, 60, 61, 62, 63]
[67]
[68]
[69]
[70, 71]
[70, 71]
[52, 53, 54, 55, 56, 57, 58, 59, 60, 61, 62, 63]
[73]
[74]
[75, 76]
[75, 76]
[52, 53, 54, 55, 56, 57, 58, 59, 60, 61, 62, 63]
[67]
[67]
[67]
[67]
[82]
[83]
[84]
[85]
[86]
[87]
[88]
[89]
[90]
[91]
[92]
[93]
[94]
[95]
[96]
[97]
[98]
[99]
[100, 101]
[100, 101]
[102, 325]
[103, 104, 323, 324]
[103, 104, 323, 324]
[105, 106, 321, 322]
[105, 106, 321, 322]
[107, 108]
[107, 108]
[109, 252]
[132, 236, 253]
[131, 235, 254]
[130, 234, 255]
[129, 233, 256]
[128, 232, 257]
[127, 231, 258]
[126, 230, 259]
[125, 229, 260]
[133, 261, 291]
[134, 262, 292]
[135, 263, 293]
[136, 264, 294]
[137, 265, 295]
[138, 266, 296]
[139, 267, 297]
[140, 268, 298]
[141, 269, 299]
[142, 270, 300]
[143, 271, 301]
[144, 272, 302]
[145, 273, 303]
[146, 274, 304]
[147, 275, 305]
[124, 148, 276, 306]
[123, 149, 277, 307]
[122, 150, 278, 308]
[121, 151, 279, 309]
[120, 152, 280, 310]
[119, 153, 281, 311]
[118, 154, 282, 312]
[117, 155, 283, 313]
[116, 156, 284, 314]
[115, 157, 285, 315]
[114, 158, 286, 316]
[113, 159, 287, 317]
[112, 160, 288, 318]
[111, 161, 289, 319]
[110, 162, 290, 320]
[163, 164]
[163, 164]
[52, 53, 54, 55, 56, 57, 58, 59, 60, 61, 62, 63]
[52, 53, 54, 55, 56, 57, 58, 59, 60, 61, 62, 63]
[52, 53, 54, 55, 56, 57, 58, 59, 60, 61, 62, 63]
[52, 53, 54, 55, 56, 57, 58, 59, 60, 61, 62, 63]
[169, 170, 418, 419]
[169, 170, 418, 419]
[52, 53, 54, 55, 56, 57, 58, 59, 60, 61, 62, 63]
[52, 53, 54, 55, 56, 57, 58, 59, 60, 61, 62, 63]
[52, 53, 54, 55, 56, 57, 58, 59, 60, 61, 62, 63]
[52, 53, 54, 55, 56, 57, 58, 59, 60, 61, 62, 63]
[175, 186, 187, 227]
[176, 177, 184, 185, 188, 189, 225, 226]
[176, 177, 184, 185, 188, 189, 225, 226]
[178, 179, 182, 183, 190, 191, 223, 224]
[178, 179, 182, 183, 190, 191, 223, 224]
[180]
[181]
[178, 179, 182, 183, 190, 191, 223, 224]
[178, 179, 182, 183, 190, 191, 223, 224]
[176, 177, 184, 185, 188, 189, 225, 226]
[176, 177, 184, 185, 188, 189, 225, 226]
[175, 186, 187, 227]
[175, 186, 187, 227]
[176, 177, 184, 185, 188, 189, 225, 226]
[176, 177, 184, 185, 188, 189, 225, 226]
[178, 179, 182, 183, 190, 191, 223, 224]
[178, 179, 182, 183, 190, 191, 223, 224]
[192]
[193, 194]
[193, 194]
[195, 196]
[195, 196]
[197]
[198, 199]
[198, 199]
[200, 201]
[200, 201]
[202]
[203, 204]
[203, 204]
[205, 206]
[205, 206]
[207]
[208]
[209]
[210]
[211]
[212]
[213]
[214]
[215]
[216]
[217]
[218]
[219]
[220]
[221]
[222]
[178, 179, 182, 183, 190, 191, 223, 224]
[178, 179, 182, 183, 190, 191, 223, 224]
[176, 177, 184, 185, 188, 189, 225, 226]
[176, 177, 184, 185, 188, 189, 225, 226]
[175, 186, 187, 227]
[109, 252]
[132, 236, 253]
[131, 235, 254]
[130, 234, 255]
[129, 233, 256]
[128, 232, 257]
[127, 231, 258]
[126, 230, 259]
[125, 229, 260]
[133, 261, 291]
[134, 262, 292]
[135, 263, 293]
[136, 264, 294]
[137, 265, 295]
[138, 266, 296]
[139, 267, 297]
[140, 268, 298]
[141, 269, 299]
[142, 270, 300]
[143, 271, 301]
[144, 272, 302]
[145, 273, 303]
[146, 274, 304]
[147, 275, 305]
[124, 148, 276, 306]
[123, 149, 277, 307]
[122, 150, 278, 308]
[121, 151, 279, 309]
[120, 152, 280, 310]
[119, 153, 281, 311]
[118, 154, 282, 312]
[117, 155, 283, 313]
[116, 156, 284, 314]
[115, 157, 285, 315]
[114, 158, 286, 316]
[113, 159, 287, 317]
[112, 160, 288, 318]
[111, 161, 289, 319]
[110, 162, 290, 320]
[82, 83, 84, 85, 86, 87, 88, 89, 90, 91, 92, 93, 94, 95, 96, 97, 110, 111, 112, 113, 114, 115, 116, 117, 118, 119, 120, 121, 122, 123, 124, 125, 126, 127, 128, 129, 130, 131, 132, 133, 134, 135, 136, 137, 138, 139, 140, 141, 142, 143, 144, 145, 146, 147, 148, 149, 150, 151, 152, 153, 154, 155, 156, 157, 158, 159, 160, 161, 162, 207, 208, 209, 210, 211, 212, 213, 214, 215, 216, 217, 218, 219, 220, 221, 222, 228, 229, 230, 231, 232, 233, 234, 235, 236, 253, 254, 255, 256, 257, 258, 259, 260, 261, 262, 263, 264, 265, 266, 267, 268, 269, 270, 271, 272, 273, 274, 275, 276, 277, 278, 279, 280, 281, 282, 283, 284, 285, 286, 287, 288, 289, 290, 291, 292, 293, 294, 295, 296, 297, 298, 299, 300, 301, 302, 303, 304, 305, 306, 307, 308, 309, 310, 311, 312, 313, 314, 315, 316, 317, 318, 319, 320, 413]
[125, 229, 260]
[126, 230, 259]
[127, 231, 258]
[128, 232, 257]
[129, 233, 256]
[130, 234, 255]
[131, 235, 254]
[132, 236, 253]
[237]
[330, 331, 351, 352]
[239, 388]
[330, 331, 351, 352]
[241]
[427, 428, 429, 430, 431, 432]
[243, 244, 332, 333, 353, 354, 361, 362, 379, 380]
[243, 244, 332, 333, 353, 354, 361, 362, 379, 380]
[245, 246, 334, 335, 355, 356, 363, 364, 381, 382]
[245, 246, 334, 335, 355, 356, 363, 364, 381, 382]
[330, 331, 351, 352]
[330, 331, 351, 352]
[249, 250, 338, 339, 359, 360, 367, 368, 385, 386]
[249, 250, 338, 339, 359, 360, 367, 368, 385, 386]
[52, 53, 54, 55, 56, 57, 58, 59, 60, 61, 62, 63]
[109, 252]
[132, 236, 253]
[131, 235, 254]
[130, 234, 255]
[129, 233, 256]
[128, 232, 257]
[127, 231, 258]
[126, 230, 259]
[125, 229, 260]
[133, 261, 291]
[134, 262, 292]
[135, 263, 293]
[136, 264, 294]
[137, 265, 295]
[138, 266, 296]
[139, 267, 297]
[140, 268, 298]
[141, 269, 299]
[142, 270, 300]
[143, 271, 301]
[144, 272, 302]
[145, 273, 303]
[146, 274, 304]
[147, 275, 305]
[124, 148, 276, 306]
[123, 149, 277, 307]
[122, 150, 278, 308]
[121, 151, 279, 309]
[120, 152, 280, 310]
[119, 153, 281, 311]
[118, 154, 282, 312]
[117, 155, 283, 313]
[116, 156, 284, 314]
[115, 157, 285, 315]
[114, 158, 286, 316]
[113, 159, 287, 317]
[112, 160, 288, 318]
[111, 161, 289, 319]
[110, 162, 290, 320]
[133, 261, 291]
[134, 262, 292]
[135, 263, 293]
[136, 264, 294]
[137, 265, 295]
[138, 266, 296]
[139, 267, 297]
[140, 268, 298]
[141, 269, 299]
[142, 270, 300]
[143, 271, 301]
[144, 272, 302]
[145, 273, 303]
[146, 274, 304]
[147, 275, 305]
[124, 148, 276, 306]
[123, 149, 277, 307]
[122, 150, 278, 308]
[121, 151, 279, 309]
[120, 152, 280, 310]
[119, 153, 281, 311]
[118, 154, 282, 312]
[117, 155, 283, 313]
[116, 156, 284, 314]
[115, 157, 285, 315]
[114, 158, 286, 316]
[113, 159, 287, 317]
[112, 160, 288, 318]
[111, 161, 289, 319]
[110, 162, 290, 320]
[105, 106, 321, 322]
[105, 106, 321, 322]
[103, 104, 323, 324]
[103, 104, 323, 324]
[102, 325]
[52, 53, 54, 55, 56, 57, 58, 59, 60, 61, 62, 63]
[327]
[328, 329]
[328, 329]
[330, 331]
[330, 331]
[332, 333]
[332, 333]
[334, 335]
[334, 335]
[336, 337]
[336, 337]
[338, 339]
[338, 339]
[340]
[341, 342]
[341, 342]
[343]
[344]
[345, 346]
[345, 346]
[347]
[348, 349]
[348, 349]
[350]
[330, 331, 351, 352]
[330, 331, 351, 352]
[243, 244, 332, 333, 353, 354, 361, 362, 379, 380]
[243, 244, 332, 333, 353, 354, 361, 362, 379, 380]
[245, 246, 334, 335, 355, 356, 363, 364, 381, 382]
[245, 246, 334, 335, 355, 356, 363, 364, 381, 382]
[357, 358, 365, 366]
[357, 358, 365, 366]
[249, 250, 338, 339, 359, 360, 367, 368, 385, 386]
[249, 250, 338, 339, 359, 360, 367, 368, 385, 386]
[243, 244, 332, 333, 353, 354, 361, 362, 379, 380]
[243, 244, 332, 333, 353, 354, 361, 362, 379, 380]
[245, 246, 334, 335, 355, 356, 363, 364, 381, 382]
[245, 246, 334, 335, 355, 356, 363, 364, 381, 382]
[357, 358, 365, 366]
[357, 358, 365, 366]
[249, 250, 338, 339, 359, 360, 367, 368, 385, 386]
[249, 250, 338, 339, 359, 360, 367, 368, 385, 386]
[377, 378]
[377, 378]
[330, 331, 351, 352]
[330, 331, 351, 352]
[330, 331, 351, 352]
[330, 331, 351, 352]
[330, 331, 351, 352]
[330, 331, 351, 352]
[330, 331, 351, 352]
[330, 331, 351, 352]
[243, 244, 332, 333, 353, 354, 361, 362, 379, 380]
[243, 244, 332, 333, 353, 354, 361, 362, 379, 380]
[245, 246, 334, 335, 355, 356, 363, 364, 381, 382]
[245, 246, 334, 335, 355, 356, 363, 364, 381, 382]
[330, 331, 351, 352]
[330, 331, 351, 352]
[249, 250, 338, 339, 359, 360, 367, 368, 385, 386]
[249, 250, 338, 339, 359, 360, 367, 368, 385, 386]
[350, 387]
[388]
[389]
[390]
[52, 53, 54, 55, 56, 57, 58, 59, 60, 61, 62, 63]
[393]
[52, 53, 54, 55, 56, 57, 58, 59, 60, 61, 62, 63]
[52, 53, 54, 55, 56, 57, 58, 59, 60, 61, 62, 63]
[52, 53, 54, 55, 56, 57, 58, 59, 60, 61, 62, 63]
[52, 53, 54, 55, 56, 57, 58, 59, 60, 61, 62, 63]
[398]
[399]
[400]
[401]
[402]
[403]
[404]
[405]
[406]
[407]
[408]
[409]
[410]
[411]
[412]
[413]
[52, 53, 54, 55, 56, 57, 58, 59, 60, 61, 62, 63]
[52, 53, 54, 55, 56, 57, 58, 59, 60, 61, 62, 63]
[52, 53, 54, 55, 56, 57, 58, 59, 60, 61, 62, 63]
[52, 53, 54, 55, 56, 57, 58, 59, 60, 61, 62, 63]
[169, 170, 418, 419]
[169, 170, 418, 419]
[52, 53, 54, 55, 56, 57, 58, 59, 60, 61, 62, 63]
[52, 53, 54, 55, 56, 57, 58, 59, 60, 61, 62, 63]
[52, 53, 54, 55, 56, 57, 58, 59, 60, 61, 62, 63]
[52, 53, 54, 55, 56, 57, 58, 59, 60, 61, 62, 63]
[52, 53, 54, 55, 56, 57, 58, 59, 60, 61, 62, 63]
[52, 53, 54, 55, 56, 57, 58, 59, 60, 61, 62, 63]
[163, 164]
[427, 428]
[427, 428]
[429, 430]
[429, 430]
[431, 432]
[431, 432]
[433]
[109, 252]
[132, 236, 253]
[131, 235, 254]
[130, 234, 255]
[129, 233, 256]
[128, 232, 257]
[127, 231, 258]
[126, 230, 259]
[125, 229, 260]
[133, 261, 291]
[134, 262, 292]
[135, 263, 293]
[136, 264, 294]
[137, 265, 295]
[138, 266, 296]
[139, 267, 297]
[140, 268, 298]
[141, 269, 299]
[142, 270, 300]
[143, 271, 301]
[144, 272, 302]
[145, 273, 303]
[146, 274, 304]
[147, 275, 305]
[124, 148, 276, 306]
[123, 149, 277, 307]
[122, 150, 278, 308]
[121, 151, 279, 309]
[120, 152, 280, 310]
[119, 153, 281, 311]
[118, 154, 282, 312]
[117, 155, 283, 313]
[116, 156, 284, 314]
[115, 157, 285, 315]
[114, 158, 286, 316]
[113, 159, 287, 317]
[112, 160, 288, 318]
[111, 161, 289, 319]
[110, 162, 290, 320]
