0.2605556710562624
0.20199309249791836
0.20199309249791833
0.19431434016858148
0.20199309249791833
0.26055567105626243
0.2605556710562624
0.20199309249791833
0.19431434016858148
0.20199309249791833
1.0
1.0
1.0
1.0
1.0
0.5031026124151314
0.5031026124151314
1.0000000000000002
1.0000000000000002
1.0000000000000002
1.0000000000000002
1.0000000000000002
1.0000000000000002
0.5031026124151314
0.6029748160380572
0.5797386715376658
0.5797386715376658
1.0000000000000002
1.0000000000000002
1.0000000000000002
1.0000000000000002
0.5797386715376658
0.5797386715376658
1.0000000000000002
1.0
0.33609692727625756
0.2605556710562624
0.19431434016858148
0.15064018498706508
0.1273595297947935
0.1273595297947935
0.2523342014336961
0
1.0
1.0
0.7523197619890014
0.7092972666062739
0.26055567105626243
0.2605556710562624
1.0000000000000002
0.4112070550676187
0.33609692727625756
0.22028815056182974
0.2605556710562624
0.33609692727625756
0.4112070550676187
0
0
0
0.5193879933129156
1.0000000000000002
0.26055567105626243
0.2605556710562624
1.0000000000000002
0.22028815056182968
0.33609692727625756
0.22028815056182974
0.2605556710562624
0.33609692727625756
0.1506401849870651
0.7523197619890014
0.6026014674213717
0.6026014674213717
0.22028815056182974
0.2605556710562624
0.26055567105626243
0.2605556710562624
1.0000000000000002
1.0
