0.2910691023819054
0.12735952979479354
0.25213870694526264
1.0
1.0
1.0
1.0
1.0
0.5031026124151314
0.5031026124151314
0.5031026124151314
0.4112070550676187
0.5031026124151314
0.5031026124151314
0.5031026124151314
0.6029748160380572
0.5031026124151314
0.6029748160380572
0.5797386715376658
0.5797386715376658
0.5797386715376658
0.5797386715376658
0.5797386715376658
0.5797386715376658
0.5797386715376658
0.5797386715376658
0.5797386715376658
0.5797386715376658
0.26055567105626243
0.20199309249791833
0.9239535357171462
0.5190656013288605
0.5586177528223194
0.3360969272762575
0.3360969272762575
0.5586177528223194
0.5190656013288605
0.6392306240536285
0.7481950201644006
0.7481950201644006
0.5586177528223194
0.5586177528223194
0.6327904583679945
0.6327904583679945
0.6327904583679945
0.6327904583679945
0.6327904583679945
0.6327904583679945
0.6327904583679945
0.6327904583679945
0.6327904583679945
0.6327904583679945
0.5056055588739691
0.5056055588739691
0.5056055588739691
0.5056055588739691
0.5056055588739691
0.5056055588739691
0.5056055588739691
0.5056055588739691
0.5056055588739691
0.5056055588739691
0.5056055588739691
0.5056055588739691
0.20199309249791836
0.20199309249791836
0.20199309249791836
0.4112070550676187
0.13627634143908643
0.13627634143908643
0.4316134189707515
0.4316134189707515
0.20199309249791836
0.13627634143908643
0.3187840217537793
0.25233420143369617
0.25233420143369617
0.20199309249791833
0.20199309249791836
0.20199309249791836
0.20199309249791836
0.20199309249791836
1.0
1.0
1.0
1.0
1.0
1.0
1.0
1.0
1.0
1.0
1.0
1.0
1.0
1.0
1.0
1.0000000000000002
0.6694188517266485
0.41532020604769687
0.6029748160380572
0.6029748160380572
1.0000000000000002
1.0000000000000002
1.0000000000000002
1.0000000000000002
1.0000000000000002
1.0
1.0
0.7523197619890014
1.0000000000000002
1.0000000000000002
1.0000000000000002
1.0
1.0
1.0
1.0
1.0
1.0
1.0
1.0
1.0
1.0
1.0
1.0
1.0
1.0000000000000002
1.0000000000000002
1.0000000000000002
1.0
1.0000000000000002
1.0000000000000002
1.0000000000000002
1.0000000000000002
1.0000000000000002
1.0000000000000002
1.0
1.0
1.0
1.0
1.0
1.0
1.0
1.0
1.0
1.0
1.0
1.0
1.0
1.0
1.0
1.0
1.0
1.0
1.0
1.0
1.0
1.0
1.0
1.0
1.0000000000000002
1.0000000000000002
1.0000000000000002
0.3360969272762575
0.3360969272762575
0
0
0
0
0.1707761131901165
0.1707761131901165
0.11671773546032796
0.11671773546032796
0.11671773546032796
0.1506401849870651
1.0000000000000002
1.0000000000000002
1.0000000000000002
1.0000000000000002
1.0000000000000002
1.0000000000000002
1.0000000000000002
0.5031026124151314
1.0000000000000002
1.0000000000000002
1.0000000000000002
1.0000000000000002
1.0000000000000002
1.0000000000000002
1.0000000000000002
1.0000000000000002
1.0000000000000002
1.0000000000000002
1.0000000000000002
1.0000000000000002
1.0000000000000002
1.0000000000000002
1.0000000000000002
1.0000000000000002
1.0000000000000002
1.0000000000000002
1.0000000000000002
1.0000000000000002
1.0000000000000002
1.0000000000000002
1.0000000000000002
1.0000000000000002
1.0000000000000002
1.0000000000000002
1.0
1.0
1.0
1.0
1.0
1.0
1.0
1.0
1.0
1.0
1.0
1.0
1.0
1.0
1.0
1.0000000000000002
1.0000000000000002
1.0000000000000002
1.0000000000000002
1.0000000000000002
1.0
1.0000000000000002
1.0000000000000002
1.0000000000000002
1.0
1.0000000000000002
1.0000000000000002
1.0000000000000002
1.0
0.6029748160380572
1.0
0.5724637744551229
0.6029748160380572
0.6029748160380572
0.6914890639979081
0.6914890639979081
0.5200547401247666
0.5200547401247666
0.3563004293331381
0.3563004293331381
0.36802320875611494
0.36802320875611494
0.20199309249791836
1.0000000000000002
1.0000000000000002
1.0000000000000002
1.0000000000000002
1.0000000000000002
0.7523197619890014
1.0000000000000002
1.0000000000000002
1.0000000000000002
1.0
1.0000000000000002
1.0000000000000002
1.0000000000000002
1.0
1.0000000000000002
1.0000000000000002
1.0000000000000002
1.0
1.0
1.0
1.0
1.0
1.0
1.0
1.0
1.0
1.0
1.0
1.0
1.0
1.0
1.0
1.0
1.0
1.0
1.0
1.0
1.0
1.0
1.0
1.0
1.0000000000000002
1.0000000000000002
1.0000000000000002
1.0000000000000002
1.0000000000000002
1.0000000000000002
1.0
1.0
1.0
1.0
1.0
1.0
1.0
1.0
1.0
1.0
1.0
1.0
1.0
1.0
1.0
1.0
1.0
1.0
1.0
1.0
1.0
1.0
1.0
1.0
1.0000000000000002
1.0000000000000002
1.0000000000000002
0.21507032570577075
0.33609692727625756
0.8901087250340666
0.8901087250340666
0.6708868001754189
0.6708868001754189
0.6608048914803657
0.6608048914803657
0.5200547401247666
0.5200547401247666
0.3563004293331381
0.3563004293331381
0.36802320875611494
0.36802320875611494
0.49089112270955
0.716811741443062
0.716811741443062
0.49089112270955
0.49089112270955
0.716811741443062
0.716811741443062
0.49089112270955
0.6473286337513879
0.6473286337513879
0.20199309249791833
0.5031026124151314
1.0000000000000002
0.6766282517941079
0.716811741443062
0.716811741443062
0.6279041938452457
0.6279041938452457
0.5686736489603197
0.5686736489603197
0.3359813637757792
0.3359813637757792
0.36802320875611494
0.36802320875611494
0.6279041938452457
0.6279041938452457
0.5686736489603197
0.5686736489603197
0.3359813637757792
0.3359813637757792
0.36802320875611494
0.36802320875611494
0.6571625092584744
0.8477624970048976
0.8477624970048976
0.49089112270955
0.6694188517266485
0.716811741443062
0.716811741443062
0.49089112270955
0.6473286337513879
0.6473286337513879
0.6279041938452457
0.6279041938452457
0.5686736489603197
0.5686736489603197
0.2910691023819054
0.2910691023819054
0.36802320875611494
0.36802320875611494
0.6766282517941079
0.6766282517941078
0.274564300906118
0.3360969272762574
0
0
0
0
1.0
1.0
1.0
1.0
1.0
1.0
1.0000000000000002
1.0000000000000002
1.0000000000000002
1.0000000000000002
1.0000000000000002
1.0000000000000002
1.0000000000000002
1.0000000000000002
1.0000000000000002
1.0000000000000002
0
0
0
0
0.20199309249791833
0.20199309249791833
0.20199309249791833
0.20199309249791833
0.20199309249791833
0.20199309249791836
0.5031026124151314
0.5031026124151314
0.5031026124151314
0.8477624970048976
0.8477624970048976
0.8477624970048976
0.8477624970048976
0.8477624970048976
0.8477624970048976
0.12735952979479354
