[0]
[1, 2, 12, 13, 33, 34, 44, 45, 66, 67, 77, 78]
[1, 2, 12, 13, 33, 34, 44, 45, 66, 67, 77, 78]
[3, 14, 22, 29, 35, 46, 54, 61, 68, 79, 87, 94]
[4, 5, 36, 37, 69, 70]
[4, 5, 36, 37, 69, 70]
[6, 7, 15, 16, 38, 39, 47, 48, 71, 72, 80, 81]
[6, 7, 15, 16, 38, 39, 47, 48, 71, 72, 80, 81]
[8, 11, 17, 20, 40, 43, 49, 52, 73, 76, 82, 85]
[9, 10, 18, 19, 41, 42, 50, 51, 74, 75, 83, 84]
[9, 10, 18, 19, 41, 42, 50, 51, 74, 75, 83, 84]
[8, 11, 17, 20, 40, 43, 49, 52, 73, 76, 82, 85]
[1, 2, 12, 13, 33, 34, 44, 45, 66, 67, 77, 78]
[1, 2, 12, 13, 33, 34, 44, 45, 66, 67, 77, 78]
[3, 14, 22, 29, 35, 46, 54, 61, 68, 79, 87, 94]
[6, 7, 15, 16, 38, 39, 47, 48, 71, 72, 80, 81]
[6, 7, 15, 16, 38, 39, 47, 48, 71, 72, 80, 81]
[8, 11, 17, 20, 40, 43, 49, 52, 73, 76, 82, 85]
[9, 10, 18, 19, 41, 42, 50, 51, 74, 75, 83, 84]
[9, 10, 18, 19, 41, 42, 50, 51, 74, 75, 83, 84]
[8, 11, 17, 20, 40, 43, 49, 52, 73, 76, 82, 85]
[21, 28, 53, 60, 86, 93]
[3, 14, 22, 29, 35, 46, 54, 61, 68, 79, 87, 94]
[23, 24, 55, 56, 88, 89]
[23, 24, 55, 56, 88, 89]
[25, 26, 30, 31, 57, 58, 62, 63, 90, 91, 95, 96]
[25, 26, 30, 31, 57, 58, 62, 63, 90, 91, 95, 96]
[27, 32, 59, 64, 92, 97]
[21, 28, 53, 60, 86, 93]
[3, 14, 22, 29, 35, 46, 54, 61, 68, 79, 87, 94]
[25, 26, 30, 31, 57, 58, 62, 63, 90, 91, 95, 96]
[25, 26, 30, 31, 57, 58, 62, 63, 90, 91, 95, 96]
[27, 32, 59, 64, 92, 97]
[1, 2, 12, 13, 33, 34, 44, 45, 66, 67, 77, 78]
[1, 2, 12, 13, 33, 34, 44, 45, 66, 67, 77, 78]
[3, 14, 22, 29, 35, 46, 54, 61, 68, 79, 87, 94]
[4, 5, 36, 37, 69, 70]
[4, 5, 36, 37, 69, 70]
[6, 7, 15, 16, 38, 39, 47, 48, 71, 72, 80, 81]
[6, 7, 15, 16, 38, 39, 47, 48, 71, 72, 80, 81]
[8, 11, 17, 20, 40, 43, 49, 52, 73, 76, 82, 85]
[9, 10, 18, 19, 41, 42, 50, 51, 74, 75, 83, 84]
[9, 10, 18, 19, 41, 42, 50, 51, 74, 75, 83, 84]
[8, 11, 17, 20, 40, 43, 49, 52, 73, 76, 82, 85]
[1, 2, 12, 13, 33, 34, 44, 45, 66, 67, 77, 78]
[1, 2, 12, 13, 33, 34, 44, 45, 66, 67, 77, 78]
[3, 14, 22, 29, 35, 46, 54, 61, 68, 79, 87, 94]
[6, 7, 15, 16, 38, 39, 47, 48, 71, 72, 80, 81]
[6, 7, 15, 16, 38, 39, 47, 48, 71, 72, 80, 81]
[8, 11, 17, 20, 40, 43, 49, 52, 73, 76, 82, 85]
[9, 10, 18, 19, 41, 42, 50, 51, 74, 75, 83, 84]
[9, 10, 18, 19, 41, 42, 50, 51, 74, 75, 83, 84]
[8, 11, 17, 20, 40, 43, 49, 52, 73, 76, 82, 85]
[21, 28, 53, 60, 86, 93]
[3, 14, 22, 29, 35, 46, 54, 61, 68, 79, 87, 94]
[23, 24, 55, 56, 88, 89]
[23, 24, 55, 56, 88, 89]
[25, 26, 30, 31, 57, 58, 62, 63, 90, 91, 95, 96]
[25, 26, 30, 31, 57, 58, 62, 63, 90, 91, 95, 96]
[27, 32, 59, 64, 92, 97]
[21, 28, 53, 60, 86, 93]
[3, 14, 22, 29, 35, 46, 54, 61, 68, 79, 87, 94]
[25, 26, 30, 31, 57, 58, 62, 63, 90, 91, 95, 96]
[25, 26, 30, 31, 57, 58, 62, 63, 90, 91, 95, 96]
[27, 32, 59, 64, 92, 97]
