[0, 1, 11, 12, 34, 35, 45, 46, 66, 67, 77, 78, 98, 99, 109, 110, 131, 132, 142, 143]
[0, 1, 11, 12, 34, 35, 45, 46, 66, 67, 77, 78, 98, 99, 109, 110, 131, 132, 142, 143]
[2, 13, 21, 28, 36, 47, 55, 62, 68, 79, 87, 94, 100, 111, 119, 126, 133, 144, 152, 159]
[3, 4, 37, 38, 69, 70, 101, 102, 134, 135]
[3, 4, 37, 38, 69, 70, 101, 102, 134, 135]
[5, 6, 14, 15, 39, 40, 48, 49, 71, 72, 80, 81, 103, 104, 112, 113, 136, 137, 145, 146]
[5, 6, 14, 15, 39, 40, 48, 49, 71, 72, 80, 81, 103, 104, 112, 113, 136, 137, 145, 146]
[7, 10, 16, 19, 41, 44, 50, 53, 73, 76, 82, 85, 105, 108, 114, 117, 138, 141, 147, 150]
[8, 9, 17, 18, 42, 43, 51, 52, 74, 75, 83, 84, 106, 107, 115, 116, 139, 140, 148, 149]
[8, 9, 17, 18, 42, 43, 51, 52, 74, 75, 83, 84, 106, 107, 115, 116, 139, 140, 148, 149]
[7, 10, 16, 19, 41, 44, 50, 53, 73, 76, 82, 85, 105, 108, 114, 117, 138, 141, 147, 150]
[0, 1, 11, 12, 34, 35, 45, 46, 66, 67, 77, 78, 98, 99, 109, 110, 131, 132, 142, 143]
[0, 1, 11, 12, 34, 35, 45, 46, 66, 67, 77, 78, 98, 99, 109, 110, 131, 132, 142, 143]
[2, 13, 21, 28, 36, 47, 55, 62, 68, 79, 87, 94, 100, 111, 119, 126, 133, 144, 152, 159]
[5, 6, 14, 15, 39, 40, 48, 49, 71, 72, 80, 81, 103, 104, 112, 113, 136, 137, 145, 146]
[5, 6, 14, 15, 39, 40, 48, 49, 71, 72, 80, 81, 103, 104, 112, 113, 136, 137, 145, 146]
[7, 10, 16, 19, 41, 44, 50, 53, 73, 76, 82, 85, 105, 108, 114, 117, 138, 141, 147, 150]
[8, 9, 17, 18, 42, 43, 51, 52, 74, 75, 83, 84, 106, 107, 115, 116, 139, 140, 148, 149]
[8, 9, 17, 18, 42, 43, 51, 52, 74, 75, 83, 84, 106, 107, 115, 116, 139, 140, 148, 149]
[7, 10, 16, 19, 41, 44, 50, 53, 73, 76, 82, 85, 105, 108, 114, 117, 138, 141, 147, 150]
[20, 27, 54, 61, 86, 93, 118, 125, 151, 158]
[2, 13, 21, 28, 36, 47, 55, 62, 68, 79, 87, 94, 100, 111, 119, 126, 133, 144, 152, 159]
[22, 23, 56, 57, 88, 89, 120, 121, 153, 154]
[22, 23, 56, 57, 88, 89, 120, 121, 153, 154]
[24, 25, 29, 30, 58, 59, 63, 64, 90, 91, 95, 96, 122, 123, 127, 128, 155, 156, 160, 161]
[24, 25, 29, 30, 58, 59, 63, 64, 90, 91, 95, 96, 122, 123, 127, 128, 155, 156, 160, 161]
[26, 31, 60, 65, 92, 97, 124, 129, 157, 162]
[20, 27, 54, 61, 86, 93, 118, 125, 151, 158]
[2, 13, 21, 28, 36, 47, 55, 62, 68, 79, 87, 94, 100, 111, 119, 126, 133, 144, 152, 159]
[24, 25, 29, 30, 58, 59, 63, 64, 90, 91, 95, 96, 122, 123, 127, 128, 155, 156, 160, 161]
[24, 25, 29, 30, 58, 59, 63, 64, 90, 91, 95, 96, 122, 123, 127, 128, 155, 156, 160, 161]
[26, 31, 60, 65, 92, 97, 124, 129, 157, 162]
[]
[]
[]
[]
[]
[]
[]
[]
[]
[]
[]
[]
[]
[]
[]
[]
[]
[]
[]
[]
[]
[]
[]
[]
[]
[]
[]
[]
[]
[]
[]
[]
[]
[]
[]
[]
[0, 1, 11, 12, 34, 35, 45, 46, 66, 67, 77, 78, 98, 99, 109, 110, 131, 132, 142, 143]
[0, 1, 11, 12, 34, 35, 45, 46, 66, 67, 77, 78, 98, 99, 109, 110, 131, 132, 142, 143]
[2, 13, 21, 28, 36, 47, 55, 62, 68, 79, 87, 94, 100, 111, 119, 126, 133, 144, 152, 159]
[3, 4, 37, 38, 69, 70, 101, 102, 134, 135]
[3, 4, 37, 38, 69, 70, 101, 102, 134, 135]
[5, 6, 14, 15, 39, 40, 48, 49, 71, 72, 80, 81, 103, 104, 112, 113, 136, 137, 145, 146]
[5, 6, 14, 15, 39, 40, 48, 49, 71, 72, 80, 81, 103, 104, 112, 113, 136, 137, 145, 146]
[7, 10, 16, 19, 41, 44, 50, 53, 73, 76, 82, 85, 105, 108, 114, 117, 138, 141, 147, 150]
[8, 9, 17, 18, 42, 43, 51, 52, 74, 75, 83, 84, 106, 107, 115, 116, 139, 140, 148, 149]
[8, 9, 17, 18, 42, 43, 51, 52, 74, 75, 83, 84, 106, 107, 115, 116, 139, 140, 148, 149]
[7, 10, 16, 19, 41, 44, 50, 53, 73, 76, 82, 85, 105, 108, 114, 117, 138, 141, 147, 150]
[0, 1, 11, 12, 34, 35, 45, 46, 66, 67, 77, 78, 98, 99, 109, 110, 131, 132, 142, 143]
[0, 1, 11, 12, 34, 35, 45, 46, 66, 67, 77, 78, 98, 99, 109, 110, 131, 132, 142, 143]
[2, 13, 21, 28, 36, 47, 55, 62, 68, 79, 87, 94, 100, 111, 119, 126, 133, 144, 152, 159]
[5, 6, 14, 15, 39, 40, 48, 49, 71, 72, 80, 81, 103, 104, 112, 113, 136, 137, 145, 146]
[5, 6, 14, 15, 39, 40, 48, 49, 71, 72, 80, 81, 103, 104, 112, 113, 136, 137, 145, 146]
[7, 10, 16, 19, 41, 44, 50, 53, 73, 76, 82, 85, 105, 108, 114, 117, 138, 141, 147, 150]
[8, 9, 17, 18, 42, 43, 51, 52, 74, 75, 83, 84, 106, 107, 115, 116, 139, 140, 148, 149]
[8, 9, 17, 18, 42, 43, 51, 52, 74, 75, 83, 84, 106, 107, 115, 116, 139, 140, 148, 149]
[7, 10, 16, 19, 41, 44, 50, 53, 73, 76, 82, 85, 105, 108, 114, 117, 138, 141, 147, 150]
[20, 27, 54, 61, 86, 93, 118, 125, 151, 158]
[2, 13, 21, 28, 36, 47, 55, 62, 68, 79, 87, 94, 100, 111, 119, 126, 133, 144, 152, 159]
[22, 23, 56, 57, 88, 89, 120, 121, 153, 154]
[22, 23, 56, 57, 88, 89, 120, 121, 153, 154]
[24, 25, 29, 30, 58, 59, 63, 64, 90, 91, 95, 96, 122, 123, 127, 128, 155, 156, 160, 161]
[24, 25, 29, 30, 58, 59, 63, 64, 90, 91, 95, 96, 122, 123, 127, 128, 155, 156, 160, 161]
[26, 31, 60, 65, 92, 97, 124, 129, 157, 162]
[20, 27, 54, 61, 86, 93, 118, 125, 151, 158]
[2, 13, 21, 28, 36, 47, 55, 62, 68, 79, 87, 94, 100, 111, 119, 126, 133, 144, 152, 159]
[24, 25, 29, 30, 58, 59, 63, 64, 90, 91, 95, 96, 122, 123, 127, 128, 155, 156, 160, 161]
[24, 25, 29, 30, 58, 59, 63, 64, 90, 91, 95, 96, 122, 123, 127, 128, 155, 156, 160, 161]
[26, 31, 60, 65, 92, 97, 124, 129, 157, 162]
[0, 1, 11, 12, 34, 35, 45, 46, 66, 67, 77, 78, 98, 99, 109, 110, 131, 132, 142, 143]
[0, 1, 11, 12, 34, 35, 45, 46, 66, 67, 77, 78, 98, 99, 109, 110, 131, 132, 142, 143]
[2, 13, 21, 28, 36, 47, 55, 62, 68, 79, 87, 94, 100, 111, 119, 126, 133, 144, 152, 159]
[3, 4, 37, 38, 69, 70, 101, 102, 134, 135]
[3, 4, 37, 38, 69, 70, 101, 102, 134, 135]
[5, 6, 14, 15, 39, 40, 48, 49, 71, 72, 80, 81, 103, 104, 112, 113, 136, 137, 145, 146]
[5, 6, 14, 15, 39, 40, 48, 49, 71, 72, 80, 81, 103, 104, 112, 113, 136, 137, 145, 146]
[7, 10, 16, 19, 41, 44, 50, 53, 73, 76, 82, 85, 105, 108, 114, 117, 138, 141, 147, 150]
[8, 9, 17, 18, 42, 43, 51, 52, 74, 75, 83, 84, 106, 107, 115, 116, 139, 140, 148, 149]
[8, 9, 17, 18, 42, 43, 51, 52, 74, 75, 83, 84, 106, 107, 115, 116, 139, 140, 148, 149]
[7, 10, 16, 19, 41, 44, 50, 53, 73, 76, 82, 85, 105, 108, 114, 117, 138, 141, 147, 150]
[0, 1, 11, 12, 34, 35, 45, 46, 66, 67, 77, 78, 98, 99, 109, 110, 131, 132, 142, 143]
[0, 1, 11, 12, 34, 35, 45, 46, 66, 67, 77, 78, 98, 99, 109, 110, 131, 132, 142, 143]
[2, 13, 21, 28, 36, 47, 55, 62, 68, 79, 87, 94, 100, 111, 119, 126, 133, 144, 152, 159]
[5, 6, 14, 15, 39, 40, 48, 49, 71, 72, 80, 81, 103, 104, 112, 113, 136, 137, 145, 146]
[5, 6, 14, 15, 39, 40, 48, 49, 71, 72, 80, 81, 103, 104, 112, 113, 136, 137, 145, 146]
[7, 10, 16, 19, 41, 44, 50, 53, 73, 76, 82, 85, 105, 108, 114, 117, 138, 141, 147, 150]
[8, 9, 17, 18, 42, 43, 51, 52, 74, 75, 83, 84, 106, 107, 115, 116, 139, 140, 148, 149]
[8, 9, 17, 18, 42, 43, 51, 52, 74, 75, 83, 84, 106, 107, 115, 116, 139, 140, 148, 149]
[7, 10, 16, 19, 41, 44, 50, 53, 73, 76, 82, 85, 105, 108, 114, 117, 138, 141, 147, 150]
[20, 27, 54, 61, 86, 93, 118, 125, 151, 158]
[2, 13, 21, 28, 36, 47, 55, 62, 68, 79, 87, 94, 100, 111, 119, 126, 133, 144, 152, 159]
[22, 23, 56, 57, 88, 89, 120, 121, 153, 154]
[22, 23, 56, 57, 88, 89, 120, 121, 153, 154]
[24, 25, 29, 30, 58, 59, 63, 64, 90, 91, 95, 96, 122, 123, 127, 128, 155, 156, 160, 161]
[24, 25, 29, 30, 58, 59, 63, 64, 90, 91, 95, 96, 122, 123, 127, 128, 155, 156, 160, 161]
[26, 31, 60, 65, 92, 97, 124, 129, 157, 162]
[20, 27, 54, 61, 86, 93, 118, 125, 151, 158]
[2, 13, 21, 28, 36, 47, 55, 62, 68, 79, 87, 94, 100, 111, 119, 126, 133, 144, 152, 159]
[24, 25, 29, 30, 58, 59, 63, 64, 90, 91, 95, 96, 122, 123, 127, 128, 155, 156, 160, 161]
[24, 25, 29, 30, 58, 59, 63, 64, 90, 91, 95, 96, 122, 123, 127, 128, 155, 156, 160, 161]
[26, 31, 60, 65, 92, 97, 124, 129, 157, 162]
[]
[]
[]
[0, 1, 11, 12, 34, 35, 45, 46, 66, 67, 77, 78, 98, 99, 109, 110, 131, 132, 142, 143]
[0, 1, 11, 12, 34, 35, 45, 46, 66, 67, 77, 78, 98, 99, 109, 110, 131, 132, 142, 143]
[2, 13, 21, 28, 36, 47, 55, 62, 68, 79, 87, 94, 100, 111, 119, 126, 133, 144, 152, 159]
[3, 4, 37, 38, 69, 70, 101, 102, 134, 135]
[3, 4, 37, 38, 69, 70, 101, 102, 134, 135]
[5, 6, 14, 15, 39, 40, 48, 49, 71, 72, 80, 81, 103, 104, 112, 113, 136, 137, 145, 146]
[5, 6, 14, 15, 39, 40, 48, 49, 71, 72, 80, 81, 103, 104, 112, 113, 136, 137, 145, 146]
[7, 10, 16, 19, 41, 44, 50, 53, 73, 76, 82, 85, 105, 108, 114, 117, 138, 141, 147, 150]
[8, 9, 17, 18, 42, 43, 51, 52, 74, 75, 83, 84, 106, 107, 115, 116, 139, 140, 148, 149]
[8, 9, 17, 18, 42, 43, 51, 52, 74, 75, 83, 84, 106, 107, 115, 116, 139, 140, 148, 149]
[7, 10, 16, 19, 41, 44, 50, 53, 73, 76, 82, 85, 105, 108, 114, 117, 138, 141, 147, 150]
[0, 1, 11, 12, 34, 35, 45, 46, 66, 67, 77, 78, 98, 99, 109, 110, 131, 132, 142, 143]
[0, 1, 11, 12, 34, 35, 45, 46, 66, 67, 77, 78, 98, 99, 109, 110, 131, 132, 142, 143]
[2, 13, 21, 28, 36, 47, 55, 62, 68, 79, 87, 94, 100, 111, 119, 126, 133, 144, 152, 159]
[5, 6, 14, 15, 39, 40, 48, 49, 71, 72, 80, 81, 103, 104, 112, 113, 136, 137, 145, 146]
[5, 6, 14, 15, 39, 40, 48, 49, 71, 72, 80, 81, 103, 104, 112, 113, 136, 137, 145, 146]
[7, 10, 16, 19, 41, 44, 50, 53, 73, 76, 82, 85, 105, 108, 114, 117, 138, 141, 147, 150]
[8, 9, 17, 18, 42, 43, 51, 52, 74, 75, 83, 84, 106, 107, 115, 116, 139, 140, 148, 149]
[8, 9, 17, 18, 42, 43, 51, 52, 74, 75, 83, 84, 106, 107, 115, 116, 139, 140, 148, 149]
[7, 10, 16, 19, 41, 44, 50, 53, 73, 76, 82, 85, 105, 108, 114, 117, 138, 141, 147, 150]
[20, 27, 54, 61, 86, 93, 118, 125, 151, 158]
[2, 13, 21, 28, 36, 47, 55, 62, 68, 79, 87, 94, 100, 111, 119, 126, 133, 144, 152, 159]
[22, 23, 56, 57, 88, 89, 120, 121, 153, 154]
[22, 23, 56, 57, 88, 89, 120, 121, 153, 154]
[24, 25, 29, 30, 58, 59, 63, 64, 90, 91, 95, 96, 122, 123, 127, 128, 155, 156, 160, 161]
[24, 25, 29, 30, 58, 59, 63, 64, 90, 91, 95, 96, 122, 123, 127, 128, 155, 156, 160, 161]
[26, 31, 60, 65, 92, 97, 124, 129, 157, 162]
[20, 27, 54, 61, 86, 93, 118, 125, 151, 158]
[2, 13, 21, 28, 36, 47, 55, 62, 68, 79, 87, 94, 100, 111, 119, 126, 133, 144, 152, 159]
[24, 25, 29, 30, 58, 59, 63, 64, 90, 91, 95, 96, 122, 123, 127, 128, 155, 156, 160, 161]
[24, 25, 29, 30, 58, 59, 63, 64, 90, 91, 95, 96, 122, 123, 127, 128, 155, 156, 160, 161]
[26, 31, 60, 65, 92, 97, 124, 129, 157, 162]
[0, 1, 11, 12, 34, 35, 45, 46, 66, 67, 77, 78, 98, 99, 109, 110, 131, 132, 142, 143]
[0, 1, 11, 12, 34, 35, 45, 46, 66, 67, 77, 78, 98, 99, 109, 110, 131, 132, 142, 143]
[2, 13, 21, 28, 36, 47, 55, 62, 68, 79, 87, 94, 100, 111, 119, 126, 133, 144, 152, 159]
[3, 4, 37, 38, 69, 70, 101, 102, 134, 135]
[3, 4, 37, 38, 69, 70, 101, 102, 134, 135]
[5, 6, 14, 15, 39, 40, 48, 49, 71, 72, 80, 81, 103, 104, 112, 113, 136, 137, 145, 146]
[5, 6, 14, 15, 39, 40, 48, 49, 71, 72, 80, 81, 103, 104, 112, 113, 136, 137, 145, 146]
[7, 10, 16, 19, 41, 44, 50, 53, 73, 76, 82, 85, 105, 108, 114, 117, 138, 141, 147, 150]
[8, 9, 17, 18, 42, 43, 51, 52, 74, 75, 83, 84, 106, 107, 115, 116, 139, 140, 148, 149]
[8, 9, 17, 18, 42, 43, 51, 52, 74, 75, 83, 84, 106, 107, 115, 116, 139, 140, 148, 149]
[7, 10, 16, 19, 41, 44, 50, 53, 73, 76, 82, 85, 105, 108, 114, 117, 138, 141, 147, 150]
[0, 1, 11, 12, 34, 35, 45, 46, 66, 67, 77, 78, 98, 99, 109, 110, 131, 132, 142, 143]
[0, 1, 11, 12, 34, 35, 45, 46, 66, 67, 77, 78, 98, 99, 109, 110, 131, 132, 142, 143]
[2, 13, 21, 28, 36, 47, 55, 62, 68, 79, 87, 94, 100, 111, 119, 126, 133, 144, 152, 159]
[5, 6, 14, 15, 39, 40, 48, 49, 71, 72, 80, 81, 103, 104, 112, 113, 136, 137, 145, 146]
[5, 6, 14, 15, 39, 40, 48, 49, 71, 72, 80, 81, 103, 104, 112, 113, 136, 137, 145, 146]
[7, 10, 16, 19, 41, 44, 50, 53, 73, 76, 82, 85, 105, 108, 114, 117, 138, 141, 147, 150]
[8, 9, 17, 18, 42, 43, 51, 52, 74, 75, 83, 84, 106, 107, 115, 116, 139, 140, 148, 149]
[8, 9, 17, 18, 42, 43, 51, 52, 74, 75, 83, 84, 106, 107, 115, 116, 139, 140, 148, 149]
[7, 10, 16, 19, 41, 44, 50, 53, 73, 76, 82, 85, 105, 108, 114, 117, 138, 141, 147, 150]
[20, 27, 54, 61, 86, 93, 118, 125, 151, 158]
[2, 13, 21, 28, 36, 47, 55, 62, 68, 79, 87, 94, 100, 111, 119, 126, 133, 144, 152, 159]
[22, 23, 56, 57, 88, 89, 120, 121, 153, 154]
[22, 23, 56, 57, 88, 89, 120, 121, 153, 154]
[24, 25, 29, 30, 58, 59, 63, 64, 90, 91, 95, 96, 122, 123, 127, 128, 155, 156, 160, 161]
[24, 25, 29, 30, 58, 59, 63, 64, 90, 91, 95, 96, 122, 123, 127, 128, 155, 156, 160, 161]
[26, 31, 60, 65, 92, 97, 124, 129, 157, 162]
[20, 27, 54, 61, 86, 93, 118, 125, 151, 158]
[2, 13, 21, 28, 36, 47, 55, 62, 68, 79, 87, 94, 100, 111, 119, 126, 133, 144, 152, 159]
[24, 25, 29, 30, 58, 59, 63, 64, 90, 91, 95, 96, 122, 123, 127, 128, 155, 156, 160, 161]
[24, 25, 29, 30, 58, 59, 63, 64, 90, 91, 95, 96, 122, 123, 127, 128, 155, 156, 160, 161]
[26, 31, 60, 65, 92, 97, 124, 129, 157, 162]
[]
[]
[]
[]
[]
[]
[]
[]
[]
[]
[]
[]
[]
[]
[]
[]
[0, 1, 11, 12, 34, 35, 45, 46, 66, 67, 77, 78, 98, 99, 109, 110, 131, 132, 142, 143]
[0, 1, 11, 12, 34, 35, 45, 46, 66, 67, 77, 78, 98, 99, 109, 110, 131, 132, 142, 143]
[2, 13, 21, 28, 36, 47, 55, 62, 68, 79, 87, 94, 100, 111, 119, 126, 133, 144, 152, 159]
[3, 4, 37, 38, 69, 70, 101, 102, 134, 135]
[3, 4, 37, 38, 69, 70, 101, 102, 134, 135]
[5, 6, 14, 15, 39, 40, 48, 49, 71, 72, 80, 81, 103, 104, 112, 113, 136, 137, 145, 146]
[5, 6, 14, 15, 39, 40, 48, 49, 71, 72, 80, 81, 103, 104, 112, 113, 136, 137, 145, 146]
[7, 10, 16, 19, 41, 44, 50, 53, 73, 76, 82, 85, 105, 108, 114, 117, 138, 141, 147, 150]
[8, 9, 17, 18, 42, 43, 51, 52, 74, 75, 83, 84, 106, 107, 115, 116, 139, 140, 148, 149]
[8, 9, 17, 18, 42, 43, 51, 52, 74, 75, 83, 84, 106, 107, 115, 116, 139, 140, 148, 149]
[7, 10, 16, 19, 41, 44, 50, 53, 73, 76, 82, 85, 105, 108, 114, 117, 138, 141, 147, 150]
[0, 1, 11, 12, 34, 35, 45, 46, 66, 67, 77, 78, 98, 99, 109, 110, 131, 132, 142, 143]
[0, 1, 11, 12, 34, 35, 45, 46, 66, 67, 77, 78, 98, 99, 109, 110, 131, 132, 142, 143]
[2, 13, 21, 28, 36, 47, 55, 62, 68, 79, 87, 94, 100, 111, 119, 126, 133, 144, 152, 159]
[5, 6, 14, 15, 39, 40, 48, 49, 71, 72, 80, 81, 103, 104, 112, 113, 136, 137, 145, 146]
[5, 6, 14, 15, 39, 40, 48, 49, 71, 72, 80, 81, 103, 104, 112, 113, 136, 137, 145, 146]
[7, 10, 16, 19, 41, 44, 50, 53, 73, 76, 82, 85, 105, 108, 114, 117, 138, 141, 147, 150]
[8, 9, 17, 18, 42, 43, 51, 52, 74, 75, 83, 84, 106, 107, 115, 116, 139, 140, 148, 149]
[8, 9, 17, 18, 42, 43, 51, 52, 74, 75, 83, 84, 106, 107, 115, 116, 139, 140, 148, 149]
[7, 10, 16, 19, 41, 44, 50, 53, 73, 76, 82, 85, 105, 108, 114, 117, 138, 141, 147, 150]
[20, 27, 54, 61, 86, 93, 118, 125, 151, 158]
[2, 13, 21, 28, 36, 47, 55, 62, 68, 79, 87, 94, 100, 111, 119, 126, 133, 144, 152, 159]
[22, 23, 56, 57, 88, 89, 120, 121, 153, 154]
[22, 23, 56, 57, 88, 89, 120, 121, 153, 154]
[24, 25, 29, 30, 58, 59, 63, 64, 90, 91, 95, 96, 122, 123, 127, 128, 155, 156, 160, 161]
[24, 25, 29, 30, 58, 59, 63, 64, 90, 91, 95, 96, 122, 123, 127, 128, 155, 156, 160, 161]
[26, 31, 60, 65, 92, 97, 124, 129, 157, 162]
[20, 27, 54, 61, 86, 93, 118, 125, 151, 158]
[2, 13, 21, 28, 36, 47, 55, 62, 68, 79, 87, 94, 100, 111, 119, 126, 133, 144, 152, 159]
[24, 25, 29, 30, 58, 59, 63, 64, 90, 91, 95, 96, 122, 123, 127, 128, 155, 156, 160, 161]
[24, 25, 29, 30, 58, 59, 63, 64, 90, 91, 95, 96, 122, 123, 127, 128, 155, 156, 160, 161]
[26, 31, 60, 65, 92, 97, 124, 129, 157, 162]
[32, 33]
[32, 33]
