[]
[0, 1, 11, 12, 33, 34, 44, 45, 65, 66, 76, 77, 97, 98, 108, 109, 129, 130, 140, 141, 161, 162, 172, 173]
[0, 1, 11, 12, 33, 34, 44, 45, 65, 66, 76, 77, 97, 98, 108, 109, 129, 130, 140, 141, 161, 162, 172, 173]
[2, 13, 21, 28, 35, 46, 54, 61, 67, 78, 86, 93, 99, 110, 118, 125, 131, 142, 150, 157, 163, 174, 182, 189]
[3, 4, 36, 37, 68, 69, 100, 101, 132, 133, 164, 165]
[3, 4, 36, 37, 68, 69, 100, 101, 132, 133, 164, 165]
[5, 6, 14, 15, 38, 39, 47, 48, 70, 71, 79, 80, 102, 103, 111, 112, 134, 135, 143, 144, 166, 167, 175, 176]
[5, 6, 14, 15, 38, 39, 47, 48, 70, 71, 79, 80, 102, 103, 111, 112, 134, 135, 143, 144, 166, 167, 175, 176]
[7, 10, 16, 19, 40, 43, 49, 52, 72, 75, 81, 84, 104, 107, 113, 116, 136, 139, 145, 148, 168, 171, 177, 180]
[8, 9, 17, 18, 41, 42, 50, 51, 73, 74, 82, 83, 105, 106, 114, 115, 137, 138, 146, 147, 169, 170, 178, 179]
[8, 9, 17, 18, 41, 42, 50, 51, 73, 74, 82, 83, 105, 106, 114, 115, 137, 138, 146, 147, 169, 170, 178, 179]
[7, 10, 16, 19, 40, 43, 49, 52, 72, 75, 81, 84, 104, 107, 113, 116, 136, 139, 145, 148, 168, 171, 177, 180]
[0, 1, 11, 12, 33, 34, 44, 45, 65, 66, 76, 77, 97, 98, 108, 109, 129, 130, 140, 141, 161, 162, 172, 173]
[0, 1, 11, 12, 33, 34, 44, 45, 65, 66, 76, 77, 97, 98, 108, 109, 129, 130, 140, 141, 161, 162, 172, 173]
[2, 13, 21, 28, 35, 46, 54, 61, 67, 78, 86, 93, 99, 110, 118, 125, 131, 142, 150, 157, 163, 174, 182, 189]
[5, 6, 14, 15, 38, 39, 47, 48, 70, 71, 79, 80, 102, 103, 111, 112, 134, 135, 143, 144, 166, 167, 175, 176]
[5, 6, 14, 15, 38, 39, 47, 48, 70, 71, 79, 80, 102, 103, 111, 112, 134, 135, 143, 144, 166, 167, 175, 176]
[7, 10, 16, 19, 40, 43, 49, 52, 72, 75, 81, 84, 104, 107, 113, 116, 136, 139, 145, 148, 168, 171, 177, 180]
[8, 9, 17, 18, 41, 42, 50, 51, 73, 74, 82, 83, 105, 106, 114, 115, 137, 138, 146, 147, 169, 170, 178, 179]
[8, 9, 17, 18, 41, 42, 50, 51, 73, 74, 82, 83, 105, 106, 114, 115, 137, 138, 146, 147, 169, 170, 178, 179]
[7, 10, 16, 19, 40, 43, 49, 52, 72, 75, 81, 84, 104, 107, 113, 116, 136, 139, 145, 148, 168, 171, 177, 180]
[20, 27, 53, 60, 85, 92, 117, 124, 149, 156, 181, 188]
[2, 13, 21, 28, 35, 46, 54, 61, 67, 78, 86, 93, 99, 110, 118, 125, 131, 142, 150, 157, 163, 174, 182, 189]
[22, 23, 55, 56, 87, 88, 119, 120, 151, 152, 183, 184]
[22, 23, 55, 56, 87, 88, 119, 120, 151, 152, 183, 184]
[24, 25, 29, 30, 57, 58, 62, 63, 89, 90, 94, 95, 121, 122, 126, 127, 153, 154, 158, 159, 185, 186, 190, 191]
[24, 25, 29, 30, 57, 58, 62, 63, 89, 90, 94, 95, 121, 122, 126, 127, 153, 154, 158, 159, 185, 186, 190, 191]
[26, 31, 59, 64, 91, 96, 123, 128, 155, 160, 187, 192]
[20, 27, 53, 60, 85, 92, 117, 124, 149, 156, 181, 188]
[2, 13, 21, 28, 35, 46, 54, 61, 67, 78, 86, 93, 99, 110, 118, 125, 131, 142, 150, 157, 163, 174, 182, 189]
[24, 25, 29, 30, 57, 58, 62, 63, 89, 90, 94, 95, 121, 122, 126, 127, 153, 154, 158, 159, 185, 186, 190, 191]
[24, 25, 29, 30, 57, 58, 62, 63, 89, 90, 94, 95, 121, 122, 126, 127, 153, 154, 158, 159, 185, 186, 190, 191]
[26, 31, 59, 64, 91, 96, 123, 128, 155, 160, 187, 192]
[0, 1, 11, 12, 33, 34, 44, 45, 65, 66, 76, 77, 97, 98, 108, 109, 129, 130, 140, 141, 161, 162, 172, 173]
[0, 1, 11, 12, 33, 34, 44, 45, 65, 66, 76, 77, 97, 98, 108, 109, 129, 130, 140, 141, 161, 162, 172, 173]
[2, 13, 21, 28, 35, 46, 54, 61, 67, 78, 86, 93, 99, 110, 118, 125, 131, 142, 150, 157, 163, 174, 182, 189]
[3, 4, 36, 37, 68, 69, 100, 101, 132, 133, 164, 165]
[3, 4, 36, 37, 68, 69, 100, 101, 132, 133, 164, 165]
[5, 6, 14, 15, 38, 39, 47, 48, 70, 71, 79, 80, 102, 103, 111, 112, 134, 135, 143, 144, 166, 167, 175, 176]
[5, 6, 14, 15, 38, 39, 47, 48, 70, 71, 79, 80, 102, 103, 111, 112, 134, 135, 143, 144, 166, 167, 175, 176]
[7, 10, 16, 19, 40, 43, 49, 52, 72, 75, 81, 84, 104, 107, 113, 116, 136, 139, 145, 148, 168, 171, 177, 180]
[8, 9, 17, 18, 41, 42, 50, 51, 73, 74, 82, 83, 105, 106, 114, 115, 137, 138, 146, 147, 169, 170, 178, 179]
[8, 9, 17, 18, 41, 42, 50, 51, 73, 74, 82, 83, 105, 106, 114, 115, 137, 138, 146, 147, 169, 170, 178, 179]
[7, 10, 16, 19, 40, 43, 49, 52, 72, 75, 81, 84, 104, 107, 113, 116, 136, 139, 145, 148, 168, 171, 177, 180]
[0, 1, 11, 12, 33, 34, 44, 45, 65, 66, 76, 77, 97, 98, 108, 109, 129, 130, 140, 141, 161, 162, 172, 173]
[0, 1, 11, 12, 33, 34, 44, 45, 65, 66, 76, 77, 97, 98, 108, 109, 129, 130, 140, 141, 161, 162, 172, 173]
[2, 13, 21, 28, 35, 46, 54, 61, 67, 78, 86, 93, 99, 110, 118, 125, 131, 142, 150, 157, 163, 174, 182, 189]
[5, 6, 14, 15, 38, 39, 47, 48, 70, 71, 79, 80, 102, 103, 111, 112, 134, 135, 143, 144, 166, 167, 175, 176]
[5, 6, 14, 15, 38, 39, 47, 48, 70, 71, 79, 80, 102, 103, 111, 112, 134, 135, 143, 144, 166, 167, 175, 176]
[7, 10, 16, 19, 40, 43, 49, 52, 72, 75, 81, 84, 104, 107, 113, 116, 136, 139, 145, 148, 168, 171, 177, 180]
[8, 9, 17, 18, 41, 42, 50, 51, 73, 74, 82, 83, 105, 106, 114, 115, 137, 138, 146, 147, 169, 170, 178, 179]
[8, 9, 17, 18, 41, 42, 50, 51, 73, 74, 82, 83, 105, 106, 114, 115, 137, 138, 146, 147, 169, 170, 178, 179]
[7, 10, 16, 19, 40, 43, 49, 52, 72, 75, 81, 84, 104, 107, 113, 116, 136, 139, 145, 148, 168, 171, 177, 180]
[20, 27, 53, 60, 85, 92, 117, 124, 149, 156, 181, 188]
[2, 13, 21, 28, 35, 46, 54, 61, 67, 78, 86, 93, 99, 110, 118, 125, 131, 142, 150, 157, 163, 174, 182, 189]
[22, 23, 55, 56, 87, 88, 119, 120, 151, 152, 183, 184]
[22, 23, 55, 56, 87, 88, 119, 120, 151, 152, 183, 184]
[24, 25, 29, 30, 57, 58, 62, 63, 89, 90, 94, 95, 121, 122, 126, 127, 153, 154, 158, 159, 185, 186, 190, 191]
[24, 25, 29, 30, 57, 58, 62, 63, 89, 90, 94, 95, 121, 122, 126, 127, 153, 154, 158, 159, 185, 186, 190, 191]
[26, 31, 59, 64, 91, 96, 123, 128, 155, 160, 187, 192]
[20, 27, 53, 60, 85, 92, 117, 124, 149, 156, 181, 188]
[2, 13, 21, 28, 35, 46, 54, 61, 67, 78, 86, 93, 99, 110, 118, 125, 131, 142, 150, 157, 163, 174, 182, 189]
[24, 25, 29, 30, 57, 58, 62, 63, 89, 90, 94, 95, 121, 122, 126, 127, 153, 154, 158, 159, 185, 186, 190, 191]
[24, 25, 29, 30, 57, 58, 62, 63, 89, 90, 94, 95, 121, 122, 126, 127, 153, 154, 158, 159, 185, 186, 190, 191]
[26, 31, 59, 64, 91, 96, 123, 128, 155, 160, 187, 192]
[]
[0, 1, 11, 12, 33, 34, 44, 45, 65, 66, 76, 77, 97, 98, 108, 109, 129, 130, 140, 141, 161, 162, 172, 173]
[0, 1, 11, 12, 33, 34, 44, 45, 65, 66, 76, 77, 97, 98, 108, 109, 129, 130, 140, 141, 161, 162, 172, 173]
[2, 13, 21, 28, 35, 46, 54, 61, 67, 78, 86, 93, 99, 110, 118, 125, 131, 142, 150, 157, 163, 174, 182, 189]
[3, 4, 36, 37, 68, 69, 100, 101, 132, 133, 164, 165]
[3, 4, 36, 37, 68, 69, 100, 101, 132, 133, 164, 165]
[5, 6, 14, 15, 38, 39, 47, 48, 70, 71, 79, 80, 102, 103, 111, 112, 134, 135, 143, 144, 166, 167, 175, 176]
[5, 6, 14, 15, 38, 39, 47, 48, 70, 71, 79, 80, 102, 103, 111, 112, 134, 135, 143, 144, 166, 167, 175, 176]
[7, 10, 16, 19, 40, 43, 49, 52, 72, 75, 81, 84, 104, 107, 113, 116, 136, 139, 145, 148, 168, 171, 177, 180]
[8, 9, 17, 18, 41, 42, 50, 51, 73, 74, 82, 83, 105, 106, 114, 115, 137, 138, 146, 147, 169, 170, 178, 179]
[8, 9, 17, 18, 41, 42, 50, 51, 73, 74, 82, 83, 105, 106, 114, 115, 137, 138, 146, 147, 169, 170, 178, 179]
[7, 10, 16, 19, 40, 43, 49, 52, 72, 75, 81, 84, 104, 107, 113, 116, 136, 139, 145, 148, 168, 171, 177, 180]
[0, 1, 11, 12, 33, 34, 44, 45, 65, 66, 76, 77, 97, 98, 108, 109, 129, 130, 140, 141, 161, 162, 172, 173]
[0, 1, 11, 12, 33, 34, 44, 45, 65, 66, 76, 77, 97, 98, 108, 109, 129, 130, 140, 141, 161, 162, 172, 173]
[2, 13, 21, 28, 35, 46, 54, 61, 67, 78, 86, 93, 99, 110, 118, 125, 131, 142, 150, 157, 163, 174, 182, 189]
[5, 6, 14, 15, 38, 39, 47, 48, 70, 71, 79, 80, 102, 103, 111, 112, 134, 135, 143, 144, 166, 167, 175, 176]
[5, 6, 14, 15, 38, 39, 47, 48, 70, 71, 79, 80, 102, 103, 111, 112, 134, 135, 143, 144, 166, 167, 175, 176]
[7, 10, 16, 19, 40, 43, 49, 52, 72, 75, 81, 84, 104, 107, 113, 116, 136, 139, 145, 148, 168, 171, 177, 180]
[8, 9, 17, 18, 41, 42, 50, 51, 73, 74, 82, 83, 105, 106, 114, 115, 137, 138, 146, 147, 169, 170, 178, 179]
[8, 9, 17, 18, 41, 42, 50, 51, 73, 74, 82, 83, 105, 106, 114, 115, 137, 138, 146, 147, 169, 170, 178, 179]
[7, 10, 16, 19, 40, 43, 49, 52, 72, 75, 81, 84, 104, 107, 113, 116, 136, 139, 145, 148, 168, 171, 177, 180]
[20, 27, 53, 60, 85, 92, 117, 124, 149, 156, 181, 188]
[2, 13, 21, 28, 35, 46, 54, 61, 67, 78, 86, 93, 99, 110, 118, 125, 131, 142, 150, 157, 163, 174, 182, 189]
[22, 23, 55, 56, 87, 88, 119, 120, 151, 152, 183, 184]
[22, 23, 55, 56, 87, 88, 119, 120, 151, 152, 183, 184]
[24, 25, 29, 30, 57, 58, 62, 63, 89, 90, 94, 95, 121, 122, 126, 127, 153, 154, 158, 159, 185, 186, 190, 191]
[24, 25, 29, 30, 57, 58, 62, 63, 89, 90, 94, 95, 121, 122, 126, 127, 153, 154, 158, 159, 185, 186, 190, 191]
[26, 31, 59, 64, 91, 96, 123, 128, 155, 160, 187, 192]
[20, 27, 53, 60, 85, 92, 117, 124, 149, 156, 181, 188]
[2, 13, 21, 28, 35, 46, 54, 61, 67, 78, 86, 93, 99, 110, 118, 125, 131, 142, 150, 157, 163, 174, 182, 189]
[24, 25, 29, 30, 57, 58, 62, 63, 89, 90, 94, 95, 121, 122, 126, 127, 153, 154, 158, 159, 185, 186, 190, 191]
[24, 25, 29, 30, 57, 58, 62, 63, 89, 90, 94, 95, 121, 122, 126, 127, 153, 154, 158, 159, 185, 186, 190, 191]
[26, 31, 59, 64, 91, 96, 123, 128, 155, 160, 187, 192]
