[0]
[1, 2]
[1, 2]
[3]
[4]
[5, 6]
[5, 6]
[7]
[8]
[9, 10]
[9, 10]
[11]
[12]
[13, 14]
[13, 14]
[15]
[16]
[17, 18]
[17, 18]
[19]
[]
[]
[]
[]
[]
[]
[]
[]
[]
[]
[]
[]
[36, 37, 44, 45, 145, 146, 169, 170]
[117, 118]
[]
[]
[85]
[0]
[]
[123, 129]
[]
[]
[]
[]
[23]
[]
[]
[]
[]
[115, 116]
[]
[]
[246, 247, 266, 267]
[5, 6]
[]
[]
[]
[]
[]
[]
[]
[]
[]
[]
[]
[]
[]
[]
[83]
[4]
[]
[]
[]
[]
[]
[]
[]
[]
[]
[]
[]
[]
[]
[]
[36, 37, 44, 45, 145, 146, 169, 170]
[34, 40]
[34, 40]
[36, 37]
[36, 37]
[34, 40]
[36, 37]
[34, 40]
[34, 40]
[34, 40]
[34, 40]
[34, 40]
[34, 40]
[34, 40]
[34, 40]
[34, 40]
[17, 18]
[17, 18]
[17, 18]
[17, 18]
[17, 18]
[17, 18]
[17, 18]
[17, 18]
[183, 187]
[183]
[189]
[183, 189]
[183, 189]
[183]
[184, 189]
[189]
[183]
[183]
[189]
[183, 189]
[183, 189]
[183]
[189]
[189]
[17, 18]
[17, 18]
[17, 18]
[17, 18]
[17, 18]
[17, 18]
[17, 18]
[17, 18]
[]
[24, 50, 59, 88, 97, 135, 136, 238]
[51]
[52]
[53]
[54]
[55]
[56]
[57]
[58]
[24, 50, 59, 88, 97, 135, 136, 238]
[60]
[61]
[62]
[63]
[64]
[65]
[66]
[67]
[68]
[71]
[72]
[73]
[74]
[75]
[76]
[77]
[78]
[79]
[80]
[81]
[82]
[83]
[84]
[85]
[86]
[24, 50, 59, 88, 97, 135, 136, 238]
[24, 25, 26, 27, 28, 29, 30, 31, 32, 50, 51, 52, 53, 54, 55, 56, 57, 58, 59, 60, 61, 88, 89, 90, 91, 92, 93, 94, 95, 96, 97, 98, 99, 106, 107, 108, 135, 136, 137, 138, 139, 238, 239]
[24, 25, 26, 27, 28, 29, 30, 31, 32, 50, 51, 52, 53, 54, 55, 56, 57, 58, 59, 60, 61, 88, 89, 90, 91, 92, 93, 94, 95, 96, 97, 98, 99, 106, 107, 108, 135, 136, 137, 138, 139, 238, 239]
[24, 25, 26, 27, 28, 29, 30, 31, 32, 50, 51, 52, 53, 54, 55, 56, 57, 58, 59, 60, 61, 88, 89, 90, 91, 92, 93, 94, 95, 96, 97, 98, 99, 106, 107, 108, 135, 136, 137, 138, 139, 238, 239]
[24, 25, 26, 27, 28, 29, 30, 31, 32, 50, 51, 52, 53, 54, 55, 56, 57, 58, 59, 60, 61, 88, 89, 90, 91, 92, 93, 94, 95, 96, 97, 98, 99, 106, 107, 108, 135, 136, 137, 138, 139, 238, 239]
[24, 25, 26, 27, 28, 29, 30, 31, 32, 50, 51, 52, 53, 54, 55, 56, 57, 58, 59, 60, 61, 88, 89, 90, 91, 92, 93, 94, 95, 96, 97, 98, 99, 106, 107, 108, 135, 136, 137, 138, 139, 238, 239]
[24, 25, 26, 27, 28, 29, 30, 31, 32, 50, 51, 52, 53, 54, 55, 56, 57, 58, 59, 60, 61, 88, 89, 90, 91, 92, 93, 94, 95, 96, 97, 98, 99, 106, 107, 108, 135, 136, 137, 138, 139, 238, 239]
[24, 25, 26, 27, 28, 29, 30, 31, 32, 50, 51, 52, 53, 54, 55, 56, 57, 58, 59, 60, 61, 88, 89, 90, 91, 92, 93, 94, 95, 96, 97, 98, 99, 106, 107, 108, 135, 136, 137, 138, 139, 238, 239]
[24, 25, 26, 27, 28, 29, 30, 31, 32, 50, 51, 52, 53, 54, 55, 56, 57, 58, 59, 60, 61, 88, 89, 90, 91, 92, 93, 94, 95, 96, 97, 98, 99, 106, 107, 108, 135, 136, 137, 138, 139, 238, 239]
[24, 50, 59, 88, 97, 135, 136, 238]
[24, 25, 26, 27, 28, 29, 30, 31, 32, 50, 51, 52, 53, 54, 55, 56, 57, 58, 59, 60, 61, 88, 89, 90, 91, 92, 93, 94, 95, 96, 97, 98, 99, 106, 107, 108, 135, 136, 137, 138, 139, 238, 239]
[24, 25, 26, 27, 28, 29, 30, 31, 32, 50, 51, 52, 53, 54, 55, 56, 57, 58, 59, 60, 61, 88, 89, 90, 91, 92, 93, 94, 95, 96, 97, 98, 99, 106, 107, 108, 135, 136, 137, 138, 139, 238, 239]
[17, 18]
[17, 18]
[258, 259, 278, 279]
[258, 259, 278, 279]
[246, 247, 266, 267]
[246, 247, 266, 267]
[24, 25, 26, 27, 28, 29, 30, 31, 32, 50, 51, 52, 53, 54, 55, 56, 57, 58, 59, 60, 61, 88, 89, 90, 91, 92, 93, 94, 95, 96, 97, 98, 99, 106, 107, 108, 135, 136, 137, 138, 139, 238, 239]
[24, 25, 26, 27, 28, 29, 30, 31, 32, 50, 51, 52, 53, 54, 55, 56, 57, 58, 59, 60, 61, 88, 89, 90, 91, 92, 93, 94, 95, 96, 97, 98, 99, 106, 107, 108, 135, 136, 137, 138, 139, 238, 239]
[24, 25, 26, 27, 28, 29, 30, 31, 32, 50, 51, 52, 53, 54, 55, 56, 57, 58, 59, 60, 61, 88, 89, 90, 91, 92, 93, 94, 95, 96, 97, 98, 99, 106, 107, 108, 135, 136, 137, 138, 139, 238, 239]
[17, 18]
[17, 18]
[36, 37, 44, 45, 145, 146, 169, 170]
[17, 18]
[17, 18]
[17, 18]
[17, 18]
[117, 118]
[102, 103]
[102, 103]
[17, 18]
[17, 18]
[17, 18]
[17, 18]
[17, 18]
[17, 18]
[246, 247, 266, 267]
[246, 247, 266, 267]
[17, 18]
[17, 18]
[17, 18]
[17, 18]
[17, 18]
[17, 18]
[17, 18]
[17, 18]
[250, 251, 270, 271]
[250, 251, 270, 271]
[17, 18]
[17, 18]
[17, 18]
[17, 18]
[17, 18]
[17, 18]
[81]
[81]
[17, 18]
[17, 18]
[17, 18]
[17, 18]
[17, 18]
[17, 18]
[254, 255, 274, 275]
[254, 255, 274, 275]
[17, 18]
[17, 18]
[17, 18]
[17, 18]
[17, 18]
[17, 18]
[79]
[79]
[17, 18]
[17, 18]
[17, 18]
[17, 18]
[17, 18]
[17, 18]
[78]
[78]
[17, 18]
[17, 18]
[17, 18]
[17, 18]
[17, 18]
[17, 18]
[77]
[77]
[17, 18]
[17, 18]
[17, 18]
[17, 18]
[17, 18]
[17, 18]
[76]
[76]
[17, 18]
[17, 18]
[17, 18]
[17, 18]
[17, 18]
[17, 18]
[75]
[75]
[17, 18]
[17, 18]
[17, 18]
[17, 18]
[17, 18]
[17, 18]
[74]
[74]
[17, 18]
[17, 18]
[17, 18]
[17, 18]
[17, 18]
[17, 18]
[73]
[73]
[17, 18]
[17, 18]
[17, 18]
[17, 18]
[17, 18]
[17, 18]
[72]
[72]
[17, 18]
[17, 18]
[17, 18]
[17, 18]
[17, 18]
[17, 18]
[71]
[71]
[17, 18]
[17, 18]
[17, 18]
[17, 18]
[17, 18]
[17, 18]
[36, 37, 44, 45, 145, 146, 169, 170]
[17, 18]
[17, 18]
[17, 18]
[36, 37, 44, 45, 145, 146, 169, 170]
[85]
[85]
[17, 18]
[17, 18]
[23]
[23]
[17, 18]
[17, 18]
[246, 247, 266, 267]
[246, 247, 266, 267]
[17, 18]
[17, 18]
[17, 18]
[83]
[17, 18]
[17, 18]
[17, 18]
[17, 18]
[83]
[17, 18]
[17, 18]
[17, 18]
[17, 18]
[17, 18]
[250, 251, 270, 271]
[250, 251, 270, 271]
[17, 18]
[17, 18]
[17, 18]
[17, 18]
[17, 18]
[17, 18]
[17, 18]
[17, 18]
[254, 255, 274, 275]
[254, 255, 274, 275]
[17, 18]
[17, 18]
[17, 18]
[17, 18]
[17, 18]
[17, 18]
[79]
[79]
[17, 18]
[17, 18]
[17, 18]
[17, 18]
[17, 18]
[17, 18]
[78]
[78]
[17, 18]
[17, 18]
[17, 18]
[17, 18]
[17, 18]
[17, 18]
[77]
[77]
[17, 18]
[17, 18]
[17, 18]
[17, 18]
[17, 18]
[17, 18]
[76]
[76]
[17, 18]
[17, 18]
[17, 18]
[17, 18]
[17, 18]
[17, 18]
[75]
[75]
[17, 18]
[17, 18]
[17, 18]
[17, 18]
[17, 18]
[17, 18]
[74]
[74]
[17, 18]
[17, 18]
[17, 18]
[17, 18]
[17, 18]
[17, 18]
[73]
[73]
[17, 18]
[17, 18]
[17, 18]
[17, 18]
[17, 18]
[17, 18]
[72]
[72]
[115, 116]
[115, 116]
[17, 18]
[17, 18]
[17, 18]
[17, 18]
[71]
[71]
[117, 118]
[117, 118]
[119, 120]
[119, 120]
[110, 112]
[110, 112]
[112]
[112]
[113]
[113]
[123]
[124, 125, 126, 127, 128]
[124, 125, 126, 127, 128]
[124, 125, 126, 127, 128]
[124, 125, 126, 127, 128]
[124, 125, 126, 127, 128]
[123]
[124, 125, 126, 127, 128]
[124, 125, 126, 127, 128]
[124, 125, 126, 127, 128]
[124, 125, 126, 127, 128]
[124, 125, 126, 127, 128]
[129]
[130, 131, 132, 133, 134]
[130, 131, 132, 133, 134]
[130, 131, 132, 133, 134]
[130, 131, 132, 133, 134]
[130, 131, 132, 133, 134]
[24, 50, 59, 88, 97, 135, 136, 238]
[24, 50, 59, 88, 97, 135, 136, 238]
[137]
[138]
[139]
[140, 141]
[140, 141]
[148]
[144]
[150, 156]
[148]
[148]
[156]
[142, 148]
[144, 147]
[157]
[152]
[158, 159, 163]
[148]
[148]
[148]
[151, 157]
[152, 155]
[158, 160, 163, 164]
[158, 164]
[159, 165]
[158, 159, 164, 165]
[158, 159, 164, 165]
[158, 164]
[159, 160, 163, 165]
[159, 165]
[36, 37, 44, 45, 145, 146, 169, 170]
[167, 173, 174, 180]
[167, 173, 175, 181]
[169, 170]
[169, 170]
[167, 173, 175, 181]
[169, 170]
[167, 173, 174, 180]
[167, 173, 176, 179]
[167, 173, 182, 183, 187]
[167, 173]
[167, 173]
[167, 173]
[167, 173, 184, 188, 189]
[167, 173, 176, 179]
[167, 173]
[182, 184, 187, 188]
[182, 188]
[183, 189]
[182, 183, 188, 189]
[182, 183, 188, 189]
[182, 188]
[183, 184, 187, 189]
[183, 189]
[190]
[191]
[192]
[193]
[194]
[195]
[196]
[197]
[198]
[199]
[200]
[201]
[202]
[203]
[204]
[205]
[206, 207, 217, 218]
[206, 207, 217, 218]
[208, 219, 227, 234]
[209, 210]
[209, 210]
[211, 212, 220, 221]
[211, 212, 220, 221]
[213, 216, 222, 225]
[214, 215, 223, 224]
[214, 215, 223, 224]
[213, 216, 222, 225]
[206, 207, 217, 218]
[206, 207, 217, 218]
[208, 219, 227, 234]
[211, 212, 220, 221]
[211, 212, 220, 221]
[213, 216, 222, 225]
[214, 215, 223, 224]
[214, 215, 223, 224]
[213, 216, 222, 225]
[226, 233]
[208, 219, 227, 234]
[228, 229]
[228, 229]
[230, 231, 235, 236]
[230, 231, 235, 236]
[232, 237]
[226, 233]
[208, 219, 227, 234]
[230, 231, 235, 236]
[230, 231, 235, 236]
[232, 237]
[24, 50, 59, 88, 97, 135, 136, 238]
[99]
[24, 50, 59, 88, 97, 135, 136, 238]
[240]
[241]
[242, 243]
[242, 243]
[244]
[245]
[246, 247]
[246, 247]
[248]
[249]
[250, 251]
[250, 251]
[252]
[253]
[254, 255]
[254, 255]
[256]
[257]
[258, 259]
[258, 259]
[260]
[261]
[262, 263]
[262, 263]
[264]
[265]
[266, 267]
[266, 267]
[268]
[269]
[270, 271]
[270, 271]
[272]
[273]
[274, 275]
[274, 275]
[276]
[277]
[278, 279]
[278, 279]
[280]
