[32, 33, 34, 35, 36, 37, 38, 54, 56, 57, 58, 59, 60, 62, 63, 64, 65, 66, 199]
[32, 33, 34, 35, 36, 37, 38, 54, 56, 57, 58, 59, 60, 62, 63, 64, 65, 66, 199]
[32, 33, 34, 35, 36, 37, 38, 54, 56, 57, 58, 59, 60, 62, 63, 64, 65, 66, 199]
[32, 33, 34, 35, 36, 37, 38, 54, 56, 57, 58, 59, 60, 62, 63, 64, 65, 66, 199]
[32, 33, 34, 35, 36, 37, 38, 54, 56, 57, 58, 59, 60, 62, 63, 64, 65, 66, 199]
[32, 33, 34, 35, 36, 37, 38, 54, 56, 57, 58, 59, 60, 62, 63, 64, 65, 66, 199]
[32, 33, 34, 35, 36, 37, 38, 54, 56, 57, 58, 59, 60, 62, 63, 64, 65, 66, 199]
[32, 33, 34, 35, 36, 37, 38, 54, 56, 57, 58, 59, 60, 62, 63, 64, 65, 66, 199]
[32, 33, 34, 35, 36, 37, 38, 54, 56, 57, 58, 59, 60, 62, 63, 64, 65, 66, 199]
[32, 33, 34, 35, 36, 37, 38, 54, 56, 57, 58, 59, 60, 62, 63, 64, 65, 66, 199]
[32, 33, 34, 35, 36, 37, 38, 54, 56, 57, 58, 59, 60, 62, 63, 64, 65, 66, 199]
[32, 33, 34, 35, 36, 37, 38, 54, 56, 57, 58, 59, 60, 62, 63, 64, 65, 66, 199]
[32, 33, 34, 35, 36, 37, 38, 54, 56, 57, 58, 59, 60, 62, 63, 64, 65, 66, 199]
[32, 33, 34, 35, 36, 37, 38, 54, 56, 57, 58, 59, 60, 62, 63, 64, 65, 66, 199]
[32, 33, 34, 35, 36, 37, 38, 54, 56, 57, 58, 59, 60, 62, 63, 64, 65, 66, 199]
[32, 33, 34, 35, 36, 37, 38, 54, 56, 57, 58, 59, 60, 62, 63, 64, 65, 66, 199]
[53, 200]
[32, 33, 34, 35, 36, 37, 38, 54, 56, 57, 58, 59, 60, 62, 63, 64, 65, 66, 199]
[32, 33, 34, 35, 36, 37, 38, 54, 56, 57, 58, 59, 60, 62, 63, 64, 65, 66, 199]
[32, 33, 34, 35, 36, 37, 38, 54, 56, 57, 58, 59, 60, 62, 63, 64, 65, 66, 199]
[32, 33, 34, 35, 36, 37, 38, 54, 56, 57, 58, 59, 60, 62, 63, 64, 65, 66, 199]
[32, 33, 34, 35, 36, 37, 38, 54, 56, 57, 58, 59, 60, 62, 63, 64, 65, 66, 199]
[53, 200]
[32, 33, 34, 35, 36, 37, 38, 54, 56, 57, 58, 59, 60, 62, 63, 64, 65, 66, 199]
[]
[]
[]
[]
[]
[]
[]
[]
[]
[32, 33, 34, 35, 36, 37, 38, 54, 56, 57, 58, 59, 60, 62, 63, 64, 65, 66, 199]
[32, 33, 34, 35, 36, 37, 38, 54, 56, 57, 58, 59, 60, 62, 63, 64, 65, 66, 199]
[32, 33, 34, 35, 36, 37, 38, 54, 56, 57, 58, 59, 60, 62, 63, 64, 65, 66, 199]
[32, 33, 34, 35, 36, 37, 38, 54, 56, 57, 58, 59, 60, 62, 63, 64, 65, 66, 199]
[32, 33, 34, 35, 36, 37, 38, 54, 56, 57, 58, 59, 60, 62, 63, 64, 65, 66, 199]
[32, 33, 34, 35, 36, 37, 38, 54, 56, 57, 58, 59, 60, 62, 63, 64, 65, 66, 199]
[32, 33, 34, 35, 36, 37, 38, 54, 56, 57, 58, 59, 60, 62, 63, 64, 65, 66, 199]
[32, 33, 34, 35, 36, 37, 38, 54, 56, 57, 58, 59, 60, 62, 63, 64, 65, 66, 199]
[32, 33, 34, 35, 36, 37, 38, 54, 56, 57, 58, 59, 60, 62, 63, 64, 65, 66, 199]
[32, 33, 34, 35, 36, 37, 38, 54, 56, 57, 58, 59, 60, 62, 63, 64, 65, 66, 199]
[32, 33, 34, 35, 36, 37, 38, 54, 56, 57, 58, 59, 60, 62, 63, 64, 65, 66, 199]
[32, 33, 34, 35, 36, 37, 38, 54, 56, 57, 58, 59, 60, 62, 63, 64, 65, 66, 199]
[32, 33, 34, 35, 36, 37, 38, 54, 56, 57, 58, 59, 60, 62, 63, 64, 65, 66, 199]
[32, 33, 34, 35, 36, 37, 38, 54, 56, 57, 58, 59, 60, 62, 63, 64, 65, 66, 199]
[32, 33, 34, 35, 36, 37, 38, 54, 56, 57, 58, 59, 60, 62, 63, 64, 65, 66, 199]
[32, 33, 34, 35, 36, 37, 38, 54, 56, 57, 58, 59, 60, 62, 63, 64, 65, 66, 199]
[]
[]
[]
[]
[]
[]
[]
[]
[]
[]
[]
[]
[]
[32]
[33]
[34]
[35]
[36]
[37]
[38]
[32, 33, 34, 35, 36, 37, 38, 54, 56, 57, 58, 59, 60, 62, 63, 64, 65, 66, 199]
[32, 33, 34, 35, 36, 37, 38, 54, 56, 57, 58, 59, 60, 62, 63, 64, 65, 66, 199]
[39, 214]
[40, 213]
[41, 212]
[42, 211]
[43, 210]
[44, 209]
[45, 208]
[46, 207]
[47, 206]
[48, 205]
[49, 204]
[50, 203]
[51, 202]
[52, 201]
[53, 200]
[54, 199]
[32, 33, 34, 35, 36, 37, 38, 54, 56, 57, 58, 59, 60, 62, 63, 64, 65, 66, 199]
[]
[]
[]
[]
[]
[]
[]
[]
[]
[]
[]
[]
[32, 33, 34, 35, 36, 37, 38, 54, 56, 57, 58, 59, 60, 62, 63, 64, 65, 66, 199]
[32, 33, 34, 35, 36, 37, 38, 54, 56, 57, 58, 59, 60, 62, 63, 64, 65, 66, 199]
[53, 200]
[53, 200]
[52, 201]
[52, 201]
[]
[]
[]
[32, 33, 34, 35, 36, 37, 38, 54, 56, 57, 58, 59, 60, 62, 63, 64, 65, 66, 199]
[39, 214]
[35]
[40, 213]
[32, 33, 34, 35, 36, 37, 38, 54, 56, 57, 58, 59, 60, 62, 63, 64, 65, 66, 199]
[41, 212]
[32, 33, 34, 35, 36, 37, 38, 54, 56, 57, 58, 59, 60, 62, 63, 64, 65, 66, 199]
[32, 33, 34, 35, 36, 37, 38, 54, 56, 57, 58, 59, 60, 62, 63, 64, 65, 66, 199]
[32, 33, 34, 35, 36, 37, 38, 54, 56, 57, 58, 59, 60, 62, 63, 64, 65, 66, 199]
[32, 33, 34, 35, 36, 37, 38, 54, 56, 57, 58, 59, 60, 62, 63, 64, 65, 66, 199]
[32, 33, 34, 35, 36, 37, 38, 54, 56, 57, 58, 59, 60, 62, 63, 64, 65, 66, 199]
[32, 33, 34, 35, 36, 37, 38, 54, 56, 57, 58, 59, 60, 62, 63, 64, 65, 66, 199]
[32, 33, 34, 35, 36, 37, 38, 54, 56, 57, 58, 59, 60, 62, 63, 64, 65, 66, 199]
[32, 33, 34, 35, 36, 37, 38, 54, 56, 57, 58, 59, 60, 62, 63, 64, 65, 66, 199]
[55]
[56, 57, 58, 59, 60]
[56, 57, 58, 59, 60]
[56, 57, 58, 59, 60]
[56, 57, 58, 59, 60]
[56, 57, 58, 59, 60]
[61]
[62, 63, 64, 65, 66]
[62, 63, 64, 65, 66]
[62, 63, 64, 65, 66]
[62, 63, 64, 65, 66]
[62, 63, 64, 65, 66]
[]
[]
[]
[]
[]
[67]
[67]
[32, 33, 34, 35, 36, 37, 38, 54, 56, 57, 58, 59, 60, 62, 63, 64, 65, 66, 199]
[32, 33, 34, 35, 36, 37, 38, 54, 56, 57, 58, 59, 60, 62, 63, 64, 65, 66, 199]
[32, 33, 34, 35, 36, 37, 38, 54, 56, 57, 58, 59, 60, 62, 63, 64, 65, 66, 199]
[32, 33, 34, 35, 36, 37, 38, 54, 56, 57, 58, 59, 60, 62, 63, 64, 65, 66, 199]
[32, 33, 34, 35, 36, 37, 38, 54, 56, 57, 58, 59, 60, 62, 63, 64, 65, 66, 199]
[32, 33, 34, 35, 36, 37, 38, 54, 56, 57, 58, 59, 60, 62, 63, 64, 65, 66, 199]
[32, 33, 34, 35, 36, 37, 38, 54, 56, 57, 58, 59, 60, 62, 63, 64, 65, 66, 199]
[32, 33, 34, 35, 36, 37, 38, 54, 56, 57, 58, 59, 60, 62, 63, 64, 65, 66, 199]
[32, 33, 34, 35, 36, 37, 38, 54, 56, 57, 58, 59, 60, 62, 63, 64, 65, 66, 199]
[32, 33, 34, 35, 36, 37, 38, 54, 56, 57, 58, 59, 60, 62, 63, 64, 65, 66, 199]
[32, 33, 34, 35, 36, 37, 38, 54, 56, 57, 58, 59, 60, 62, 63, 64, 65, 66, 199]
[32, 33, 34, 35, 36, 37, 38, 54, 56, 57, 58, 59, 60, 62, 63, 64, 65, 66, 199]
[32, 33, 34, 35, 36, 37, 38, 54, 56, 57, 58, 59, 60, 62, 63, 64, 65, 66, 199]
[32, 33, 34, 35, 36, 37, 38, 54, 56, 57, 58, 59, 60, 62, 63, 64, 65, 66, 199]
[32, 33, 34, 35, 36, 37, 38, 54, 56, 57, 58, 59, 60, 62, 63, 64, 65, 66, 199]
[32, 33, 34, 35, 36, 37, 38, 54, 56, 57, 58, 59, 60, 62, 63, 64, 65, 66, 199]
[32, 33, 34, 35, 36, 37, 38, 54, 56, 57, 58, 59, 60, 62, 63, 64, 65, 66, 199]
[32, 33, 34, 35, 36, 37, 38, 54, 56, 57, 58, 59, 60, 62, 63, 64, 65, 66, 199]
[32, 33, 34, 35, 36, 37, 38, 54, 56, 57, 58, 59, 60, 62, 63, 64, 65, 66, 199]
[32, 33, 34, 35, 36, 37, 38, 54, 56, 57, 58, 59, 60, 62, 63, 64, 65, 66, 199]
[32, 33, 34, 35, 36, 37, 38, 54, 56, 57, 58, 59, 60, 62, 63, 64, 65, 66, 199]
[32, 33, 34, 35, 36, 37, 38, 54, 56, 57, 58, 59, 60, 62, 63, 64, 65, 66, 199]
[32, 33, 34, 35, 36, 37, 38, 54, 56, 57, 58, 59, 60, 62, 63, 64, 65, 66, 199]
[32, 33, 34, 35, 36, 37, 38, 54, 56, 57, 58, 59, 60, 62, 63, 64, 65, 66, 199]
[32, 33, 34, 35, 36, 37, 38, 54, 56, 57, 58, 59, 60, 62, 63, 64, 65, 66, 199]
[32, 33, 34, 35, 36, 37, 38, 54, 56, 57, 58, 59, 60, 62, 63, 64, 65, 66, 199]
[32, 33, 34, 35, 36, 37, 38, 54, 56, 57, 58, 59, 60, 62, 63, 64, 65, 66, 199]
[32, 33, 34, 35, 36, 37, 38, 54, 56, 57, 58, 59, 60, 62, 63, 64, 65, 66, 199]
[32, 33, 34, 35, 36, 37, 38, 54, 56, 57, 58, 59, 60, 62, 63, 64, 65, 66, 199]
[32, 33, 34, 35, 36, 37, 38, 54, 56, 57, 58, 59, 60, 62, 63, 64, 65, 66, 199]
[32, 33, 34, 35, 36, 37, 38, 54, 56, 57, 58, 59, 60, 62, 63, 64, 65, 66, 199]
[32, 33, 34, 35, 36, 37, 38, 54, 56, 57, 58, 59, 60, 62, 63, 64, 65, 66, 199]
[32, 33, 34, 35, 36, 37, 38, 54, 56, 57, 58, 59, 60, 62, 63, 64, 65, 66, 199]
[32, 33, 34, 35, 36, 37, 38, 54, 56, 57, 58, 59, 60, 62, 63, 64, 65, 66, 199]
[32, 33, 34, 35, 36, 37, 38, 54, 56, 57, 58, 59, 60, 62, 63, 64, 65, 66, 199]
[32, 33, 34, 35, 36, 37, 38, 54, 56, 57, 58, 59, 60, 62, 63, 64, 65, 66, 199]
[32, 33, 34, 35, 36, 37, 38, 54, 56, 57, 58, 59, 60, 62, 63, 64, 65, 66, 199]
[32, 33, 34, 35, 36, 37, 38, 54, 56, 57, 58, 59, 60, 62, 63, 64, 65, 66, 199]
[32, 33, 34, 35, 36, 37, 38, 54, 56, 57, 58, 59, 60, 62, 63, 64, 65, 66, 199]
[32, 33, 34, 35, 36, 37, 38, 54, 56, 57, 58, 59, 60, 62, 63, 64, 65, 66, 199]
[32, 33, 34, 35, 36, 37, 38, 54, 56, 57, 58, 59, 60, 62, 63, 64, 65, 66, 199]
[32, 33, 34, 35, 36, 37, 38, 54, 56, 57, 58, 59, 60, 62, 63, 64, 65, 66, 199]
[32, 33, 34, 35, 36, 37, 38, 54, 56, 57, 58, 59, 60, 62, 63, 64, 65, 66, 199]
[32, 33, 34, 35, 36, 37, 38, 54, 56, 57, 58, 59, 60, 62, 63, 64, 65, 66, 199]
[32, 33, 34, 35, 36, 37, 38, 54, 56, 57, 58, 59, 60, 62, 63, 64, 65, 66, 199]
[32, 33, 34, 35, 36, 37, 38, 54, 56, 57, 58, 59, 60, 62, 63, 64, 65, 66, 199]
[32, 33, 34, 35, 36, 37, 38, 54, 56, 57, 58, 59, 60, 62, 63, 64, 65, 66, 199]
[32, 33, 34, 35, 36, 37, 38, 54, 56, 57, 58, 59, 60, 62, 63, 64, 65, 66, 199]
[53, 200]
[52, 201]
[51, 202]
[50, 203]
[49, 204]
[48, 205]
[47, 206]
[46, 207]
[45, 208]
[44, 209]
[43, 210]
[42, 211]
[41, 212]
[40, 213]
[39, 214]
[54, 199]
[0, 1, 11, 12, 68, 69, 79, 80, 100, 101, 111, 112, 135, 136, 146, 147, 167, 168, 178, 179, 215, 216, 226, 227]
[0, 1, 11, 12, 68, 69, 79, 80, 100, 101, 111, 112, 135, 136, 146, 147, 167, 168, 178, 179, 215, 216, 226, 227]
[2, 13, 21, 28, 70, 81, 89, 96, 102, 113, 121, 128, 137, 148, 156, 163, 169, 180, 188, 195, 217, 228, 236, 243]
[3, 4, 71, 72, 103, 104, 138, 139, 170, 171, 218, 219]
[3, 4, 71, 72, 103, 104, 138, 139, 170, 171, 218, 219]
[5, 6, 14, 15, 73, 74, 82, 83, 105, 106, 114, 115, 140, 141, 149, 150, 172, 173, 181, 182, 220, 221, 229, 230]
[5, 6, 14, 15, 73, 74, 82, 83, 105, 106, 114, 115, 140, 141, 149, 150, 172, 173, 181, 182, 220, 221, 229, 230]
[7, 10, 16, 19, 75, 78, 84, 87, 107, 110, 116, 119, 142, 145, 151, 154, 174, 177, 183, 186, 222, 225, 231, 234]
[8, 9, 17, 18, 76, 77, 85, 86, 108, 109, 117, 118, 143, 144, 152, 153, 175, 176, 184, 185, 223, 224, 232, 233]
[8, 9, 17, 18, 76, 77, 85, 86, 108, 109, 117, 118, 143, 144, 152, 153, 175, 176, 184, 185, 223, 224, 232, 233]
[7, 10, 16, 19, 75, 78, 84, 87, 107, 110, 116, 119, 142, 145, 151, 154, 174, 177, 183, 186, 222, 225, 231, 234]
[0, 1, 11, 12, 68, 69, 79, 80, 100, 101, 111, 112, 135, 136, 146, 147, 167, 168, 178, 179, 215, 216, 226, 227]
[0, 1, 11, 12, 68, 69, 79, 80, 100, 101, 111, 112, 135, 136, 146, 147, 167, 168, 178, 179, 215, 216, 226, 227]
[2, 13, 21, 28, 70, 81, 89, 96, 102, 113, 121, 128, 137, 148, 156, 163, 169, 180, 188, 195, 217, 228, 236, 243]
[5, 6, 14, 15, 73, 74, 82, 83, 105, 106, 114, 115, 140, 141, 149, 150, 172, 173, 181, 182, 220, 221, 229, 230]
[5, 6, 14, 15, 73, 74, 82, 83, 105, 106, 114, 115, 140, 141, 149, 150, 172, 173, 181, 182, 220, 221, 229, 230]
[7, 10, 16, 19, 75, 78, 84, 87, 107, 110, 116, 119, 142, 145, 151, 154, 174, 177, 183, 186, 222, 225, 231, 234]
[8, 9, 17, 18, 76, 77, 85, 86, 108, 109, 117, 118, 143, 144, 152, 153, 175, 176, 184, 185, 223, 224, 232, 233]
[8, 9, 17, 18, 76, 77, 85, 86, 108, 109, 117, 118, 143, 144, 152, 153, 175, 176, 184, 185, 223, 224, 232, 233]
[7, 10, 16, 19, 75, 78, 84, 87, 107, 110, 116, 119, 142, 145, 151, 154, 174, 177, 183, 186, 222, 225, 231, 234]
[20, 27, 88, 95, 120, 127, 155, 162, 187, 194, 235, 242]
[2, 13, 21, 28, 70, 81, 89, 96, 102, 113, 121, 128, 137, 148, 156, 163, 169, 180, 188, 195, 217, 228, 236, 243]
[22, 23, 90, 91, 122, 123, 157, 158, 189, 190, 237, 238]
[22, 23, 90, 91, 122, 123, 157, 158, 189, 190, 237, 238]
[24, 25, 29, 30, 92, 93, 97, 98, 124, 125, 129, 130, 159, 160, 164, 165, 191, 192, 196, 197, 239, 240, 244, 245]
[24, 25, 29, 30, 92, 93, 97, 98, 124, 125, 129, 130, 159, 160, 164, 165, 191, 192, 196, 197, 239, 240, 244, 245]
[26, 31, 94, 99, 126, 131, 161, 166, 193, 198, 241, 246]
[20, 27, 88, 95, 120, 127, 155, 162, 187, 194, 235, 242]
[2, 13, 21, 28, 70, 81, 89, 96, 102, 113, 121, 128, 137, 148, 156, 163, 169, 180, 188, 195, 217, 228, 236, 243]
[24, 25, 29, 30, 92, 93, 97, 98, 124, 125, 129, 130, 159, 160, 164, 165, 191, 192, 196, 197, 239, 240, 244, 245]
[24, 25, 29, 30, 92, 93, 97, 98, 124, 125, 129, 130, 159, 160, 164, 165, 191, 192, 196, 197, 239, 240, 244, 245]
[26, 31, 94, 99, 126, 131, 161, 166, 193, 198, 241, 246]
[]
[]
[32, 33, 34, 35, 36, 37, 38, 54, 56, 57, 58, 59, 60, 62, 63, 64, 65, 66, 199]
[53, 200]
[32, 33, 34, 35, 36, 37, 38, 54, 56, 57, 58, 59, 60, 62, 63, 64, 65, 66, 199]
[32, 33, 34, 35, 36, 37, 38, 54, 56, 57, 58, 59, 60, 62, 63, 64, 65, 66, 199]
[53, 200]
[51, 202]
[52, 201]
[52, 201]
[51, 202]
[49, 204]
[50, 203]
[50, 203]
[49, 204]
[47, 206]
[48, 205]
[48, 205]
[47, 206]
[133]
[53, 200]
[53, 200]
[133]
[53, 200]
[32, 33, 34, 35, 36, 37, 38, 54, 56, 57, 58, 59, 60, 62, 63, 64, 65, 66, 199]
[32, 33, 34, 35, 36, 37, 38, 54, 56, 57, 58, 59, 60, 62, 63, 64, 65, 66, 199]
[53, 200]
[51, 202]
[52, 201]
[52, 201]
[51, 202]
[49, 204]
[50, 203]
[50, 203]
[49, 204]
[47, 206]
[48, 205]
[48, 205]
[47, 206]
[32, 33, 34, 35, 36, 37, 38, 54, 56, 57, 58, 59, 60, 62, 63, 64, 65, 66, 199]
[53, 200]
[53, 200]
[32, 33, 34, 35, 36, 37, 38, 54, 56, 57, 58, 59, 60, 62, 63, 64, 65, 66, 199]
