0.15064018498706513
0.22576484600261607
0.22576484600261607
0.1707761131901165
0.15064018498706513
0.21288995074902356
0.21288995074902356
0.1707761131901165
0.15064018498706513
0.21288995074902356
0.21288995074902356
0.1707761131901165
0.15064018498706513
0.21288995074902356
0.21288995074902356
0.1707761131901165
0.29121941856368966
0.26055567105626243
0.26055567105626243
0.1707761131901165
0.4112070550676187
0.4112070550676187
0.5101490193104813
0.3563004293331381
0
0
0
0
0
0
0
0
0
0.15064018498706513
0.1707761131901165
0.1707761131901165
0.1844319166226131
0.1844319166226131
0.1707761131901165
0.1506401849870651
0.1707761131901165
0.15064018498706513
0.1707761131901165
0.1707761131901165
0.1844319166226131
0.1844319166226131
0.1707761131901165
0.1506401849870651
0.1707761131901165
0
0
0
0
0
0
0
0
0
0
0
0
0
1.0000000000000002
1.0000000000000002
1.0000000000000002
1.0000000000000002
1.0000000000000002
1.0000000000000002
1.0000000000000002
0.20199309249791836
0.20199309249791833
1.0
1.0
1.0
1.0
1.0
1.0
1.0
1.0
1.0
1.0
1.0
1.0
1.0
1.0
1.0
1.0000000000000002
0.20199309249791833
0
0
0
0
0
0
0
0
0
0
0
0
0.1844319166226131
0.1844319166226131
0.23787564800407074
0.23787564800407074
0.23787564800407074
0.23787564800407074
0
0
0
0.13627634143908643
0.15583663956455512
0.3187840217537793
0.15583663956455512
0.1506401849870651
0.11437635563999374
0.18443191662261307
0.18443191662261307
0.18443191662261307
0.18443191662261307
0.1926146706529391
0.1926146706529391
0.1926146706529391
0.1926146706529391
1.0
1.0000000000000002
1.0000000000000002
1.0000000000000002
1.0000000000000002
1.0000000000000002
1.0
1.0000000000000002
1.0000000000000002
1.0000000000000002
1.0000000000000002
1.0000000000000002
0
0
0
0
0
0.6694188517266485
0.6694188517266485
0.15064018498706513
0.1707761131901165
0.1707761131901165
0.1844319166226131
0.1844319166226131
0.1707761131901165
0.1506401849870651
0.1707761131901165
0.1707761131901165
0.1707761131901165
0.1707761131901165
0.22576484600261607
0.22576484600261607
0.1707761131901165
0.1707761131901165
0.1707761131901165
0.1707761131901165
0.1707761131901165
0.1707761131901165
0.22576484600261607
0.22576484600261607
0.1707761131901165
0.1707761131901165
0.1707761131901165
0.15064018498706513
0.1707761131901165
0.1707761131901165
0.1844319166226131
0.1844319166226131
0.1707761131901165
0.1506401849870651
0.1707761131901165
0.1707761131901165
0.1707761131901165
0.1707761131901165
0.22576484600261607
0.22576484600261607
0.1707761131901165
0.1707761131901165
0.1707761131901165
0.1707761131901165
0.1707761131901165
0.1707761131901165
0.22576484600261607
0.22576484600261607
0.1707761131901165
0.1707761131901165
0.1707761131901165
0.8181802073667197
0.8181802073667197
0.8181802073667197
0.8181802073667197
0.8181802073667197
0.8181802073667197
0.8181802073667197
0.8181802073667197
0.8181802073667197
0.8181802073667197
0.8181802073667197
0.8181802073667197
0.8181802073667197
0.8181802073667197
0.8181802073667197
0.7765145304745156
1.0000000000000002
1.0000000000000002
1.0000000000000002
1.0000000000000002
1.0000000000000002
1.0
1.0
1.0000000000000002
1.0
1.0
1.0000000000000002
1.0000000000000002
1.0000000000000002
1.0000000000000002
1.0
1.0
1.0000000000000002
1.0
1.0
1.0000000000000002
1.0000000000000002
1.0000000000000002
1.0000000000000002
1.0000000000000002
1.0000000000000002
1.0000000000000002
1.0000000000000002
1.0000000000000002
1.0000000000000002
1.0000000000000002
1.0000000000000002
1.0000000000000002
0
0
0.5031026124151314
0.29121941856368966
0.22576484600261607
0.22576484600261607
0.29121941856368966
0.29121941856368966
0.36802320875611494
0.36802320875611494
0.29121941856368966
0.29121941856368966
0.36802320875611494
0.36802320875611494
0.29121941856368966
0.29121941856368966
0.36802320875611494
0.36802320875611494
0.29121941856368966
0.29505871904131714
0.2696367724157924
0.2696367724157924
0.29505871904131714
0.29121941856368966
0.22576484600261607
0.22576484600261607
0.29121941856368966
0.29121941856368966
0.36802320875611494
0.36802320875611494
0.29121941856368966
0.29121941856368966
0.36802320875611494
0.36802320875611494
0.29121941856368966
0.29121941856368966
0.36802320875611494
0.36802320875611494
0.29121941856368966
0.1707761131901165
0.2696367724157924
0.2696367724157924
0.1707761131901165
