1.0000000000000002
0.8200207392821179
0.8200207392821179
0.6029748160380572
1.0000000000000002
0.8350499057520981
0.8350499057520981
0.6029748160380572
1.0000000000000002
0.8350499057520981
0.8350499057520981
0.6029748160380572
1.0000000000000002
0.8350499057520981
0.8350499057520981
0.6029748160380572
1.0000000000000002
1.0000000000000002
1.0000000000000002
0.6029748160380572
0
0
0
0
0
0
0
0
0
0
0
0
0.18443191662261307
0.0870123495045196
0
0
0.1707761131901165
0.15064018498706508
0
0.1707761131901165
0
0
0
0
0.15064018498706508
0
0
0
0
0.0870123495045196
0
0
0.18443191662261307
0.09865621511919305
0
0
0
0
0
0
0
0
0
0
0
0
0
0
0.1707761131901165
0.15064018498706508
0
0
0
0
0
0
0
0
0
0
0
0
0
0
0.31888272749308844
0.3360969272762575
0.6029748160380572
0.5762992116029144
0.5762992116029144
0.3360969272762575
0.569834453706807
0.6029748160380572
0.3360969272762575
0.3360969272762575
0.6029748160380572
0.6766282517941078
0.6766282517941078
0.3360969272762575
0.6029748160380572
0.6029748160380572
0.22028815056182974
0.22028815056182974
0.22028815056182974
0.2912194185636897
0.2912194185636897
0.22028815056182974
0.22028815056182974
0.22028815056182974
0.5101490193104813
0.6029748160380572
0.6029748160380572
0.515936647417777
0.515936647417777
0.6029748160380572
0.5101490193104813
0.6029748160380572
0.6029748160380572
0.6029748160380572
0.6029748160380572
0.6766282517941078
0.6766282517941078
0.6029748160380572
0.6029748160380572
0.6029748160380572
0.22028815056182974
0.22028815056182974
0.22028815056182974
0.2912194185636897
0.2912194185636897
0.22028815056182974
0.22028815056182974
0.22028815056182974
0
0.6694188517266485
0.6694188517266485
0.6694188517266485
0.6694188517266485
0.6694188517266485
0.6694188517266485
0.6694188517266485
0.6694188517266485
0.6694188517266485
0.6694188517266485
0.6694188517266485
0.6694188517266485
1.0000000000000002
1.0000000000000002
1.0000000000000002
1.0000000000000002
1.0000000000000002
1.0000000000000002
1.0000000000000002
1.0
1.0
1.0
1.0
1.0
1.0
1.0
1.0
1.0
1.0
1.0
1.0
1.0
1.0
1.0
1.0000000000000002
0.6694188517266485
0.43161341897075156
0.43161341897075156
0.43161341897075156
0.43161341897075156
0.43161341897075156
0.43161341897075156
0.43161341897075156
0.43161341897075156
0.6694188517266485
0.43161341897075156
0.43161341897075156
0.33609692727625756
0.33609692727625756
0.3901861472717445
0.3901861472717445
0.37491427238345554
0.37491427238345554
0.43161341897075156
0.43161341897075156
0.43161341897075156
0.2605556710562624
0.2605556710562624
0.36802320875611494
0.41120705506761873
0.41120705506761873
0.26055567105626243
0.26055567105626243
0.2576800721337008
0.37480777005897253
0.37480777005897253
0.33609692727625756
0.33609692727625756
0.33609692727625756
0.33609692727625756
0.33609692727625756
0.33609692727625756
0.4073977862140974
0.4073977862140974
0.33609692727625756
0.33609692727625756
0.33609692727625756
0.33609692727625756
0.33609692727625756
0.33609692727625756
0.33609692727625756
0.33609692727625756
0.4073977862140974
0.4073977862140974
0.33609692727625756
0.33609692727625756
0.33609692727625756
0.33609692727625756
0.33609692727625756
0.33609692727625756
0.3720557314537372
0.3720557314537372
0.33609692727625756
0.33609692727625756
0.33609692727625756
0.33609692727625756
0.33609692727625756
0.33609692727625756
0.4073977862140974
0.4073977862140974
0.33609692727625756
0.33609692727625756
0.33609692727625756
0.33609692727625756
0.33609692727625756
0.33609692727625756
0.3720557314537372
0.3720557314537372
0.33609692727625756
0.33609692727625756
0.33609692727625756
0.33609692727625756
0.33609692727625756
0.33609692727625756
0.3720557314537372
0.3720557314537372
0.33609692727625756
0.33609692727625756
0.33609692727625756
0.33609692727625756
0.33609692727625756
0.33609692727625756
0.3720557314537372
0.3720557314537372
0.33609692727625756
0.33609692727625756
0.33609692727625756
0.33609692727625756
0.33609692727625756
0.33609692727625756
0.3720557314537372
0.3720557314537372
0.33609692727625756
0.33609692727625756
0.33609692727625756
0.33609692727625756
0.33609692727625756
0.33609692727625756
0.3720557314537372
0.3720557314537372
0.33609692727625756
0.33609692727625756
0.33609692727625756
0.33609692727625756
0.33609692727625756
0.33609692727625756
0.3720557314537372
0.3720557314537372
0.33609692727625756
0.33609692727625756
0.33609692727625756
0.33609692727625756
0.33609692727625756
0.33609692727625756
0.3720557314537372
0.3720557314537372
0.33609692727625756
0.33609692727625756
0.33609692727625756
0.33609692727625756
0.33609692727625756
0.33609692727625756
0.3720557314537372
0.3720557314537372
0.33609692727625756
0.33609692727625756
0.33609692727625756
0.33609692727625756
0.33609692727625756
0.33609692727625756
0.3720557314537372
0.3720557314537372
0.33609692727625756
0.33609692727625756
0.33609692727625756
0.33609692727625756
0.2605556710562624
0.2605556710562624
0.36802320875611494
0.41120705506761873
0.26055567105626243
0.26055567105626243
0.36802320875611494
0.474330706497194
0.474330706497194
0.2912194185636897
0.2912194185636897
0.4109954639349511
0.4109954639349511
0.2912194185636897
0.2912194185636897
0.5193879933129156
0.5193879933129156
0.2912194185636897
0.2912194185636897
0.22028815056182974
0.3360969272762575
0.22028815056182974
0.2912194185636897
0.2912194185636897
0.22028815056182974
0.3360969272762575
0.22028815056182974
0.2912194185636897
0.2912194185636897
0.2912194185636897
0.2912194185636897
0.5193879933129156
0.5193879933129156
0.2912194185636897
0.2912194185636897
0.2912194185636897
0.2912194185636897
0.2912194185636897
0.2912194185636897
0.2912194185636897
0.2912194185636897
0.5193879933129156
0.5193879933129156
0.2912194185636897
0.2912194185636897
0.2912194185636897
0.2912194185636897
0.2912194185636897
0.2912194185636897
0.474330706497194
0.474330706497194
0.2912194185636897
0.2912194185636897
0.2912194185636897
0.2912194185636897
0.2912194185636897
0.2912194185636897
0.474330706497194
0.474330706497194
0.2912194185636897
0.2912194185636897
0.2912194185636897
0.2912194185636897
0.2912194185636897
0.2912194185636897
0.474330706497194
0.474330706497194
0.2912194185636897
0.2912194185636897
0.2912194185636897
0.2912194185636897
0.2912194185636897
0.2912194185636897
0.474330706497194
0.474330706497194
0.2912194185636897
0.2912194185636897
0.2912194185636897
0.2912194185636897
0.2912194185636897
0.2912194185636897
0.474330706497194
0.474330706497194
0.2912194185636897
0.2912194185636897
0.2912194185636897
0.2912194185636897
0.2912194185636897
0.2912194185636897
0.474330706497194
0.474330706497194
0.2912194185636897
0.2912194185636897
0.2912194185636897
0.2912194185636897
0.2912194185636897
0.2912194185636897
0.474330706497194
0.474330706497194
0.2912194185636897
0.2912194185636897
0.2912194185636897
0.2912194185636897
0.2912194185636897
0.2912194185636897
0.474330706497194
0.474330706497194
0.3636616724108339
0.3636616724108339
0.2912194185636897
0.2912194185636897
0.2912194185636897
0.2912194185636897
0.474330706497194
0.474330706497194
0.3636616724108339
0.3636616724108339
0.38053606081462327
0.38053606081462327
0.5705760821509245
0.5705760821509245
0.6573562627859544
0.6573562627859544
0.6182883551324787
0.6182883551324787
1.0
1.0000000000000002
1.0000000000000002
1.0000000000000002
1.0000000000000002
1.0000000000000002
1.0
1.0000000000000002
1.0000000000000002
1.0000000000000002
1.0000000000000002
1.0000000000000002
1.0
1.0000000000000002
1.0000000000000002
1.0000000000000002
1.0000000000000002
1.0000000000000002
0.6694188517266485
0.6694188517266485
0.6694188517266485
0.6694188517266485
0.6694188517266485
0.6694188517266485
0.6694188517266485
0.6694188517266485
0.6029748160380572
0.3360969272762575
0.7399949934298338
0.7399949934298338
0.6029748160380572
0.43161341897075156
0.3360969272762575
0.6029748160380572
0.6029748160380572
0.3360969272762575
0.5724637744551229
0.5724637744551229
0.5101490193104813
0.3360969272762575
0.3360969272762575
0.6029748160380572
0.6029748160380572
0.6029748160380572
0.6766282517941078
0.6766282517941078
0.6029748160380572
0.6029748160380572
0.6029748160380572
0.31888272749308844
0.3360969272762575
0.6029748160380572
0.5762992116029144
0.5762992116029144
0.3360969272762575
0.569834453706807
0.6029748160380572
0.3360969272762575
0.3360969272762575
0.6029748160380572
0.6766282517941078
0.6766282517941078
0.3360969272762575
0.6029748160380572
0.6029748160380572
0.6029748160380572
0.6029748160380572
0.6029748160380572
0.6766282517941078
0.6766282517941078
0.6029748160380572
0.6029748160380572
0.6029748160380572
1.0000000000000002
1.0000000000000002
1.0000000000000002
1.0000000000000002
1.0000000000000002
1.0000000000000002
1.0000000000000002
1.0000000000000002
1.0000000000000002
1.0000000000000002
1.0000000000000002
1.0000000000000002
1.0000000000000002
1.0000000000000002
1.0000000000000002
1.0
1.0000000000000002
1.0000000000000002
1.0000000000000002
1.0000000000000002
1.0000000000000002
1.0
1.0
1.0000000000000002
1.0
1.0
1.0000000000000002
1.0000000000000002
1.0000000000000002
1.0000000000000002
1.0
1.0
1.0000000000000002
1.0
1.0
1.0000000000000002
1.0000000000000002
1.0000000000000002
1.0000000000000002
1.0000000000000002
1.0000000000000002
1.0000000000000002
1.0000000000000002
1.0000000000000002
1.0000000000000002
1.0000000000000002
1.0000000000000002
1.0000000000000002
0.6694188517266485
0.6694188517266485
0.6694188517266485
1.0000000000000002
1.0000000000000002
1.0
1.0
1.0000000000000002
1.0000000000000002
1.0000000000000002
1.0000000000000002
1.0000000000000002
1.0000000000000002
1.0000000000000002
1.0000000000000002
1.0000000000000002
1.0000000000000002
1.0000000000000002
1.0000000000000002
1.0000000000000002
1.0
1.0
1.0
1.0
1.0000000000000002
1.0
1.0
1.0000000000000002
1.0000000000000002
1.0000000000000002
1.0000000000000002
1.0000000000000002
1.0000000000000002
1.0000000000000002
1.0000000000000002
1.0000000000000002
1.0000000000000002
1.0000000000000002
1.0000000000000002
1.0000000000000002
1.0
1.0
1.0
1.0
