[1]
[15, 17, 19, 21, 23]
[3, 8]
[4, 9]
[3, 8]
[41, 51]
[41, 51]
[3, 8]
[4, 9]
[3, 8]
[10, 26]
[11, 34]
[12, 28]
[13, 30]
[14, 32]
[15]
[15]
[17]
[17]
[19]
[19]
[21]
[21]
[23]
[24]
[10, 26]
[10, 26]
[27]
[27]
[29]
[29]
[14, 32]
[14, 32]
[33]
[11, 34]
[62]
[62]
[49]
[35, 36]
[35, 36]
[35, 36]
[37]
[]
[38, 39, 68]
[38, 39, 68]
[40, 58]
[41]
[65]
[41, 44]
[43]
[42, 45]
[41, 44]
[42, 45]
[41, 44]
[43]
[42, 45]
[]
[]
[]
[50]
[51]
[65]
[51, 54]
[53]
[43, 53]
[51, 54]
[52]
[51, 54]
[53]
[15, 17, 19, 21, 23]
[40, 58]
[59, 60]
[59, 60]
[41, 51]
[64]
[65]
[64]
[67]
[38, 39, 68]
