[]
[0, 1]
[81]
[83]
[6, 11, 55, 58, 61, 62, 65, 68]
[81]
[83]
[6, 11, 55, 58, 61, 62, 65, 68]
[47, 49]
[46, 48]
[18, 34]
[19, 42]
[20, 36]
[21, 38]
[22, 40]
[23, 24]
[23, 24]
[25, 26]
[25, 26]
[27, 28]
[27, 28]
[29, 30]
[30]
[31, 32]
[32]
[18, 34]
[20, 36]
[18, 34]
[20, 36]
[21, 38]
[22, 40]
[21, 38]
[22, 40]
[19, 42]
[19, 42]
[74]
[74]
[]
[74]
[74]
[74]
[74]
[]
[]
[90]
[90]
[46, 48]
[47, 49]
[46, 48]
[46]
[47, 49]
[47]
[48]
[46, 48, 61, 62]
[46, 48, 61, 62]
[46, 48]
[49]
[47, 49, 61, 62]
[47, 49, 61, 62]
[47, 49]
[23, 24, 25, 26, 27, 28, 29, 30, 31, 32, 72, 73, 75]
[23, 24, 25, 26, 27, 28, 29, 30, 31, 32, 72, 73, 75]
[23, 24, 25, 26, 27, 28, 29, 30, 31, 32, 72, 73, 75]
[23, 24, 25, 26, 27, 28, 29, 30, 31, 32, 72, 73, 75]
[]
[]
[]
[]
[]
[]
[]
[]
[]
[]
[]
[]
[]
[]
[]
[]
[50]
[]
[]
[]
[]
[87, 88]
[]
[]
[]
[]
[]
[]
[]
[]
[]
[]
[]
[]
[]
[]
[]
[]
[]
[]
[]
[]
[]
[]
[]
[83]
[6, 11, 55, 58, 61, 62, 65, 68]
[81]
[83]
[6, 11, 55, 58, 61, 62, 65, 68]
[81]
[72, 75]
[72, 75]
[61, 62]
[61, 62]
[2, 80]
[]
[]
[]
[]
[]
[]
[]
[]
[]
[]
[]
[]
[]
[]
[]
[]
[]
[]
[]
[]
[]
[]
[]
[]
[]
[]
[]
[]
[]
[]
[]
[]
[]
[]
[]
[]
[]
[]
[]
[]
[]
[]
[]
[]
[]
[]
[]
[]
[]
[]
[]
[]
[]
[83]
[6, 11, 55, 58, 61, 62, 65, 68]
[81]
[83]
[6, 11, 55, 58, 61, 62, 65, 68]
[81]
[]
[]
[]
[]
[]
[]
[]
[]
[]
[]
[]
[]
[]
[]
[]
[]
[87, 88]
[]
[]
[]
[]
[]
[]
[]
[]
[]
[]
[]
[]
[]
[]
[]
[]
[]
[]
[]
[]
[]
[]
[]
[]
[]
[]
[]
[]
[]
[]
[]
[]
[]
[]
[]
[]
[]
[]
[]
[]
[]
[]
[]
[]
[]
[]
[]
[]
[]
[]
[]
[]
[]
[]
[]
[]
[]
[]
[72, 75]
[72, 73, 75]
[76, 77]
[61, 62]
[61, 62]
[2, 80]
[78, 79]
[78, 79]
[]
[]
[]
[]
[]
[]
[]
[]
[]
[]
[]
[]
[]
[]
[]
[]
[]
[]
[]
[]
[]
[]
[]
[]
[]
[]
[]
[]
[]
[]
[]
[]
[]
[]
[]
[]
[]
[]
[]
[]
[]
[]
[]
[]
[]
[]
[]
[]
[]
[]
[]
[]
[]
[74]
[81]
[83]
[2, 80]
[85]
[]
[]
[61, 62]
[]
[]
[]
[]
[]
[]
[]
[]
[]
[]
[]
[]
[]
[]
[]
[]
[]
[]
[]
[]
[]
[]
[78, 79]
[78, 79]
[]
[]
[]
