0.5031026124151314
0.20199309249791836
0.20199309249791833
1.0000000000000002
0.5031026124151314
0.20199309249791833
1.0
1.0
1.0
1.0
1.0
1.0000000000000002
1.0000000000000002
1.0000000000000002
1.0000000000000002
1.0000000000000002
1.0000000000000002
1.0000000000000002
1.0000000000000002
1.0000000000000002
1.0
1.0000000000000002
1.0000000000000002
1.0000000000000002
1.0000000000000002
1.0000000000000002
1.0000000000000002
1.0000000000000002
1.0000000000000002
1.0000000000000002
1.0
0.48097310796014436
0.48097310796014436
0.48097310796014436
0.48097310796014436
0.48097310796014436
0.48097310796014436
0.11521554337793123
0.11521554337793123
0.11521554337793123
0.11521554337793123
0.11521554337793123
0.10599213135093251
0.10599213135093251
1.0
1.0
0.6694188517266485
0.6694188517266485
1.0
0.7523197619890014
0.3360969272762575
1.0000000000000002
0.5031026124151314
1.0000000000000002
0.5031026124151314
0.5031026124151314
0.5031026124151314
0.20199309249791836
0.48097310796014436
0.48097310796014436
0.33609692727625756
0.33609692727625756
0.33609692727625756
0.33609692727625756
0.5031026124151314
0.5031026124151314
0.20199309249791836
0.5031026124151314
1.0000000000000002
0.20199309249791836
0.7523197619890014
0.2912194185636897
0.2912194185636897
0.8958999951937023
0.8958999951937023
0.6029748160380571
0.6029748160380571
0.6029748160380572
0.2605556710562624
1.0000000000000002
0.48097310796014436
0.33609692727625756
0.33609692727625756
0.48097310796014436
0.33609692727625756
0.33609692727625756
0.48097310796014436
0.48097310796014436
0.33609692727625756
0.33609692727625756
0.33609692727625756
0.33609692727625756
0.5372450751597532
0.5372450751597532
0.5372450751597532
0.5372450751597532
0.5372450751597532
0.5372450751597532
0.2912194185636897
0.2912194185636897
0.1375436045558623
0.2912194185636897
0.2912194185636897
1.0
0.38087260847594373
0.38087260847594373
0.38087260847594373
