1.0000000000000002
0.5031026124151314
0.17077611319011649
0.33609692727625756
0.2605556710562624
0.5031026124151314
0.22028815056182968
1.0000000000000002
0.5031026124151314
0.29121941856368966
0.29121941856368966
1.0
0.10163066979112656
0.29121941856368966
1.0
1.0
1.0
1.0
1.0
0.5031026124151314
0.5031026124151314
1.0000000000000002
1.0000000000000002
1.0000000000000002
1.0000000000000002
1.0000000000000002
1.0000000000000002
0.5031026124151314
0.6029748160380572
0.5797386715376658
0.5797386715376658
1.0000000000000002
1.0000000000000002
1.0000000000000002
1.0000000000000002
0.5797386715376658
0.5797386715376658
1.0000000000000002
1.0
0.20199309249791833
0.20199309249791833
0.09865621511919305
0.09865621511919305
0.12735952979479354
0.12735952979479354
1.0
0.7523197619890014
0.22028815056182968
0.5031026124151314
0.5031026124151314
0.33609692727625756
0.2605556710562624
0.5031026124151314
0.20199309249791836
0.5031026124151314
0.33609692727625756
0.20199309249791836
0.5031026124151314
0.5031026124151314
0.3360969272762575
0.3360969272762575
0.15064018498706508
0.3360969272762575
0.15064018498706508
0.3360969272762575
0.5031026124151314
0.33609692727625756
0.2605556710562624
0.5031026124151314
0.20199309249791836
0.5031026124151314
0.33609692727625756
0.20199309249791836
0.5031026124151314
0.5031026124151314
0.7523197619890014
0.8448951934138227
0.8448951934138227
0.15643745484470606
0.15643745484470606
0.6029748160380572
0.22028815056182968
0.33609692727625756
0.20199309249791836
0.20199309249791836
1.0000000000000002
1.0
