[0]
[1]
[2]
[3]
[4]
[5]
[6]
[7]
[8]
[9]
[10]
[11]
[12]
[13]
[14]
[15]
[16]
[17]
[18]
[19]
[20]
[21]
[22]
[23]
[24]
[25]
[26]
[27]
[28]
[29]
[30]
[31]
[32]
[33]
[34]
[35]
[36]
[37]
[38]
[39]
[40]
[41]
[42]
[43]
[44]
[45]
[46]
[47]
[48, 103]
[49]
[50]
[51]
[52, 67]
[53, 68]
[54]
[55, 64]
[56, 65]
[57]
[58, 83, 86]
[59, 80, 87]
[60, 61, 84, 85, 88, 89]
[60, 61, 84, 85, 88, 89]
[62, 63, 81, 82, 90, 91]
[62, 63, 81, 82, 90, 91]
[55, 64]
[56, 65]
[66]
[52, 67]
[53, 68]
[69]
[70]
[71, 72]
[71, 72]
[73, 74]
[73, 74]
[75, 76]
[75, 76]
[77]
[78]
[79]
[59, 80, 87]
[62, 63, 81, 82, 90, 91]
[62, 63, 81, 82, 90, 91]
[58, 83, 86]
[60, 61, 84, 85, 88, 89]
[60, 61, 84, 85, 88, 89]
[58, 83, 86]
[59, 80, 87]
[60, 61, 84, 85, 88, 89]
[60, 61, 84, 85, 88, 89]
[62, 63, 81, 82, 90, 91]
[62, 63, 81, 82, 90, 91]
[92]
[93]
[94]
[95]
[96]
[97]
[98, 99]
[98, 99]
[100]
[101, 102]
[101, 102]
[48, 103]
[104]
[105]
[106]
