[5]
[6]
[7]
[47]
[4, 9]
[15]
[7]
[3]
[48, 62]
[73]
[73]
[43, 44, 78]
[33]
[73]
[10]
[11]
[12]
[13]
[14]
[15]
[16, 22]
[17]
[18]
[19]
[20]
[21]
[22]
[23]
[24]
[25, 29]
[10, 26, 30]
[27]
[28]
[29]
[30]
[31]
[32]
[33]
[34]
[39, 57]
[39, 57]
[41]
[41]
[42, 59]
[42, 59, 69]
[43, 44, 78]
[45, 70]
[2, 7, 74]
[57]
[46]
[8, 47]
[48, 62]
[0, 5]
[23]
[46]
[47]
[4, 9]
[5]
[6]
[73]
[73]
[69]
[64]
[69]
[64]
[46]
[8, 47]
[48, 62]
[0, 5]
[23]
[46]
[47]
[4, 9]
[5]
[6]
[45]
[71, 72]
[71, 72]
[71, 72]
[71, 72]
[73]
[7, 74, 76]
[75]
[48, 62]
[48, 62]
[77]
[43, 44, 78]
