[0]
[1]
[2]
[3]
[4]
[5]
[6]
[7]
[8]
[9]
[10]
[11]
[12]
[13]
[14]
[15]
[16]
[17]
[18]
[19]
[20]
[21]
[22]
[23]
[24]
[25]
[26]
[27]
[28]
[29]
[30]
[31]
[32]
[33]
[34]
[35]
[36]
[37]
[38]
[39]
[40]
[41]
[42, 43]
[42, 43]
[44]
[45]
[46]
[47]
[48]
[49]
[50]
[51]
[52]
[53, 54]
[53, 54]
[55]
[56]
[57, 58]
[57, 58]
[59]
[60, 61]
[60, 61]
[62, 63]
[62, 63]
[64]
[65]
[66]
[67]
[68]
[69]
[70]
[71]
[72]
[73]
[74]
[75]
[76]
[77]
[78]
[79]
[80]
[81]
[82]
[83, 84]
[83, 84]
[85]
[86, 196, 248]
[87, 197, 247]
[88, 198, 246]
[89, 199, 245]
[90, 200, 244]
[91, 201, 243]
[92, 202, 242]
[93, 203, 241]
[94, 204, 240]
[95, 205, 239]
[96, 206, 238]
[97, 207, 237]
[98, 208, 236]
[99, 209, 235]
[100, 210, 234]
[101, 180, 211]
[102, 181, 212]
[103, 182, 213]
[104, 183, 214]
[105, 184, 215]
[106, 185, 216]
[107, 186, 217]
[108, 187, 218]
[109, 173, 317]
[110]
[111]
[112, 176]
[113, 177]
[114, 178]
[115, 116]
[115, 116]
[117]
[118]
[119, 259]
[120, 131, 132, 172]
[121, 122, 129, 130, 133, 134, 170, 171]
[121, 122, 129, 130, 133, 134, 170, 171]
[123, 124, 127, 128, 135, 136, 168, 169]
[123, 124, 127, 128, 135, 136, 168, 169]
[125]
[126]
[123, 124, 127, 128, 135, 136, 168, 169]
[123, 124, 127, 128, 135, 136, 168, 169]
[121, 122, 129, 130, 133, 134, 170, 171]
[121, 122, 129, 130, 133, 134, 170, 171]
[120, 131, 132, 172]
[120, 131, 132, 172]
[121, 122, 129, 130, 133, 134, 170, 171]
[121, 122, 129, 130, 133, 134, 170, 171]
[123, 124, 127, 128, 135, 136, 168, 169]
[123, 124, 127, 128, 135, 136, 168, 169]
[137]
[138, 139]
[138, 139]
[140, 141]
[140, 141]
[142]
[143, 144]
[143, 144]
[145, 146]
[145, 146]
[147]
[148, 149]
[148, 149]
[150, 151]
[150, 151]
[152]
[153]
[154]
[155]
[156]
[157]
[158]
[159]
[160]
[161]
[162]
[163]
[164]
[165]
[166]
[167]
[123, 124, 127, 128, 135, 136, 168, 169]
[123, 124, 127, 128, 135, 136, 168, 169]
[121, 122, 129, 130, 133, 134, 170, 171]
[121, 122, 129, 130, 133, 134, 170, 171]
[120, 131, 132, 172]
[109, 173, 317]
[174]
[175]
[112, 176]
[113, 177]
[114, 178]
[179]
[101, 180, 211]
[102, 181, 212]
[103, 182, 213]
[104, 183, 214]
[105, 184, 215]
[106, 185, 216]
[107, 186, 217]
[108, 187, 218]
[188]
[189]
[190]
[191, 192]
[191, 192]
[193, 194]
[193, 194]
[195]
[86, 196, 248]
[87, 197, 247]
[88, 198, 246]
[89, 199, 245]
[90, 200, 244]
[91, 201, 243]
[92, 202, 242]
[93, 203, 241]
[94, 204, 240]
[95, 205, 239]
[96, 206, 238]
[97, 207, 237]
[98, 208, 236]
[99, 209, 235]
[100, 210, 234]
[101, 180, 211]
[102, 181, 212]
[103, 182, 213]
[104, 183, 214]
[105, 184, 215]
[106, 185, 216]
[107, 186, 217]
[108, 187, 218]
[219]
[220]
[221]
[222]
[223]
[224]
[225]
[226]
[227]
[228]
[229]
[230]
[231]
[232]
[233]
[100, 210, 234]
[99, 209, 235]
[98, 208, 236]
[97, 207, 237]
[96, 206, 238]
[95, 205, 239]
[94, 204, 240]
[93, 203, 241]
[92, 202, 242]
[91, 201, 243]
[90, 200, 244]
[89, 199, 245]
[88, 198, 246]
[87, 197, 247]
[86, 196, 248]
[249, 250]
[249, 250]
[251, 252]
[251, 252]
[253]
[254]
[255]
[256]
[257]
[258]
[119, 259]
[260, 261]
[260, 261]
[262, 263]
[262, 263]
[264]
[265, 266]
[265, 266]
[267]
[268]
[269, 270]
[269, 270]
[271]
[272, 273]
[272, 273]
[274, 275]
[274, 275]
[276, 277]
[276, 277]
[278, 279]
[278, 279]
[280, 281]
[280, 281]
[282, 283]
[282, 283]
[284, 285]
[284, 285]
[286, 287, 288, 289, 294, 295]
[286, 287, 288, 289, 294, 295]
[286, 287, 288, 289, 294, 295]
[286, 287, 288, 289, 294, 295]
[290, 291]
[290, 291]
[292, 293]
[292, 293]
[286, 287, 288, 289, 294, 295]
[286, 287, 288, 289, 294, 295]
[296]
[297, 298]
[297, 298]
[299]
[300]
[301, 302]
[301, 302]
[303]
[304, 305]
[304, 305]
[306, 307]
[306, 307]
[308]
[309]
[310, 311]
[310, 311]
[312, 313]
[312, 313]
[314]
[315]
[316]
[109, 173, 317]
[318]
[319]
[320]
[321]
[322]
[323]
[324]
[325]
[326]
[327]
[328]
[329]
[330]
[331]
[332]
[333]
[334]
[335]
[336]
[337]
[338]
[339]
[340]
[341, 342]
[341, 342]
[343, 344]
[343, 344]
[345, 346]
[345, 346]
[347]
[348]
[349]
