[0]
[1]
[2]
[3]
[4]
[5]
[6]
[7]
[8]
[9]
[10]
[11]
[12]
[13]
[14]
[15]
[16]
[17]
[18]
[19]
[20]
[21]
[22]
[23]
[24]
[25]
[26]
[27]
[28]
[29]
[30]
[31]
[32, 35]
[33]
[34]
[32, 35]
[36]
[37]
[38, 39]
[38, 39]
[40]
[41]
[42]
[43]
[44]
[45]
[46]
[47]
[48]
[49]
[50]
[51]
[53]
[54]
[55]
[56]
[52, 57]
[53, 58]
[54, 59]
[55, 60]
[61]
[52, 62]
[53, 63]
[54]
[4, 72]
[64]
[3, 66, 77]
[65]
[3]
[67]
[68]
[69]
[70, 71]
[70, 71]
[72]
[73]
[74]
[75, 76]
[75, 76]
[77]
[78, 79]
[78, 79]
[80, 81]
[80, 81]
[82]
[83]
[84]
[85]
[86]
[87]
[88]
[89]
[90]
[91]
[92]
[93]
[94]
[95]
[96]
[97]
[98]
[99]
[100]
[101]
[102, 325]
[103, 104, 323, 324]
[103, 104, 323, 324]
[105, 106, 321, 322]
[105, 106, 321, 322]
[107, 108]
[107, 108]
[109]
[132, 236, 253]
[131, 235, 254]
[130, 234, 255]
[129, 233, 256]
[128, 232, 257]
[127, 231, 258]
[126, 230, 259]
[125, 229, 260]
[133, 261, 291]
[134, 262, 292]
[135, 263, 293]
[136, 264, 294]
[137, 265, 295]
[138, 266, 296]
[139, 267, 297]
[140, 268, 298]
[141, 269, 299]
[142, 270, 300]
[143, 271, 301]
[144, 272, 302]
[145, 273, 303]
[146, 274, 304]
[147, 275, 305]
[124, 148, 276, 306]
[123, 149, 277, 307]
[122, 150, 278, 308]
[121, 151, 279, 309]
[120, 152, 280, 310]
[119, 153, 281, 311]
[118, 154, 282, 312]
[117, 155, 283, 313]
[116, 156, 284, 314]
[115, 157, 285, 315]
[114, 158, 286, 316]
[113, 159, 287, 317]
[112, 160, 288, 318]
[111, 161, 289, 319]
[110, 162, 290, 320]
[163, 164]
[163, 164]
[165]
[166]
[167]
[168]
[169, 170]
[169, 170]
[171, 172, 174]
[171]
[173]
[171, 172, 174]
[175, 186, 187, 227]
[176, 177, 184, 185, 188, 189, 225, 226]
[176, 177, 184, 185, 188, 189, 225, 226]
[178, 179, 182, 183, 190, 191, 223, 224]
[178, 179, 182, 183, 190, 191, 223, 224]
[180]
[181]
[178, 179, 182, 183, 190, 191, 223, 224]
[178, 179, 182, 183, 190, 191, 223, 224]
[176, 177, 184, 185, 188, 189, 225, 226]
[176, 177, 184, 185, 188, 189, 225, 226]
[175, 186, 187, 227]
[175, 186, 187, 227]
[176, 177, 184, 185, 188, 189, 225, 226]
[176, 177, 184, 185, 188, 189, 225, 226]
[178, 179, 182, 183, 190, 191, 223, 224]
[178, 179, 182, 183, 190, 191, 223, 224]
[192]
[193, 194]
[193, 194]
[195, 196]
[195, 196]
[197]
[198, 199]
[198, 199]
[200, 201]
[200, 201]
[202]
[203, 204]
[203, 204]
[205, 206]
[205, 206]
[207]
[208]
[209]
[210]
[211]
[212]
[213]
[214]
[215]
[216]
[217]
[218]
[219]
[220]
[221]
[222]
[178, 179, 182, 183, 190, 191, 223, 224]
[178, 179, 182, 183, 190, 191, 223, 224]
[176, 177, 184, 185, 188, 189, 225, 226]
[176, 177, 184, 185, 188, 189, 225, 226]
[175, 186, 187, 227]
[109]
[132, 236, 253]
[131, 235, 254]
[130, 234, 255]
[129, 233, 256]
[128, 232, 257]
[127, 231, 258]
[126, 230, 259]
[125, 229, 260]
[133, 261, 291]
[134, 262, 292]
[135, 263, 293]
[136, 264, 294]
[137, 265, 295]
[138, 266, 296]
[139, 267, 297]
[140, 268, 298]
[141, 269, 299]
[142, 270, 300]
[143, 271, 301]
[144, 272, 302]
[145, 273, 303]
[146, 274, 304]
[147, 275, 305]
[124, 148, 276, 306]
[123, 149, 277, 307]
[122, 150, 278, 308]
[121, 151, 279, 309]
[120, 152, 280, 310]
[119, 153, 281, 311]
[118, 154, 282, 312]
[117, 155, 283, 313]
[116, 156, 284, 314]
[115, 157, 285, 315]
[114, 158, 286, 316]
[113, 159, 287, 317]
[112, 160, 288, 318]
[111, 161, 289, 319]
[110, 162, 290, 320]
[228]
[125, 229, 260]
[126, 230, 259]
[127, 231, 258]
[128, 232, 257]
[129, 233, 256]
[130, 234, 255]
[131, 235, 254]
[132, 236, 253]
[237]
[238, 387]
[239, 388]
[240]
[241]
[242]
[243, 244]
[243, 244]
[245, 246, 334, 335, 355, 356, 363, 364, 381, 382]
[245, 246, 334, 335, 355, 356, 363, 364, 381, 382]
[247, 248]
[247, 248]
[249, 250]
[249, 250]
[251]
[252]
[132, 236, 253]
[131, 235, 254]
[130, 234, 255]
[129, 233, 256]
[128, 232, 257]
[127, 231, 258]
[126, 230, 259]
[125, 229, 260]
[133, 261, 291]
[134, 262, 292]
[135, 263, 293]
[136, 264, 294]
[137, 265, 295]
[138, 266, 296]
[139, 267, 297]
[140, 268, 298]
[141, 269, 299]
[142, 270, 300]
[143, 271, 301]
[144, 272, 302]
[145, 273, 303]
[146, 274, 304]
[147, 275, 305]
[124, 148, 276, 306]
[123, 149, 277, 307]
[122, 150, 278, 308]
[121, 151, 279, 309]
[120, 152, 280, 310]
[119, 153, 281, 311]
[118, 154, 282, 312]
[117, 155, 283, 313]
[116, 156, 284, 314]
[115, 157, 285, 315]
[114, 158, 286, 316]
[113, 159, 287, 317]
[112, 160, 288, 318]
[111, 161, 289, 319]
[110, 162, 290, 320]
[133, 261, 291]
[134, 262, 292]
[135, 263, 293]
[136, 264, 294]
[137, 265, 295]
[138, 266, 296]
[139, 267, 297]
[140, 268, 298]
[141, 269, 299]
[142, 270, 300]
[143, 271, 301]
[144, 272, 302]
[145, 273, 303]
[146, 274, 304]
[147, 275, 305]
[124, 148, 276, 306]
[123, 149, 277, 307]
[122, 150, 278, 308]
[121, 151, 279, 309]
[120, 152, 280, 310]
[119, 153, 281, 311]
[118, 154, 282, 312]
[117, 155, 283, 313]
[116, 156, 284, 314]
[115, 157, 285, 315]
[114, 158, 286, 316]
[113, 159, 287, 317]
[112, 160, 288, 318]
[111, 161, 289, 319]
[110, 162, 290, 320]
[105, 106, 321, 322]
[105, 106, 321, 322]
[103, 104, 323, 324]
[103, 104, 323, 324]
[102, 325]
[326]
[327]
[328, 329]
[328, 329]
[330, 331]
[330, 331]
[332, 333]
[332, 333]
[334, 335]
[334, 335]
[336, 337]
[336, 337]
[338, 339]
[338, 339]
[340]
[341, 342]
[341, 342]
[343]
[344]
[345, 346]
[345, 346]
[347]
[348, 349]
[348, 349]
[350]
[351, 352]
[351, 352]
[332, 333, 353, 354, 361, 362, 379, 380]
[332, 333, 353, 354, 361, 362, 379, 380]
[363, 364]
[363, 364]
[365, 366]
[365, 366]
[367, 368]
[367, 368]
[361, 362]
[361, 362]
[363, 364]
[363, 364]
[365, 366]
[365, 366]
[367, 368]
[367, 368]
[377, 378]
[377, 378]
[373]
[374, 375]
[374, 375]
[376]
[369]
[370, 371]
[370, 371]
[372]
[332, 333]
[332, 333]
[334, 335]
[334, 335]
[383, 384]
[383, 384]
[338, 339]
[338, 339]
[238, 387]
[388]
[389]
[390]
[251, 391]
[393]
[394, 415]
[395]
[396, 417]
[397]
[398]
[399]
[400]
[401]
[402]
[403]
[404]
[405]
[406]
[407]
[408]
[409]
[410]
[411]
[412]
[413]
[414]
[394, 415]
[416]
[396, 417]
[418, 419]
[418, 419]
[422]
[420]
[420, 421, 422, 423]
[423]
[424, 425]
[424, 425]
[426]
[427, 428]
[427, 428]
[429, 430]
[429, 430]
[431, 432]
[431, 432]
[433]
[109]
[132, 236, 253]
[131, 235, 254]
[130, 234, 255]
[129, 233, 256]
[128, 232, 257]
[127, 231, 258]
[126, 230, 259]
[125, 229, 260]
[133, 261, 291]
[134, 262, 292]
[135, 263, 293]
[136, 264, 294]
[137, 265, 295]
[138, 266, 296]
[139, 267, 297]
[140, 268, 298]
[141, 269, 299]
[142, 270, 300]
[143, 271, 301]
[144, 272, 302]
[145, 273, 303]
[146, 274, 304]
[147, 275, 305]
[124, 148, 276, 306]
[123, 149, 277, 307]
[122, 150, 278, 308]
[121, 151, 279, 309]
[120, 152, 280, 310]
[119, 153, 281, 311]
[118, 154, 282, 312]
[117, 155, 283, 313]
[116, 156, 284, 314]
[115, 157, 285, 315]
[114, 158, 286, 316]
[113, 159, 287, 317]
[112, 160, 288, 318]
[111, 161, 289, 319]
[110, 162, 290, 320]
