0.40740740740740744
0.36585365853658536
0.7916666666666666
0.5
0.5
0.42307692307692313
0.36585365853658536
0.8260869565217391
0.5454545454545454
0.5333333333333333
1.0
1.0
1.0
1.0
1.0
0.6153846153846154
0.6363636363636364
0.8378378378378378
0.85
0.8378378378378378
0.85
0.8181818181818181
0.8333333333333334
0.6071428571428572
0.6666666666666667
0.6956521739130435
0.8947368421052632
0.7297297297297297
1.0
0.696969696969697
1.0
0.6799999999999999
0.8571428571428572
1.0
1.0
0.5714285714285714
0.4
0.5909090909090908
0.4
0.38636363636363635
0.38636363636363635
0.5957446808510638
0.29268292682926833
1.0
1.0
0.9473684210526316
0.9090909090909091
0.5666666666666667
0.5172413793103448
0.8421052631578947
0.5
0.9090909090909091
0.5454545454545454
0.5666666666666667
0.736842105263158
0.5135135135135135
0.5789473684210527
0.4054054054054054
0.36363636363636365
0.631578947368421
1.0
0.5666666666666667
0.5172413793103448
0.8421052631578947
0.31707317073170727
0.9090909090909091
0.5454545454545454
0.5666666666666667
0.736842105263158
0.32558139534883723
0.9298245614035088
0.6
0.6
0.3870967741935484
0.8260869565217391
0.5454545454545454
0.5333333333333333
1.0
1.0
