0.90625
0.903225806451613
0.9024390243902438
0.8928571428571428
0.903225806451613
0.903225806451613
0.9024390243902438
0.896551724137931
0.90625
0.9347826086956521
0.9387755102040816
0.8636363636363635
0.9454545454545455
0.94
0.875
0.8846153846153846
0.8846153846153846
0.875
0.8799999999999999
0.8709677419354838
0.8823529411764706
0.911764705882353
0.9189189189189189
0.911764705882353
0.9189189189189189
0.8709677419354838
0.8823529411764706
0.9090909090909092
0.9268292682926829
0.8666666666666667
0.8461538461538463
0.875
0.8571428571428572
0.8666666666666667
0.8461538461538463
0.8999999999999999
0.8846153846153846
0.8571428571428572
0.875
0.9285714285714286
0.9285714285714286
0.9545454545454546
0.9540229885057472
0.9428571428571428
0.9428571428571428
0.8636363636363635
0.9433962264150944
0.9333333333333333
0.8999999999999999
0.8928571428571428
0.896551724137931
0.90625
0.9090909090909092
0.90625
0.8928571428571428
0.8928571428571428
0.903225806451613
0.90625
0.903225806451613
0.9268292682926829
0.9268292682926829
0.911764705882353
0.9333333333333333
0.911764705882353
0.9333333333333333
0.8928571428571428
0.896551724137931
0.90625
0.9090909090909092
0.90625
0.8928571428571428
0.8928571428571428
0.903225806451613
0.90625
0.903225806451613
0.9433962264150944
0.9428571428571428
0.9428571428571428
0.9433962264150944
0.9433962264150944
0.9189189189189189
0.9024390243902438
0.896551724137931
0.90625
0.90625
0.90625
0.8636363636363635
