0.36
0.33333333333333337
0.7727272727272727
0.4642857142857143
0.4642857142857143
0.375
0.33333333333333337
0.8095238095238095
0.5
0.5
1.0
1.0
1.0
1.0
1.0
0.5833333333333333
0.6129032258064516
0.8285714285714285
0.8421052631578947
0.8285714285714285
0.8421052631578947
0.8064516129032258
0.8235294117647058
0.5769230769230769
0.65
0.6666666666666667
0.8823529411764706
0.7142857142857143
1.0
0.6774193548387097
1.0
0.6521739130434783
0.8421052631578947
1.0
1.0
0.5263157894736843
0.3571428571428571
0.55
0.3571428571428571
0.3571428571428571
0.3571428571428571
0.5777777777777777
0.2564102564102564
1.0
1.0
0.9454545454545454
0.9
0.5357142857142857
0.4814814814814815
0.8235294117647058
0.4642857142857143
0.9
0.5
0.5357142857142857
0.7058823529411764
0.48571428571428577
0.5294117647058824
0.37142857142857144
0.33333333333333337
0.6181818181818182
1.0
0.5357142857142857
0.4814814814814815
0.8235294117647058
0.28205128205128205
0.9
0.5
0.5357142857142857
0.7058823529411764
0.29268292682926833
0.9272727272727272
0.5903614457831325
0.5903614457831325
0.3448275862068966
0.8095238095238095
0.5
0.5
1.0
1.0
