0.8999999999999999
0.9189189189189189
0.925
0.9318181818181819
0.9512195121951219
0.925
0.9318181818181819
0.9512195121951219
0.9230769230769231
0.9230769230769231
0.9142857142857144
0.9189189189189189
0.9189189189189189
0.9142857142857144
0.9166666666666667
0.930232558139535
0.9347826086956521
0.9333333333333333
0.9375
0.9347826086956521
0.9387755102040816
0.9318181818181819
0.9423076923076923
0.9333333333333333
0.9433962264150944
0.9268292682926829
0.930232558139535
0.9189189189189189
0.9230769230769231
0.9268292682926829
0.9285714285714286
0.9189189189189189
0.9210526315789473
0.930232558139535
0.9230769230769231
0.963855421686747
0.9464285714285714
0.9268292682926829
0.9487179487179487
0.9491525423728813
0.9659090909090908
0.9518072289156627
0.9333333333333333
0.9333333333333333
0.9534883720930232
0.9534883720930232
0.9210526315789473
0.9210526315789473
0.9199999999999999
0.9512195121951219
0.9210526315789473
0.9518072289156627
0.9466666666666668
0.9423076923076923
0.9423076923076923
0.9230769230769231
0.9473684210526316
0.9423076923076923
0.9423076923076923
0.9230769230769231
0.903225806451613
0.903225806451613
0.90625
0.90625
0.930232558139535
0.930232558139535
0.930232558139535
0.930232558139535
0.930232558139535
0.930232558139535
0.930232558139535
0.930232558139535
0.930232558139535
0.9285714285714286
0.9285714285714286
0.9285714285714286
0.9285714285714286
0.9285714285714286
0.9285714285714286
0.9189189189189189
0.9347826086956521
0.925
0.925
0.9361702127659575
0.9361702127659575
0.9361702127659575
0.9210526315789473
0.9285714285714286
0.9285714285714286
0.930232558139535
0.930232558139535
0.930232558139535
0.930232558139535
0.930232558139535
0.930232558139535
0.930232558139535
0.930232558139535
0.930232558139535
0.930232558139535
0.930232558139535
0.930232558139535
0.9285714285714286
0.9268292682926829
0.9268292682926829
0.9268292682926829
0.9285714285714286
0.9268292682926829
0.9268292682926829
0.9230769230769231
0.930232558139535
0.95
0.9285714285714286
0.9285714285714286
0.9493670886075949
0.9268292682926829
0.9411764705882353
0.9411764705882353
0.9512195121951219
0.9512195121951219
0.9142857142857144
0.9268292682926829
0.9333333333333333
0.9333333333333333
0.9333333333333333
0.9333333333333333
0.9402985074626866
0.9384615384615385
0.9333333333333333
0.9333333333333333
0.9333333333333333
0.9333333333333333
0.9268292682926829
0.9268292682926829
0.9333333333333333
0.9333333333333333
0.9333333333333333
0.9333333333333333
0.925
0.9318181818181819
0.9318181818181819
0.9318181818181819
0.9318181818181819
0.9318181818181819
0.9375
0.9375
0.9375
0.9375
0.9333333333333333
0.9387755102040816
0.9387755102040816
0.9387755102040816
0.9387755102040816
0.9285714285714286
0.9361702127659575
0.9361702127659575
0.9361702127659575
0.9361702127659575
0.9361702127659575
0.9361702127659575
0.9375
0.9375
0.9375
0.9375
0.9375
0.9375
0.9375
0.9375
0.9375
0.9333333333333333
0.9333333333333333
0.9333333333333333
0.9333333333333333
0.9268292682926829
0.930232558139535
0.95
0.9285714285714286
0.9285714285714286
0.9493670886075949
0.9268292682926829
0.8999999999999999
0.9285714285714286
0.9268292682926829
0.9268292682926829
0.9268292682926829
0.9285714285714286
0.9268292682926829
0.9268292682926829
0.9230769230769231
0.925
0.9142857142857144
0.9230769230769231
0.9393939393939394
0.9393939393939394
0.955223880597015
0.955223880597015
0.9361702127659575
0.9210526315789473
0.9285714285714286
0.9285714285714286
0.930232558139535
0.930232558139535
0.930232558139535
0.930232558139535
0.930232558139535
0.930232558139535
0.930232558139535
0.930232558139535
0.930232558139535
0.930232558139535
0.930232558139535
0.930232558139535
0.9285714285714286
0.9268292682926829
0.9268292682926829
0.9268292682926829
0.9285714285714286
0.9268292682926829
0.9268292682926829
0.9230769230769231
0.9090909090909092
0.9189189189189189
0.9189189189189189
0.9210526315789473
0.9210526315789473
0.9210526315789473
0.9210526315789473
0.9210526315789473
0.9210526315789473
0.9210526315789473
0.9210526315789473
0.9210526315789473
0.9210526315789473
0.9210526315789473
0.9210526315789473
0.930232558139535
0.930232558139535
0.930232558139535
0.930232558139535
0.930232558139535
0.930232558139535
0.930232558139535
0.930232558139535
0.930232558139535
0.930232558139535
0.930232558139535
0.930232558139535
0.9285714285714286
0.9285714285714286
0.9210526315789473
0.9361702127659575
0.9361702127659575
0.9361702127659575
0.9361702127659575
0.930232558139535
0.9189189189189189
0.903225806451613
0.9142857142857144
0.9487179487179487
0.9487179487179487
0.9142857142857144
0.955223880597015
0.955223880597015
0.9610389610389611
0.9610389610389611
0.9347826086956521
0.9411764705882353
0.9411764705882353
0.9347826086956521
0.9347826086956521
0.9423076923076923
0.9423076923076923
0.9361702127659575
0.9464285714285714
0.9464285714285714
0.9411764705882353
0.9411764705882353
0.955223880597015
0.955223880597015
0.9605263157894737
0.9605263157894737
0.9333333333333333
0.9333333333333333
0.9384615384615385
0.9384615384615385
0.9589041095890412
0.9589041095890412
0.9285714285714286
0.9285714285714286
0.9285714285714286
0.9285714285714286
0.9384615384615385
0.9384615384615385
0.9589041095890412
0.9589041095890412
0.9285714285714286
0.9285714285714286
0.9333333333333333
0.9423076923076923
0.9423076923076923
0.9333333333333333
0.9333333333333333
0.9423076923076923
0.9423076923076923
0.9333333333333333
0.9444444444444444
0.9444444444444444
0.9318181818181819
0.9318181818181819
0.9166666666666667
0.9298245614035088
0.955223880597015
0.955223880597015
0.9230769230769231
0.9230769230769231
0.9245283018867925
0.9634146341463414
0.925
0.930232558139535
0.9545454545454546
0.9387755102040816
0.9210526315789473
0.9210526315789473
0.9210526315789473
0.9210526315789473
0.9210526315789473
0.9210526315789473
0.9189189189189189
0.9189189189189189
0.9189189189189189
0.9189189189189189
0.9189189189189189
0.9189189189189189
0.9189189189189189
0.9189189189189189
0.9189189189189189
0.8999999999999999
0.9142857142857144
0.9142857142857144
0.925
0.9189189189189189
0.925
0.9558823529411764
0.9558823529411764
0.9558823529411764
0.9558823529411764
0.9538461538461538
0.9538461538461538
0.9268292682926829
0.9210526315789473
0.9189189189189189
