0.6000000000000001
0.449438202247191
0.44859813084112155
0.7948717948717949
0.7948717948717949
0.9142857142857144
0.9189189189189189
0.9189189189189189
0.9142857142857144
0.9166666666666667
0.8735632183908046
0.881720430107527
0.8131868131868132
0.8431372549019607
0.8478260869565217
0.8571428571428572
0.8409090909090908
0.8653846153846154
0.8444444444444446
0.8679245283018868
0.8780487804878048
0.8837209302325582
0.8648648648648649
0.8717948717948718
0.8780487804878048
0.8809523809523809
0.8378378378378379
0.8421052631578947
0.8837209302325582
0.8461538461538463
0.891566265060241
0.8392857142857142
0.847457627118644
0.7749999999999999
0.7749999999999999
0.847457627118644
0.8392857142857142
0.8433734939759037
0.8
0.8
0.7636363636363637
0.7636363636363637
0.7682926829268293
0.7682926829268293
0.7682926829268293
0.7682926829268293
0.7682926829268293
0.7682926829268293
0.7682926829268293
0.7682926829268293
0.7682926829268293
0.7341772151898733
0.7701149425287357
0.7701149425287357
0.7701149425287357
0.7701149425287357
0.7701149425287357
0.7701149425287357
0.7701149425287357
0.7701149425287357
0.7701149425287357
0.7701149425287357
0.7701149425287357
0.7701149425287357
0.75
0.7301587301587302
0.7894736842105263
0.7766990291262137
0.37037037037037046
0.304635761589404
0.8076923076923077
0.8076923076923077
0.7948717948717949
0.35582822085889565
0.30263157894736836
0.7884615384615385
0.7884615384615385
0.7948717948717949
0.7301587301587302
0.7301587301587302
0.7419354838709677
0.7419354838709677
0.930232558139535
0.930232558139535
0.930232558139535
0.930232558139535
0.930232558139535
0.930232558139535
0.930232558139535
0.930232558139535
0.930232558139535
0.9285714285714286
0.9285714285714286
0.9285714285714286
0.9285714285714286
0.9285714285714286
0.9285714285714286
0.9189189189189189
0.8043478260869565
0.5925925925925926
0.8
0.8
0.930232558139535
0.9361702127659575
0.9361702127659575
0.9361702127659575
0.9361702127659575
0.9361702127659575
0.9361702127659575
0.8297872340425532
0.9210526315789473
0.9285714285714286
0.9285714285714286
0.930232558139535
0.930232558139535
0.930232558139535
0.930232558139535
0.930232558139535
0.930232558139535
0.930232558139535
0.930232558139535
0.930232558139535
0.930232558139535
0.930232558139535
0.930232558139535
0.9285714285714286
0.9268292682926829
0.9268292682926829
0.9268292682926829
0.9285714285714286
0.9268292682926829
0.9268292682926829
0.9230769230769231
0.9090909090909092
0.9189189189189189
0.9189189189189189
0.9210526315789473
0.9210526315789473
0.9210526315789473
0.9210526315789473
0.9210526315789473
0.9210526315789473
0.9210526315789473
0.9210526315789473
0.9210526315789473
0.9210526315789473
0.9210526315789473
0.9210526315789473
0.930232558139535
0.930232558139535
0.930232558139535
0.930232558139535
0.930232558139535
0.930232558139535
0.930232558139535
0.930232558139535
0.930232558139535
0.930232558139535
0.930232558139535
0.930232558139535
0.9285714285714286
0.9285714285714286
0.9210526315789473
0.7328244274809161
0.7328244274809161
0.4761904761904763
0.4761904761904763
0.4761904761904763
0.4761904761904763
0.6176470588235294
0.6176470588235294
0.588235294117647
0.588235294117647
0.6027397260273972
0.588235294117647
0.9268292682926829
0.9333333333333333
0.9333333333333333
0.9333333333333333
0.9333333333333333
0.9402985074626866
0.8461538461538463
0.9333333333333333
0.9333333333333333
0.9333333333333333
0.9333333333333333
0.9268292682926829
0.9268292682926829
0.9333333333333333
0.9333333333333333
0.9333333333333333
0.9333333333333333
0.925
0.9318181818181819
0.9318181818181819
0.9318181818181819
0.9318181818181819
0.9318181818181819
0.9375
0.9375
0.9375
0.9375
0.9333333333333333
0.9387755102040816
0.9387755102040816
0.9387755102040816
0.9387755102040816
0.9285714285714286
0.9361702127659575
0.9361702127659575
0.9361702127659575
0.9361702127659575
0.9361702127659575
0.9361702127659575
0.9375
0.9375
0.9375
0.9375
0.9375
0.9375
0.9375
0.9375
0.9375
0.9333333333333333
0.9333333333333333
0.9333333333333333
0.9333333333333333
0.9268292682926829
0.8999999999999999
0.9285714285714286
0.9268292682926829
0.9268292682926829
0.9268292682926829
0.9285714285714286
0.9268292682926829
0.9268292682926829
0.9230769230769231
0.925
0.8285714285714285
0.9230769230769231
0.735632183908046
0.7749999999999999
0.868421052631579
0.7424242424242424
0.7424242424242424
0.6000000000000001
0.6000000000000001
0.6301369863013699
0.6301369863013699
0.6067415730337078
0.6067415730337078
0.606060606060606
0.8297872340425532
0.9230769230769231
0.9268292682926829
0.9268292682926829
0.9285714285714286
0.9268292682926829
0.9268292682926829
0.9268292682926829
0.9285714285714286
0.9090909090909092
0.9189189189189189
0.9189189189189189
0.9210526315789473
0.9210526315789473
0.9210526315789473
0.9210526315789473
0.9210526315789473
0.9210526315789473
0.9210526315789473
0.9210526315789473
0.9210526315789473
0.9210526315789473
0.9210526315789473
0.9210526315789473
0.930232558139535
0.930232558139535
0.930232558139535
0.930232558139535
0.930232558139535
0.930232558139535
0.930232558139535
0.930232558139535
0.930232558139535
0.930232558139535
0.930232558139535
0.930232558139535
0.9285714285714286
0.9285714285714286
0.9210526315789473
0.9090909090909092
0.9189189189189189
0.9189189189189189
0.9210526315789473
0.9210526315789473
0.9210526315789473
0.9210526315789473
0.9210526315789473
0.9210526315789473
0.9210526315789473
0.9210526315789473
0.9210526315789473
0.9210526315789473
0.9210526315789473
0.9210526315789473
0.930232558139535
0.930232558139535
0.930232558139535
0.930232558139535
0.930232558139535
0.930232558139535
0.930232558139535
0.930232558139535
0.930232558139535
0.930232558139535
0.930232558139535
0.930232558139535
0.9285714285714286
0.9285714285714286
0.9210526315789473
0.9361702127659575
0.9361702127659575
0.9361702127659575
0.9361702127659575
0.930232558139535
0.606060606060606
0.8571428571428572
0.7407407407407407
0.7407407407407407
0.7299270072992701
0.7299270072992701
0.7538461538461538
0.7538461538461538
0.5909090909090908
0.5909090909090908
0.6216216216216217
0.6216216216216217
0.6000000000000001
0.6000000000000001
0.7826086956521738
0.7619047619047619
0.7619047619047619
0.7741935483870968
0.7826086956521738
0.7619047619047619
0.7619047619047619
0.7872340425531914
0.7289719626168225
0.7289719626168225
0.8799999999999999
0.7313432835820894
0.7313432835820894
0.7692307692307692
0.7692307692307692
0.6165413533834587
0.6165413533834587
0.5813953488372092
0.5813953488372092
0.6067415730337078
0.6067415730337078
0.8
0.8
0.6015037593984962
0.6015037593984962
0.5609756097560976
0.5609756097560976
0.6000000000000001
0.6000000000000001
0.8367346938775511
0.8155339805825244
0.8155339805825244
0.7912087912087913
0.8367346938775511
0.7884615384615385
0.7884615384615385
0.7741935483870968
0.6666666666666667
0.6666666666666667
0.7846153846153847
0.7846153846153847
0.6000000000000001
0.6000000000000001
0.588235294117647
0.588235294117647
0.6067415730337078
0.6067415730337078
0.7714285714285714
0.8717948717948718
0.679245283018868
0.8170731707317074
0.5970149253731343
0.8181818181818181
0.9387755102040816
0.4761904761904763
0.4761904761904763
0.4761904761904763
0.4761904761904763
0.9210526315789473
0.9210526315789473
0.9210526315789473
0.9210526315789473
0.9210526315789473
0.9210526315789473
0.9189189189189189
0.9189189189189189
0.9189189189189189
0.9189189189189189
0.9189189189189189
0.9189189189189189
0.9189189189189189
0.9189189189189189
0.9189189189189189
0.8999999999999999
0.4761904761904763
0.4761904761904763
0.4761904761904763
0.4761904761904763
0.6027397260273972
0.6027397260273972
0.588235294117647
0.588235294117647
0.588235294117647
0.6176470588235294
0.7714285714285714
0.7714285714285714
0.7837837837837838
0.911764705882353
0.911764705882353
0.911764705882353
0.911764705882353
0.9076923076923078
0.9076923076923078
0.3495145631067962
