0.9259259259259259
0.8461538461538461
0.875
1.0
0.92
0.8695652173913043
1.0
1.0
1.0
1.0
1.0
0.8333333333333334
1.0
0.85
1.0
1.0
1.0
1.0
1.0
1.0
1.0
1.0
1.0
1.0
1.0
1.0
1.0
1.0
1.0
1.0
1.0
0.6666666666666667
0.6705882352941177
0.6705882352941177
0.6666666666666667
0.6705882352941177
0.6705882352941177
0.37681159420289856
0.36986301369863017
0.3835616438356164
0.36986301369863017
0.3972602739726028
0.41333333333333333
0.42666666666666664
1.0
1.0
0.9393939393939394
0.9393939393939394
1.0
0.9298245614035088
0.925
1.0
0.9090909090909091
1.0
0.92
0.8695652173913043
0.962962962962963
0.8846153846153846
0.6428571428571428
0.6428571428571428
0.515625
0.515625
0.515625
0.515625
0.8695652173913043
0.962962962962963
0.7
0.9090909090909091
1.0
0.7241379310344828
0.9298245614035088
0.6071428571428572
0.6071428571428572
0.9777777777777777
0.9777777777777777
0.9464285714285714
0.9464285714285714
0.967741935483871
0.8636363636363636
1.0
0.6428571428571428
0.515625
0.515625
0.6428571428571428
0.515625
0.515625
0.6428571428571428
0.6428571428571428
0.515625
0.515625
0.515625
0.515625
0.7571428571428571
0.7432432432432432
0.7432432432432432
0.7571428571428571
0.7432432432432432
0.7432432432432432
0.625
0.625
0.36936936936936937
0.6071428571428572
0.6071428571428572
1.0
0.6986301369863014
0.6986301369863014
0.6849315068493151
