0.7333333333333334
0.8888888888888888
0.8909090909090909
0.8461538461538463
0.8461538461538463
0.9142857142857144
0.9189189189189189
0.9189189189189189
0.9142857142857144
0.9166666666666667
0.9318181818181819
0.9361702127659575
0.9347826086956521
0.9444444444444444
0.9347826086956521
0.9387755102040816
0.9318181818181819
0.9423076923076923
0.9333333333333333
0.9433962264150944
0.9268292682926829
0.930232558139535
0.9189189189189189
0.9230769230769231
0.9268292682926829
0.9285714285714286
0.9189189189189189
0.9210526315789473
0.930232558139535
0.9230769230769231
0.891566265060241
0.8571428571428572
0.8644067796610169
0.8
0.8
0.8644067796610169
0.8571428571428572
0.891566265060241
0.7157894736842105
0.7157894736842105
0.8987341772151898
0.8987341772151898
0.8974358974358974
0.8974358974358974
0.8974358974358974
0.8974358974358974
0.8974358974358974
0.8974358974358974
0.8974358974358974
0.8974358974358974
0.8974358974358974
0.8888888888888888
0.8522727272727273
0.8522727272727273
0.8522727272727273
0.8522727272727273
0.8522727272727273
0.8522727272727273
0.8522727272727273
0.8522727272727273
0.8522727272727273
0.8522727272727273
0.8522727272727273
0.8409090909090908
0.6666666666666667
0.7428571428571429
0.6753246753246753
0.6571428571428573
0.8
0.8867924528301887
0.881578947368421
0.8695652173913044
0.8846153846153846
0.8846153846153846
0.8461538461538463
0.8831168831168832
0.8714285714285714
0.8846153846153846
0.8846153846153846
0.8461538461538463
0.8125
0.8125
0.8064516129032258
0.8064516129032258
0.930232558139535
0.930232558139535
0.930232558139535
0.930232558139535
0.930232558139535
0.930232558139535
0.930232558139535
0.930232558139535
0.930232558139535
0.9285714285714286
0.9285714285714286
0.9285714285714286
0.9285714285714286
0.9285714285714286
0.9285714285714286
0.9189189189189189
0.826086956521739
0.8548387096774193
0.8
0.8
0.930232558139535
0.9361702127659575
0.9361702127659575
0.9361702127659575
0.9361702127659575
0.9361702127659575
0.9361702127659575
0.8297872340425532
0.9230769230769231
0.9268292682926829
0.9268292682926829
0.9285714285714286
0.9268292682926829
0.9268292682926829
0.9268292682926829
0.9285714285714286
0.9090909090909092
0.9189189189189189
0.9189189189189189
0.9210526315789473
0.9210526315789473
0.9210526315789473
0.9210526315789473
0.9210526315789473
0.9210526315789473
0.9210526315789473
0.9210526315789473
0.9210526315789473
0.9210526315789473
0.9210526315789473
0.9210526315789473
0.930232558139535
0.930232558139535
0.930232558139535
0.930232558139535
0.930232558139535
0.930232558139535
0.930232558139535
0.930232558139535
0.930232558139535
0.930232558139535
0.930232558139535
0.930232558139535
0.9285714285714286
0.9285714285714286
0.9210526315789473
0.8412698412698412
0.8412698412698412
0.7575757575757576
0.7575757575757576
0.7575757575757576
0.7575757575757576
0.8333333333333333
0.8333333333333333
0.7575757575757576
0.7575757575757576
0.7462686567164178
0.7878787878787878
0.9268292682926829
0.9333333333333333
0.9333333333333333
0.9333333333333333
0.9333333333333333
0.9402985074626866
0.9384615384615385
0.9333333333333333
0.9333333333333333
0.9333333333333333
0.9333333333333333
0.9268292682926829
0.9268292682926829
0.9333333333333333
0.9333333333333333
0.9333333333333333
0.9333333333333333
0.925
0.9318181818181819
0.9318181818181819
0.9318181818181819
0.9318181818181819
0.9318181818181819
0.9375
0.9375
0.9375
0.9375
0.9333333333333333
0.9387755102040816
0.9387755102040816
0.9387755102040816
0.9387755102040816
0.9285714285714286
0.9361702127659575
0.9361702127659575
0.9361702127659575
0.9361702127659575
0.9361702127659575
0.9361702127659575
0.9375
0.9375
0.9375
0.9375
0.9375
0.9375
0.9375
0.9375
0.9375
0.9333333333333333
0.9333333333333333
0.9333333333333333
0.9333333333333333
0.9268292682926829
0.8297872340425532
0.9230769230769231
0.9268292682926829
0.9268292682926829
0.9285714285714286
0.9268292682926829
0.9268292682926829
0.9268292682926829
0.9285714285714286
0.9090909090909092
0.9189189189189189
0.9189189189189189
0.9210526315789473
0.9210526315789473
0.9210526315789473
0.9210526315789473
0.9210526315789473
0.9210526315789473
0.9210526315789473
0.9210526315789473
0.9210526315789473
0.9210526315789473
0.9210526315789473
0.9210526315789473
0.930232558139535
0.930232558139535
0.930232558139535
0.930232558139535
0.930232558139535
0.930232558139535
0.930232558139535
0.930232558139535
0.930232558139535
0.930232558139535
0.930232558139535
0.930232558139535
0.9285714285714286
0.9285714285714286
0.9210526315789473
0.8
0.9285714285714286
0.9268292682926829
0.9268292682926829
0.9268292682926829
0.9285714285714286
0.9268292682926829
0.9268292682926829
0.9230769230769231
0.8999999999999999
0.7714285714285714
0.8717948717948718
0.7857142857142858
0.875
0.8799999999999999
0.717557251908397
0.717557251908397
0.7727272727272727
0.7727272727272727
0.6493506493506493
0.6493506493506493
0.696629213483146
0.696629213483146
0.8064516129032258
0.8297872340425532
0.9230769230769231
0.9268292682926829
0.9268292682926829
0.9285714285714286
0.9268292682926829
0.9268292682926829
0.9268292682926829
0.9285714285714286
0.9090909090909092
0.9189189189189189
0.9189189189189189
0.9210526315789473
0.9210526315789473
0.9210526315789473
0.9210526315789473
0.9210526315789473
0.9210526315789473
0.9210526315789473
0.9210526315789473
0.9210526315789473
0.9210526315789473
0.9210526315789473
0.9210526315789473
0.930232558139535
0.930232558139535
0.930232558139535
0.930232558139535
0.930232558139535
0.930232558139535
0.930232558139535
0.930232558139535
0.930232558139535
0.930232558139535
0.930232558139535
0.930232558139535
0.9285714285714286
0.9285714285714286
0.9210526315789473
0.9090909090909092
0.9189189189189189
0.9189189189189189
0.9210526315789473
0.9210526315789473
0.9210526315789473
0.9210526315789473
0.9210526315789473
0.9210526315789473
0.9210526315789473
0.9210526315789473
0.9210526315789473
0.9210526315789473
0.9210526315789473
0.9210526315789473
0.930232558139535
0.930232558139535
0.930232558139535
0.930232558139535
0.930232558139535
0.930232558139535
0.930232558139535
0.930232558139535
0.930232558139535
0.930232558139535
0.930232558139535
0.930232558139535
0.9285714285714286
0.9285714285714286
0.9210526315789473
0.9361702127659575
0.9361702127659575
0.9361702127659575
0.9361702127659575
0.930232558139535
0.8064516129032258
0.90625
0.9558823529411764
0.9558823529411764
0.9027777777777777
0.9027777777777777
0.9384615384615385
0.9384615384615385
0.955223880597015
0.955223880597015
0.9230769230769231
0.9230769230769231
0.9333333333333333
0.9333333333333333
0.9361702127659575
0.9433962264150944
0.9433962264150944
0.9361702127659575
0.9361702127659575
0.9433962264150944
0.9433962264150944
0.9361702127659575
0.9433962264150944
0.9433962264150944
0.9189189189189189
0.8405797101449275
0.8405797101449275
0.711111111111111
0.711111111111111
0.7878787878787878
0.7878787878787878
0.6595744680851063
0.6595744680851063
0.6666666666666667
0.6666666666666667
0.7846153846153847
0.7846153846153847
0.8059701492537314
0.8059701492537314
0.7021276595744681
0.7021276595744681
0.711111111111111
0.711111111111111
0.8771929824561404
0.8771929824561404
0.7826086956521738
0.8155339805825244
0.8155339805825244
0.826086956521739
0.7835051546391754
0.7766990291262137
0.7766990291262137
0.8043478260869565
0.7692307692307692
0.7692307692307692
0.7878787878787878
0.7878787878787878
0.6521739130434783
0.6521739130434783
0.7191011235955056
0.7191011235955056
0.7887323943661972
0.7567567567567568
0.9038461538461537
0.9316770186335404
0.7619047619047619
0.9387755102040816
0.7575757575757576
0.7575757575757576
0.7575757575757576
0.7575757575757576
0.9210526315789473
0.9210526315789473
0.9210526315789473
0.9210526315789473
0.9210526315789473
0.9210526315789473
0.9189189189189189
0.9189189189189189
0.9189189189189189
0.9189189189189189
0.9189189189189189
0.9189189189189189
0.9189189189189189
0.9189189189189189
0.9189189189189189
0.8999999999999999
0.7575757575757576
0.7575757575757576
0.7575757575757576
0.7575757575757576
0.8333333333333333
0.8333333333333333
0.7575757575757576
0.7575757575757576
0.7462686567164178
0.7575757575757576
0.7714285714285714
0.7714285714285714
0.7837837837837838
0.911764705882353
0.911764705882353
0.911764705882353
0.911764705882353
0.9076923076923078
0.9076923076923078
0.8571428571428572
0.8297872340425532
0.9230769230769231
0.9268292682926829
0.9268292682926829
0.9285714285714286
0.9268292682926829
0.9268292682926829
0.9268292682926829
0.9285714285714286
0.9090909090909092
0.9189189189189189
0.9189189189189189
0.9210526315789473
0.9210526315789473
0.9210526315789473
0.9210526315789473
0.9210526315789473
0.9210526315789473
0.9210526315789473
0.9210526315789473
0.9210526315789473
0.9210526315789473
0.9210526315789473
0.9210526315789473
0.930232558139535
0.930232558139535
0.930232558139535
0.930232558139535
0.930232558139535
0.930232558139535
0.930232558139535
0.930232558139535
0.930232558139535
0.930232558139535
0.930232558139535
0.930232558139535
0.9285714285714286
0.9285714285714286
0.9210526315789473
