1.0
0.84
0.5384615384615384
0.8181818181818181
0.7333333333333334
0.5384615384615384
0.5128205128205128
0.8260869565217391
0.6896551724137931
0.5
0.5581395348837209
1.0
0.28
0.5227272727272727
1.0
1.0
1.0
1.0
1.0
0.7272727272727273
0.75
1.0
1.0
1.0
1.0
1.0
1.0
0.9285714285714286
0.9444444444444444
0.7
0.6538461538461539
1.0
1.0
1.0
1.0
0.92
0.9047619047619048
1.0
1.0
0.5277777777777778
0.5277777777777778
0.2680412371134021
0.27368421052631575
0.33333333333333337
0.33333333333333337
1.0
0.9473684210526316
0.32499999999999996
0.6774193548387097
0.9545454545454546
0.782608695652174
0.7241379310344828
0.9259259259259259
0.5
0.9545454545454546
0.7727272727272727
0.7333333333333334
0.9615384615384616
0.8
0.6857142857142857
0.6857142857142857
0.4883720930232558
0.6829268292682926
0.5116279069767442
0.6829268292682926
0.9545454545454546
0.782608695652174
0.7241379310344828
0.9259259259259259
0.5
0.9545454545454546
0.7727272727272727
0.7333333333333334
0.9615384615384616
0.8
0.9649122807017544
0.8444444444444444
0.8444444444444444
0.2705882352941177
0.2705882352941177
0.967741935483871
0.4871794871794872
0.782608695652174
0.6896551724137931
0.7241379310344828
0.9473684210526316
1.0
