[]
[0, 1]
[80]
[82]
[6, 11, 55, 58, 61, 64, 67]
[80]
[82]
[6, 11, 55, 58, 61, 64, 67]
[12, 28]
[13, 36]
[14, 30]
[15, 32]
[16, 34]
[17, 18]
[17, 18]
[19, 20]
[19, 20]
[21, 22]
[21, 22]
[23, 24]
[24]
[25, 26]
[26]
[12, 28]
[14, 30]
[12, 28]
[14, 30]
[15, 32]
[16, 34]
[15, 32]
[16, 34]
[13, 36]
[13, 36]
[47, 49]
[46, 48]
[73]
[73]
[]
[73]
[73]
[73]
[73]
[]
[]
[89]
[89]
[46, 48]
[47, 49]
[46, 48]
[46]
[47, 49]
[47]
[48]
[46, 48, 61]
[46, 48, 61]
[46, 48]
[49]
[47, 49, 61]
[47, 49, 61]
[47, 49]
[17, 18, 19, 20, 21, 22, 23, 24, 25, 26, 71, 72, 74]
[17, 18, 19, 20, 21, 22, 23, 24, 25, 26, 71, 72, 74]
[17, 18, 19, 20, 21, 22, 23, 24, 25, 26, 71, 72, 74]
[17, 18, 19, 20, 21, 22, 23, 24, 25, 26, 71, 72, 74]
[]
[]
[]
[]
[]
[]
[]
[]
[]
[]
[]
[]
[]
[]
[]
[]
[50]
[]
[]
[]
[]
[86, 87]
[]
[]
[]
[]
[]
[]
[]
[]
[]
[]
[]
[]
[]
[]
[]
[]
[]
[]
[]
[]
[]
[]
[]
[82]
[6, 11, 55, 58, 61, 64, 67]
[80]
[82]
[6, 11, 55, 58, 61, 64, 67]
[80]
[71, 74]
[71, 74]
[61]
[2, 79]
[]
[]
[]
[]
[]
[]
[]
[]
[]
[]
[]
[]
[]
[]
[]
[]
[]
[]
[]
[]
[]
[]
[]
[]
[]
[]
[]
[]
[]
[]
[]
[]
[]
[]
[]
[]
[]
[]
[]
[]
[]
[]
[]
[]
[]
[]
[]
[]
[]
[]
[]
[]
[]
[]
[82]
[6, 11, 55, 58, 61, 64, 67]
[80]
[82]
[6, 11, 55, 58, 61, 64, 67]
[80]
[]
[]
[]
[]
[]
[]
[]
[]
[]
[]
[]
[]
[]
[]
[]
[]
[]
[]
[]
[]
[86, 87]
[]
[]
[]
[]
[]
[]
[]
[]
[]
[]
[]
[]
[]
[]
[]
[]
[]
[]
[]
[]
[]
[]
[]
[]
[]
[]
[]
[]
[]
[]
[]
[]
[]
[]
[]
[]
[]
[]
[]
[]
[]
[]
[]
[]
[]
[]
[]
[]
[]
[]
[]
[]
[]
[71, 74]
[71, 72, 74]
[75, 76]
[77, 78]
[77, 78]
[]
[]
[]
[]
[]
[]
[]
[]
[]
[]
[]
[]
[]
[]
[]
[]
[80]
[82]
[2, 79]
[84]
[]
[]
[]
[]
[]
[]
[]
[]
[]
[]
[]
[]
[]
[]
[]
[]
[]
[]
[]
[]
[]
[]
[]
[]
[]
[]
[]
[]
[]
[]
[]
[]
[]
[]
[]
[]
[]
[73]
[]
[]
[61]
[]
[]
[]
[]
[]
[]
[]
[]
[]
[]
[]
[]
[]
[]
[]
[61]
[61]
[2, 79]
[]
[]
[]
[]
[]
[]
[]
[77, 78]
[77, 78]
[]
[]
[]
